,x,y,z,scalar,1,1,1,0.5
157,	0.000005,	0.000005,	0.000005,	0.007998
158,	0.000005,	0.000005,	0.000015,	0.007998
159,	0.000005,	0.000005,	0.000025,	0.007999
160,	0.000005,	0.000005,	0.000035,	0.007999
161,	0.000005,	0.000005,	0.000045,	0.007999
162,	0.000005,	0.000005,	0.000055,	0.008000
163,	0.000005,	0.000005,	0.000065,	0.008000
164,	0.000005,	0.000005,	0.000075,	0.008000
165,	0.000005,	0.000005,	0.000085,	0.008000
166,	0.000005,	0.000005,	0.000095,	0.008000
169,	0.000005,	0.000015,	0.000005,	0.007998
170,	0.000005,	0.000015,	0.000015,	0.007998
171,	0.000005,	0.000015,	0.000025,	0.007998
172,	0.000005,	0.000015,	0.000035,	0.007999
173,	0.000005,	0.000015,	0.000045,	0.007999
174,	0.000005,	0.000015,	0.000055,	0.007999
175,	0.000005,	0.000015,	0.000065,	0.008000
176,	0.000005,	0.000015,	0.000075,	0.008000
177,	0.000005,	0.000015,	0.000085,	0.008000
178,	0.000005,	0.000015,	0.000095,	0.008000
181,	0.000005,	0.000025,	0.000005,	0.007997
182,	0.000005,	0.000025,	0.000015,	0.007998
183,	0.000005,	0.000025,	0.000025,	0.007998
184,	0.000005,	0.000025,	0.000035,	0.007999
185,	0.000005,	0.000025,	0.000045,	0.007999
186,	0.000005,	0.000025,	0.000055,	0.007999
187,	0.000005,	0.000025,	0.000065,	0.008000
188,	0.000005,	0.000025,	0.000075,	0.008000
189,	0.000005,	0.000025,	0.000085,	0.008000
190,	0.000005,	0.000025,	0.000095,	0.008000
193,	0.000005,	0.000035,	0.000005,	0.007997
194,	0.000005,	0.000035,	0.000015,	0.007997
195,	0.000005,	0.000035,	0.000025,	0.007998
196,	0.000005,	0.000035,	0.000035,	0.007998
197,	0.000005,	0.000035,	0.000045,	0.007999
198,	0.000005,	0.000035,	0.000055,	0.007999
199,	0.000005,	0.000035,	0.000065,	0.008000
200,	0.000005,	0.000035,	0.000075,	0.008000
201,	0.000005,	0.000035,	0.000085,	0.008000
202,	0.000005,	0.000035,	0.000095,	0.008000
205,	0.000005,	0.000045,	0.000005,	0.007996
206,	0.000005,	0.000045,	0.000015,	0.007997
207,	0.000005,	0.000045,	0.000025,	0.007998
208,	0.000005,	0.000045,	0.000035,	0.007998
209,	0.000005,	0.000045,	0.000045,	0.007999
210,	0.000005,	0.000045,	0.000055,	0.007999
211,	0.000005,	0.000045,	0.000065,	0.008000
212,	0.000005,	0.000045,	0.000075,	0.008000
213,	0.000005,	0.000045,	0.000085,	0.008000
214,	0.000005,	0.000045,	0.000095,	0.008000
217,	0.000005,	0.000055,	0.000005,	0.007996
218,	0.000005,	0.000055,	0.000015,	0.007997
219,	0.000005,	0.000055,	0.000025,	0.007997
220,	0.000005,	0.000055,	0.000035,	0.007998
221,	0.000005,	0.000055,	0.000045,	0.007999
222,	0.000005,	0.000055,	0.000055,	0.007999
223,	0.000005,	0.000055,	0.000065,	0.008000
224,	0.000005,	0.000055,	0.000075,	0.008000
225,	0.000005,	0.000055,	0.000085,	0.008000
226,	0.000005,	0.000055,	0.000095,	0.008000
229,	0.000005,	0.000065,	0.000005,	0.007997
230,	0.000005,	0.000065,	0.000015,	0.007997
231,	0.000005,	0.000065,	0.000025,	0.007998
232,	0.000005,	0.000065,	0.000035,	0.007998
233,	0.000005,	0.000065,	0.000045,	0.007999
234,	0.000005,	0.000065,	0.000055,	0.007999
235,	0.000005,	0.000065,	0.000065,	0.008000
236,	0.000005,	0.000065,	0.000075,	0.008000
237,	0.000005,	0.000065,	0.000085,	0.008000
238,	0.000005,	0.000065,	0.000095,	0.008000
241,	0.000005,	0.000075,	0.000005,	0.007997
242,	0.000005,	0.000075,	0.000015,	0.007998
243,	0.000005,	0.000075,	0.000025,	0.007998
244,	0.000005,	0.000075,	0.000035,	0.007999
245,	0.000005,	0.000075,	0.000045,	0.007999
246,	0.000005,	0.000075,	0.000055,	0.007999
247,	0.000005,	0.000075,	0.000065,	0.008000
248,	0.000005,	0.000075,	0.000075,	0.008000
249,	0.000005,	0.000075,	0.000085,	0.008000
250,	0.000005,	0.000075,	0.000095,	0.008000
253,	0.000005,	0.000085,	0.000005,	0.007998
254,	0.000005,	0.000085,	0.000015,	0.007998
255,	0.000005,	0.000085,	0.000025,	0.007998
256,	0.000005,	0.000085,	0.000035,	0.007999
257,	0.000005,	0.000085,	0.000045,	0.007999
258,	0.000005,	0.000085,	0.000055,	0.007999
259,	0.000005,	0.000085,	0.000065,	0.008000
260,	0.000005,	0.000085,	0.000075,	0.008000
261,	0.000005,	0.000085,	0.000085,	0.008000
262,	0.000005,	0.000085,	0.000095,	0.008000
265,	0.000005,	0.000095,	0.000005,	0.007998
266,	0.000005,	0.000095,	0.000015,	0.007998
267,	0.000005,	0.000095,	0.000025,	0.007999
268,	0.000005,	0.000095,	0.000035,	0.007999
269,	0.000005,	0.000095,	0.000045,	0.007999
270,	0.000005,	0.000095,	0.000055,	0.008000
271,	0.000005,	0.000095,	0.000065,	0.008000
272,	0.000005,	0.000095,	0.000075,	0.008000
273,	0.000005,	0.000095,	0.000085,	0.008000
274,	0.000005,	0.000095,	0.000095,	0.008000
301,	0.000015,	0.000005,	0.000005,	0.007998
302,	0.000015,	0.000005,	0.000015,	0.007998
303,	0.000015,	0.000005,	0.000025,	0.007998
304,	0.000015,	0.000005,	0.000035,	0.007999
305,	0.000015,	0.000005,	0.000045,	0.007999
306,	0.000015,	0.000005,	0.000055,	0.007999
307,	0.000015,	0.000005,	0.000065,	0.008000
308,	0.000015,	0.000005,	0.000075,	0.008000
309,	0.000015,	0.000005,	0.000085,	0.008000
310,	0.000015,	0.000005,	0.000095,	0.008000
313,	0.000015,	0.000015,	0.000005,	0.007998
314,	0.000015,	0.000015,	0.000015,	0.007998
315,	0.000015,	0.000015,	0.000025,	0.007998
316,	0.000015,	0.000015,	0.000035,	0.007999
317,	0.000015,	0.000015,	0.000045,	0.007999
318,	0.000015,	0.000015,	0.000055,	0.007999
319,	0.000015,	0.000015,	0.000065,	0.008000
320,	0.000015,	0.000015,	0.000075,	0.008000
321,	0.000015,	0.000015,	0.000085,	0.008000
322,	0.000015,	0.000015,	0.000095,	0.008000
325,	0.000015,	0.000025,	0.000005,	0.007997
326,	0.000015,	0.000025,	0.000015,	0.007997
327,	0.000015,	0.000025,	0.000025,	0.007998
328,	0.000015,	0.000025,	0.000035,	0.007998
329,	0.000015,	0.000025,	0.000045,	0.007999
330,	0.000015,	0.000025,	0.000055,	0.007999
331,	0.000015,	0.000025,	0.000065,	0.008000
332,	0.000015,	0.000025,	0.000075,	0.008000
333,	0.000015,	0.000025,	0.000085,	0.008000
334,	0.000015,	0.000025,	0.000095,	0.008000
337,	0.000015,	0.000035,	0.000005,	0.007996
338,	0.000015,	0.000035,	0.000015,	0.007996
339,	0.000015,	0.000035,	0.000025,	0.007997
340,	0.000015,	0.000035,	0.000035,	0.007998
341,	0.000015,	0.000035,	0.000045,	0.007999
342,	0.000015,	0.000035,	0.000055,	0.007999
343,	0.000015,	0.000035,	0.000065,	0.008000
344,	0.000015,	0.000035,	0.000075,	0.008000
345,	0.000015,	0.000035,	0.000085,	0.008000
346,	0.000015,	0.000035,	0.000095,	0.008000
349,	0.000015,	0.000045,	0.000005,	0.007995
350,	0.000015,	0.000045,	0.000015,	0.007996
351,	0.000015,	0.000045,	0.000025,	0.007997
352,	0.000015,	0.000045,	0.000035,	0.007998
353,	0.000015,	0.000045,	0.000045,	0.007999
354,	0.000015,	0.000045,	0.000055,	0.007999
355,	0.000015,	0.000045,	0.000065,	0.008000
356,	0.000015,	0.000045,	0.000075,	0.008000
357,	0.000015,	0.000045,	0.000085,	0.008000
358,	0.000015,	0.000045,	0.000095,	0.008000
361,	0.000015,	0.000055,	0.000005,	0.007995
362,	0.000015,	0.000055,	0.000015,	0.007995
363,	0.000015,	0.000055,	0.000025,	0.007997
364,	0.000015,	0.000055,	0.000035,	0.007998
365,	0.000015,	0.000055,	0.000045,	0.007999
366,	0.000015,	0.000055,	0.000055,	0.007999
367,	0.000015,	0.000055,	0.000065,	0.008000
368,	0.000015,	0.000055,	0.000075,	0.008000
369,	0.000015,	0.000055,	0.000085,	0.008000
370,	0.000015,	0.000055,	0.000095,	0.008000
373,	0.000015,	0.000065,	0.000005,	0.007995
374,	0.000015,	0.000065,	0.000015,	0.007996
375,	0.000015,	0.000065,	0.000025,	0.007997
376,	0.000015,	0.000065,	0.000035,	0.007998
377,	0.000015,	0.000065,	0.000045,	0.007999
378,	0.000015,	0.000065,	0.000055,	0.007999
379,	0.000015,	0.000065,	0.000065,	0.008000
380,	0.000015,	0.000065,	0.000075,	0.008000
381,	0.000015,	0.000065,	0.000085,	0.008000
382,	0.000015,	0.000065,	0.000095,	0.008000
385,	0.000015,	0.000075,	0.000005,	0.007996
386,	0.000015,	0.000075,	0.000015,	0.007997
387,	0.000015,	0.000075,	0.000025,	0.007998
388,	0.000015,	0.000075,	0.000035,	0.007998
389,	0.000015,	0.000075,	0.000045,	0.007999
390,	0.000015,	0.000075,	0.000055,	0.007999
391,	0.000015,	0.000075,	0.000065,	0.008000
392,	0.000015,	0.000075,	0.000075,	0.008000
393,	0.000015,	0.000075,	0.000085,	0.008000
394,	0.000015,	0.000075,	0.000095,	0.008000
397,	0.000015,	0.000085,	0.000005,	0.007997
398,	0.000015,	0.000085,	0.000015,	0.007998
399,	0.000015,	0.000085,	0.000025,	0.007998
400,	0.000015,	0.000085,	0.000035,	0.007999
401,	0.000015,	0.000085,	0.000045,	0.007999
402,	0.000015,	0.000085,	0.000055,	0.007999
403,	0.000015,	0.000085,	0.000065,	0.008000
404,	0.000015,	0.000085,	0.000075,	0.008000
405,	0.000015,	0.000085,	0.000085,	0.008000
406,	0.000015,	0.000085,	0.000095,	0.008000
409,	0.000015,	0.000095,	0.000005,	0.007998
410,	0.000015,	0.000095,	0.000015,	0.007998
411,	0.000015,	0.000095,	0.000025,	0.007998
412,	0.000015,	0.000095,	0.000035,	0.007999
413,	0.000015,	0.000095,	0.000045,	0.007999
414,	0.000015,	0.000095,	0.000055,	0.007999
415,	0.000015,	0.000095,	0.000065,	0.008000
416,	0.000015,	0.000095,	0.000075,	0.008000
417,	0.000015,	0.000095,	0.000085,	0.008000
418,	0.000015,	0.000095,	0.000095,	0.008000
445,	0.000025,	0.000005,	0.000005,	0.007997
446,	0.000025,	0.000005,	0.000015,	0.007998
447,	0.000025,	0.000005,	0.000025,	0.007998
448,	0.000025,	0.000005,	0.000035,	0.007999
449,	0.000025,	0.000005,	0.000045,	0.007999
450,	0.000025,	0.000005,	0.000055,	0.007999
451,	0.000025,	0.000005,	0.000065,	0.008000
452,	0.000025,	0.000005,	0.000075,	0.008000
453,	0.000025,	0.000005,	0.000085,	0.008000
454,	0.000025,	0.000005,	0.000095,	0.008000
457,	0.000025,	0.000015,	0.000005,	0.007997
458,	0.000025,	0.000015,	0.000015,	0.007997
459,	0.000025,	0.000015,	0.000025,	0.007998
460,	0.000025,	0.000015,	0.000035,	0.007998
461,	0.000025,	0.000015,	0.000045,	0.007999
462,	0.000025,	0.000015,	0.000055,	0.007999
463,	0.000025,	0.000015,	0.000065,	0.008000
464,	0.000025,	0.000015,	0.000075,	0.008000
465,	0.000025,	0.000015,	0.000085,	0.008000
466,	0.000025,	0.000015,	0.000095,	0.008000
469,	0.000025,	0.000025,	0.000005,	0.007995
470,	0.000025,	0.000025,	0.000015,	0.007996
471,	0.000025,	0.000025,	0.000025,	0.007997
472,	0.000025,	0.000025,	0.000035,	0.007998
473,	0.000025,	0.000025,	0.000045,	0.007999
474,	0.000025,	0.000025,	0.000055,	0.007999
475,	0.000025,	0.000025,	0.000065,	0.008000
476,	0.000025,	0.000025,	0.000075,	0.008000
477,	0.000025,	0.000025,	0.000085,	0.008000
478,	0.000025,	0.000025,	0.000095,	0.008000
481,	0.000025,	0.000035,	0.000005,	0.007993
482,	0.000025,	0.000035,	0.000015,	0.007994
483,	0.000025,	0.000035,	0.000025,	0.007996
484,	0.000025,	0.000035,	0.000035,	0.007998
485,	0.000025,	0.000035,	0.000045,	0.007998
486,	0.000025,	0.000035,	0.000055,	0.007999
487,	0.000025,	0.000035,	0.000065,	0.007999
488,	0.000025,	0.000035,	0.000075,	0.008000
489,	0.000025,	0.000035,	0.000085,	0.008000
490,	0.000025,	0.000035,	0.000095,	0.008000
493,	0.000025,	0.000045,	0.000005,	0.007991
494,	0.000025,	0.000045,	0.000015,	0.007993
495,	0.000025,	0.000045,	0.000025,	0.007995
496,	0.000025,	0.000045,	0.000035,	0.007997
497,	0.000025,	0.000045,	0.000045,	0.007998
498,	0.000025,	0.000045,	0.000055,	0.007999
499,	0.000025,	0.000045,	0.000065,	0.007999
500,	0.000025,	0.000045,	0.000075,	0.008000
501,	0.000025,	0.000045,	0.000085,	0.008000
502,	0.000025,	0.000045,	0.000095,	0.008000
505,	0.000025,	0.000055,	0.000005,	0.007990
506,	0.000025,	0.000055,	0.000015,	0.007993
507,	0.000025,	0.000055,	0.000025,	0.007995
508,	0.000025,	0.000055,	0.000035,	0.007997
509,	0.000025,	0.000055,	0.000045,	0.007998
510,	0.000025,	0.000055,	0.000055,	0.007999
511,	0.000025,	0.000055,	0.000065,	0.007999
512,	0.000025,	0.000055,	0.000075,	0.008000
513,	0.000025,	0.000055,	0.000085,	0.008000
514,	0.000025,	0.000055,	0.000095,	0.008000
517,	0.000025,	0.000065,	0.000005,	0.007992
518,	0.000025,	0.000065,	0.000015,	0.007994
519,	0.000025,	0.000065,	0.000025,	0.007996
520,	0.000025,	0.000065,	0.000035,	0.007997
521,	0.000025,	0.000065,	0.000045,	0.007998
522,	0.000025,	0.000065,	0.000055,	0.007999
523,	0.000025,	0.000065,	0.000065,	0.007999
524,	0.000025,	0.000065,	0.000075,	0.008000
525,	0.000025,	0.000065,	0.000085,	0.008000
526,	0.000025,	0.000065,	0.000095,	0.008000
529,	0.000025,	0.000075,	0.000005,	0.007995
530,	0.000025,	0.000075,	0.000015,	0.007996
531,	0.000025,	0.000075,	0.000025,	0.007997
532,	0.000025,	0.000075,	0.000035,	0.007998
533,	0.000025,	0.000075,	0.000045,	0.007999
534,	0.000025,	0.000075,	0.000055,	0.007999
535,	0.000025,	0.000075,	0.000065,	0.008000
536,	0.000025,	0.000075,	0.000075,	0.008000
537,	0.000025,	0.000075,	0.000085,	0.008000
538,	0.000025,	0.000075,	0.000095,	0.008000
541,	0.000025,	0.000085,	0.000005,	0.007996
542,	0.000025,	0.000085,	0.000015,	0.007997
543,	0.000025,	0.000085,	0.000025,	0.007998
544,	0.000025,	0.000085,	0.000035,	0.007998
545,	0.000025,	0.000085,	0.000045,	0.007999
546,	0.000025,	0.000085,	0.000055,	0.007999
547,	0.000025,	0.000085,	0.000065,	0.008000
548,	0.000025,	0.000085,	0.000075,	0.008000
549,	0.000025,	0.000085,	0.000085,	0.008000
550,	0.000025,	0.000085,	0.000095,	0.008000
553,	0.000025,	0.000095,	0.000005,	0.007997
554,	0.000025,	0.000095,	0.000015,	0.007998
555,	0.000025,	0.000095,	0.000025,	0.007998
556,	0.000025,	0.000095,	0.000035,	0.007999
557,	0.000025,	0.000095,	0.000045,	0.007999
558,	0.000025,	0.000095,	0.000055,	0.007999
559,	0.000025,	0.000095,	0.000065,	0.008000
560,	0.000025,	0.000095,	0.000075,	0.008000
561,	0.000025,	0.000095,	0.000085,	0.008000
562,	0.000025,	0.000095,	0.000095,	0.008000
589,	0.000035,	0.000005,	0.000005,	0.007997
590,	0.000035,	0.000005,	0.000015,	0.007997
591,	0.000035,	0.000005,	0.000025,	0.007998
592,	0.000035,	0.000005,	0.000035,	0.007998
593,	0.000035,	0.000005,	0.000045,	0.007999
594,	0.000035,	0.000005,	0.000055,	0.007999
595,	0.000035,	0.000005,	0.000065,	0.008000
596,	0.000035,	0.000005,	0.000075,	0.008000
597,	0.000035,	0.000005,	0.000085,	0.008000
598,	0.000035,	0.000005,	0.000095,	0.008000
601,	0.000035,	0.000015,	0.000005,	0.007996
602,	0.000035,	0.000015,	0.000015,	0.007996
603,	0.000035,	0.000015,	0.000025,	0.007997
604,	0.000035,	0.000015,	0.000035,	0.007998
605,	0.000035,	0.000015,	0.000045,	0.007999
606,	0.000035,	0.000015,	0.000055,	0.007999
607,	0.000035,	0.000015,	0.000065,	0.008000
608,	0.000035,	0.000015,	0.000075,	0.008000
609,	0.000035,	0.000015,	0.000085,	0.008000
610,	0.000035,	0.000015,	0.000095,	0.008000
613,	0.000035,	0.000025,	0.000005,	0.007993
614,	0.000035,	0.000025,	0.000015,	0.007995
615,	0.000035,	0.000025,	0.000025,	0.007996
616,	0.000035,	0.000025,	0.000035,	0.007998
617,	0.000035,	0.000025,	0.000045,	0.007998
618,	0.000035,	0.000025,	0.000055,	0.007999
619,	0.000035,	0.000025,	0.000065,	0.007999
620,	0.000035,	0.000025,	0.000075,	0.008000
621,	0.000035,	0.000025,	0.000085,	0.008000
622,	0.000035,	0.000025,	0.000095,	0.008000
625,	0.000035,	0.000035,	0.000005,	0.007988
626,	0.000035,	0.000035,	0.000015,	0.007991
627,	0.000035,	0.000035,	0.000025,	0.007995
628,	0.000035,	0.000035,	0.000035,	0.007997
629,	0.000035,	0.000035,	0.000045,	0.007998
630,	0.000035,	0.000035,	0.000055,	0.007999
631,	0.000035,	0.000035,	0.000065,	0.007999
632,	0.000035,	0.000035,	0.000075,	0.008000
633,	0.000035,	0.000035,	0.000085,	0.008000
634,	0.000035,	0.000035,	0.000095,	0.008000
637,	0.000035,	0.000045,	0.000005,	0.007979
638,	0.000035,	0.000045,	0.000015,	0.007988
639,	0.000035,	0.000045,	0.000025,	0.007993
640,	0.000035,	0.000045,	0.000035,	0.007996
641,	0.000035,	0.000045,	0.000045,	0.007998
642,	0.000035,	0.000045,	0.000055,	0.007999
643,	0.000035,	0.000045,	0.000065,	0.007999
644,	0.000035,	0.000045,	0.000075,	0.008000
645,	0.000035,	0.000045,	0.000085,	0.008000
646,	0.000035,	0.000045,	0.000095,	0.008000
649,	0.000035,	0.000055,	0.000005,	0.007975
650,	0.000035,	0.000055,	0.000015,	0.007987
651,	0.000035,	0.000055,	0.000025,	0.007993
652,	0.000035,	0.000055,	0.000035,	0.007996
653,	0.000035,	0.000055,	0.000045,	0.007998
654,	0.000035,	0.000055,	0.000055,	0.007999
655,	0.000035,	0.000055,	0.000065,	0.007999
656,	0.000035,	0.000055,	0.000075,	0.008000
657,	0.000035,	0.000055,	0.000085,	0.008000
658,	0.000035,	0.000055,	0.000095,	0.008000
661,	0.000035,	0.000065,	0.000005,	0.007986
662,	0.000035,	0.000065,	0.000015,	0.007990
663,	0.000035,	0.000065,	0.000025,	0.007994
664,	0.000035,	0.000065,	0.000035,	0.007997
665,	0.000035,	0.000065,	0.000045,	0.007998
666,	0.000035,	0.000065,	0.000055,	0.007999
667,	0.000035,	0.000065,	0.000065,	0.007999
668,	0.000035,	0.000065,	0.000075,	0.008000
669,	0.000035,	0.000065,	0.000085,	0.008000
670,	0.000035,	0.000065,	0.000095,	0.008000
673,	0.000035,	0.000075,	0.000005,	0.007992
674,	0.000035,	0.000075,	0.000015,	0.007994
675,	0.000035,	0.000075,	0.000025,	0.007996
676,	0.000035,	0.000075,	0.000035,	0.007997
677,	0.000035,	0.000075,	0.000045,	0.007998
678,	0.000035,	0.000075,	0.000055,	0.007999
679,	0.000035,	0.000075,	0.000065,	0.007999
680,	0.000035,	0.000075,	0.000075,	0.008000
681,	0.000035,	0.000075,	0.000085,	0.008000
682,	0.000035,	0.000075,	0.000095,	0.008000
685,	0.000035,	0.000085,	0.000005,	0.007995
686,	0.000035,	0.000085,	0.000015,	0.007996
687,	0.000035,	0.000085,	0.000025,	0.007997
688,	0.000035,	0.000085,	0.000035,	0.007998
689,	0.000035,	0.000085,	0.000045,	0.007999
690,	0.000035,	0.000085,	0.000055,	0.007999
691,	0.000035,	0.000085,	0.000065,	0.008000
692,	0.000035,	0.000085,	0.000075,	0.008000
693,	0.000035,	0.000085,	0.000085,	0.008000
694,	0.000035,	0.000085,	0.000095,	0.008000
697,	0.000035,	0.000095,	0.000005,	0.007997
698,	0.000035,	0.000095,	0.000015,	0.007997
699,	0.000035,	0.000095,	0.000025,	0.007998
700,	0.000035,	0.000095,	0.000035,	0.007998
701,	0.000035,	0.000095,	0.000045,	0.007999
702,	0.000035,	0.000095,	0.000055,	0.007999
703,	0.000035,	0.000095,	0.000065,	0.008000
704,	0.000035,	0.000095,	0.000075,	0.008000
705,	0.000035,	0.000095,	0.000085,	0.008000
706,	0.000035,	0.000095,	0.000095,	0.008000
733,	0.000045,	0.000005,	0.000005,	0.007996
734,	0.000045,	0.000005,	0.000015,	0.007997
735,	0.000045,	0.000005,	0.000025,	0.007998
736,	0.000045,	0.000005,	0.000035,	0.007998
737,	0.000045,	0.000005,	0.000045,	0.007999
738,	0.000045,	0.000005,	0.000055,	0.007999
739,	0.000045,	0.000005,	0.000065,	0.008000
740,	0.000045,	0.000005,	0.000075,	0.008000
741,	0.000045,	0.000005,	0.000085,	0.008000
742,	0.000045,	0.000005,	0.000095,	0.008000
745,	0.000045,	0.000015,	0.000005,	0.007995
746,	0.000045,	0.000015,	0.000015,	0.007996
747,	0.000045,	0.000015,	0.000025,	0.007997
748,	0.000045,	0.000015,	0.000035,	0.007998
749,	0.000045,	0.000015,	0.000045,	0.007999
750,	0.000045,	0.000015,	0.000055,	0.007999
751,	0.000045,	0.000015,	0.000065,	0.008000
752,	0.000045,	0.000015,	0.000075,	0.008000
753,	0.000045,	0.000015,	0.000085,	0.008000
754,	0.000045,	0.000015,	0.000095,	0.008000
757,	0.000045,	0.000025,	0.000005,	0.007991
758,	0.000045,	0.000025,	0.000015,	0.007993
759,	0.000045,	0.000025,	0.000025,	0.007996
760,	0.000045,	0.000025,	0.000035,	0.007997
761,	0.000045,	0.000025,	0.000045,	0.007998
762,	0.000045,	0.000025,	0.000055,	0.007999
763,	0.000045,	0.000025,	0.000065,	0.007999
764,	0.000045,	0.000025,	0.000075,	0.008000
765,	0.000045,	0.000025,	0.000085,	0.008000
766,	0.000045,	0.000025,	0.000095,	0.008000
769,	0.000045,	0.000035,	0.000005,	0.007980
770,	0.000045,	0.000035,	0.000015,	0.007988
771,	0.000045,	0.000035,	0.000025,	0.007993
772,	0.000045,	0.000035,	0.000035,	0.007996
773,	0.000045,	0.000035,	0.000045,	0.007998
774,	0.000045,	0.000035,	0.000055,	0.007999
775,	0.000045,	0.000035,	0.000065,	0.007999
776,	0.000045,	0.000035,	0.000075,	0.008000
777,	0.000045,	0.000035,	0.000085,	0.008000
778,	0.000045,	0.000035,	0.000095,	0.008000
781,	0.000045,	0.000045,	0.000005,	0.007928
782,	0.000045,	0.000045,	0.000015,	0.007978
783,	0.000045,	0.000045,	0.000025,	0.007991
784,	0.000045,	0.000045,	0.000035,	0.007995
785,	0.000045,	0.000045,	0.000045,	0.007998
786,	0.000045,	0.000045,	0.000055,	0.007999
787,	0.000045,	0.000045,	0.000065,	0.007999
788,	0.000045,	0.000045,	0.000075,	0.008000
789,	0.000045,	0.000045,	0.000085,	0.008000
790,	0.000045,	0.000045,	0.000095,	0.008000
793,	0.000045,	0.000055,	0.000005,	0.007895
794,	0.000045,	0.000055,	0.000015,	0.007973
795,	0.000045,	0.000055,	0.000025,	0.007990
796,	0.000045,	0.000055,	0.000035,	0.007995
797,	0.000045,	0.000055,	0.000045,	0.007997
798,	0.000045,	0.000055,	0.000055,	0.007999
799,	0.000045,	0.000055,	0.000065,	0.007999
800,	0.000045,	0.000055,	0.000075,	0.008000
801,	0.000045,	0.000055,	0.000085,	0.008000
802,	0.000045,	0.000055,	0.000095,	0.008000
805,	0.000045,	0.000065,	0.000005,	0.007973
806,	0.000045,	0.000065,	0.000015,	0.007986
807,	0.000045,	0.000065,	0.000025,	0.007992
808,	0.000045,	0.000065,	0.000035,	0.007996
809,	0.000045,	0.000065,	0.000045,	0.007998
810,	0.000045,	0.000065,	0.000055,	0.007999
811,	0.000045,	0.000065,	0.000065,	0.007999
812,	0.000045,	0.000065,	0.000075,	0.008000
813,	0.000045,	0.000065,	0.000085,	0.008000
814,	0.000045,	0.000065,	0.000095,	0.008000
817,	0.000045,	0.000075,	0.000005,	0.007989
818,	0.000045,	0.000075,	0.000015,	0.007992
819,	0.000045,	0.000075,	0.000025,	0.007995
820,	0.000045,	0.000075,	0.000035,	0.007997
821,	0.000045,	0.000075,	0.000045,	0.007998
822,	0.000045,	0.000075,	0.000055,	0.007999
823,	0.000045,	0.000075,	0.000065,	0.007999
824,	0.000045,	0.000075,	0.000075,	0.008000
825,	0.000045,	0.000075,	0.000085,	0.008000
826,	0.000045,	0.000075,	0.000095,	0.008000
829,	0.000045,	0.000085,	0.000005,	0.007994
830,	0.000045,	0.000085,	0.000015,	0.007995
831,	0.000045,	0.000085,	0.000025,	0.007997
832,	0.000045,	0.000085,	0.000035,	0.007998
833,	0.000045,	0.000085,	0.000045,	0.007999
834,	0.000045,	0.000085,	0.000055,	0.007999
835,	0.000045,	0.000085,	0.000065,	0.008000
836,	0.000045,	0.000085,	0.000075,	0.008000
837,	0.000045,	0.000085,	0.000085,	0.008000
838,	0.000045,	0.000085,	0.000095,	0.008000
841,	0.000045,	0.000095,	0.000005,	0.007996
842,	0.000045,	0.000095,	0.000015,	0.007997
843,	0.000045,	0.000095,	0.000025,	0.007997
844,	0.000045,	0.000095,	0.000035,	0.007998
845,	0.000045,	0.000095,	0.000045,	0.007999
846,	0.000045,	0.000095,	0.000055,	0.007999
847,	0.000045,	0.000095,	0.000065,	0.008000
848,	0.000045,	0.000095,	0.000075,	0.008000
849,	0.000045,	0.000095,	0.000085,	0.008000
850,	0.000045,	0.000095,	0.000095,	0.008000
877,	0.000055,	0.000005,	0.000005,	0.007996
878,	0.000055,	0.000005,	0.000015,	0.007997
879,	0.000055,	0.000005,	0.000025,	0.007998
880,	0.000055,	0.000005,	0.000035,	0.007998
881,	0.000055,	0.000005,	0.000045,	0.007999
882,	0.000055,	0.000005,	0.000055,	0.007999
883,	0.000055,	0.000005,	0.000065,	0.008000
884,	0.000055,	0.000005,	0.000075,	0.008000
885,	0.000055,	0.000005,	0.000085,	0.008000
886,	0.000055,	0.000005,	0.000095,	0.008000
889,	0.000055,	0.000015,	0.000005,	0.007995
890,	0.000055,	0.000015,	0.000015,	0.007996
891,	0.000055,	0.000015,	0.000025,	0.007997
892,	0.000055,	0.000015,	0.000035,	0.007998
893,	0.000055,	0.000015,	0.000045,	0.007999
894,	0.000055,	0.000015,	0.000055,	0.007999
895,	0.000055,	0.000015,	0.000065,	0.008000
896,	0.000055,	0.000015,	0.000075,	0.008000
897,	0.000055,	0.000015,	0.000085,	0.008000
898,	0.000055,	0.000015,	0.000095,	0.008000
901,	0.000055,	0.000025,	0.000005,	0.007991
902,	0.000055,	0.000025,	0.000015,	0.007993
903,	0.000055,	0.000025,	0.000025,	0.007996
904,	0.000055,	0.000025,	0.000035,	0.007997
905,	0.000055,	0.000025,	0.000045,	0.007998
906,	0.000055,	0.000025,	0.000055,	0.007999
907,	0.000055,	0.000025,	0.000065,	0.007999
908,	0.000055,	0.000025,	0.000075,	0.008000
909,	0.000055,	0.000025,	0.000085,	0.008000
910,	0.000055,	0.000025,	0.000095,	0.008000
913,	0.000055,	0.000035,	0.000005,	0.007980
914,	0.000055,	0.000035,	0.000015,	0.007988
915,	0.000055,	0.000035,	0.000025,	0.007993
916,	0.000055,	0.000035,	0.000035,	0.007996
917,	0.000055,	0.000035,	0.000045,	0.007998
918,	0.000055,	0.000035,	0.000055,	0.007999
919,	0.000055,	0.000035,	0.000065,	0.007999
920,	0.000055,	0.000035,	0.000075,	0.008000
921,	0.000055,	0.000035,	0.000085,	0.008000
922,	0.000055,	0.000035,	0.000095,	0.008000
925,	0.000055,	0.000045,	0.000005,	0.007928
926,	0.000055,	0.000045,	0.000015,	0.007978
927,	0.000055,	0.000045,	0.000025,	0.007991
928,	0.000055,	0.000045,	0.000035,	0.007995
929,	0.000055,	0.000045,	0.000045,	0.007998
930,	0.000055,	0.000045,	0.000055,	0.007999
931,	0.000055,	0.000045,	0.000065,	0.007999
932,	0.000055,	0.000045,	0.000075,	0.008000
933,	0.000055,	0.000045,	0.000085,	0.008000
934,	0.000055,	0.000045,	0.000095,	0.008000
937,	0.000055,	0.000055,	0.000005,	0.007894
938,	0.000055,	0.000055,	0.000015,	0.007973
939,	0.000055,	0.000055,	0.000025,	0.007990
940,	0.000055,	0.000055,	0.000035,	0.007995
941,	0.000055,	0.000055,	0.000045,	0.007997
942,	0.000055,	0.000055,	0.000055,	0.007999
943,	0.000055,	0.000055,	0.000065,	0.007999
944,	0.000055,	0.000055,	0.000075,	0.008000
945,	0.000055,	0.000055,	0.000085,	0.008000
946,	0.000055,	0.000055,	0.000095,	0.008000
949,	0.000055,	0.000065,	0.000005,	0.007972
950,	0.000055,	0.000065,	0.000015,	0.007986
951,	0.000055,	0.000065,	0.000025,	0.007992
952,	0.000055,	0.000065,	0.000035,	0.007996
953,	0.000055,	0.000065,	0.000045,	0.007998
954,	0.000055,	0.000065,	0.000055,	0.007999
955,	0.000055,	0.000065,	0.000065,	0.007999
956,	0.000055,	0.000065,	0.000075,	0.008000
957,	0.000055,	0.000065,	0.000085,	0.008000
958,	0.000055,	0.000065,	0.000095,	0.008000
961,	0.000055,	0.000075,	0.000005,	0.007989
962,	0.000055,	0.000075,	0.000015,	0.007992
963,	0.000055,	0.000075,	0.000025,	0.007995
964,	0.000055,	0.000075,	0.000035,	0.007997
965,	0.000055,	0.000075,	0.000045,	0.007998
966,	0.000055,	0.000075,	0.000055,	0.007999
967,	0.000055,	0.000075,	0.000065,	0.007999
968,	0.000055,	0.000075,	0.000075,	0.008000
969,	0.000055,	0.000075,	0.000085,	0.008000
970,	0.000055,	0.000075,	0.000095,	0.008000
973,	0.000055,	0.000085,	0.000005,	0.007994
974,	0.000055,	0.000085,	0.000015,	0.007995
975,	0.000055,	0.000085,	0.000025,	0.007997
976,	0.000055,	0.000085,	0.000035,	0.007998
977,	0.000055,	0.000085,	0.000045,	0.007999
978,	0.000055,	0.000085,	0.000055,	0.007999
979,	0.000055,	0.000085,	0.000065,	0.008000
980,	0.000055,	0.000085,	0.000075,	0.008000
981,	0.000055,	0.000085,	0.000085,	0.008000
982,	0.000055,	0.000085,	0.000095,	0.008000
985,	0.000055,	0.000095,	0.000005,	0.007996
986,	0.000055,	0.000095,	0.000015,	0.007997
987,	0.000055,	0.000095,	0.000025,	0.007997
988,	0.000055,	0.000095,	0.000035,	0.007998
989,	0.000055,	0.000095,	0.000045,	0.007999
990,	0.000055,	0.000095,	0.000055,	0.007999
991,	0.000055,	0.000095,	0.000065,	0.008000
992,	0.000055,	0.000095,	0.000075,	0.008000
993,	0.000055,	0.000095,	0.000085,	0.008000
994,	0.000055,	0.000095,	0.000095,	0.008000
1021,	0.000065,	0.000005,	0.000005,	0.007997
1022,	0.000065,	0.000005,	0.000015,	0.007997
1023,	0.000065,	0.000005,	0.000025,	0.007998
1024,	0.000065,	0.000005,	0.000035,	0.007998
1025,	0.000065,	0.000005,	0.000045,	0.007999
1026,	0.000065,	0.000005,	0.000055,	0.007999
1027,	0.000065,	0.000005,	0.000065,	0.008000
1028,	0.000065,	0.000005,	0.000075,	0.008000
1029,	0.000065,	0.000005,	0.000085,	0.008000
1030,	0.000065,	0.000005,	0.000095,	0.008000
1033,	0.000065,	0.000015,	0.000005,	0.007996
1034,	0.000065,	0.000015,	0.000015,	0.007996
1035,	0.000065,	0.000015,	0.000025,	0.007997
1036,	0.000065,	0.000015,	0.000035,	0.007998
1037,	0.000065,	0.000015,	0.000045,	0.007999
1038,	0.000065,	0.000015,	0.000055,	0.007999
1039,	0.000065,	0.000015,	0.000065,	0.008000
1040,	0.000065,	0.000015,	0.000075,	0.008000
1041,	0.000065,	0.000015,	0.000085,	0.008000
1042,	0.000065,	0.000015,	0.000095,	0.008000
1045,	0.000065,	0.000025,	0.000005,	0.007993
1046,	0.000065,	0.000025,	0.000015,	0.007995
1047,	0.000065,	0.000025,	0.000025,	0.007996
1048,	0.000065,	0.000025,	0.000035,	0.007998
1049,	0.000065,	0.000025,	0.000045,	0.007998
1050,	0.000065,	0.000025,	0.000055,	0.007999
1051,	0.000065,	0.000025,	0.000065,	0.007999
1052,	0.000065,	0.000025,	0.000075,	0.008000
1053,	0.000065,	0.000025,	0.000085,	0.008000
1054,	0.000065,	0.000025,	0.000095,	0.008000
1057,	0.000065,	0.000035,	0.000005,	0.007988
1058,	0.000065,	0.000035,	0.000015,	0.007992
1059,	0.000065,	0.000035,	0.000025,	0.007995
1060,	0.000065,	0.000035,	0.000035,	0.007997
1061,	0.000065,	0.000035,	0.000045,	0.007998
1062,	0.000065,	0.000035,	0.000055,	0.007999
1063,	0.000065,	0.000035,	0.000065,	0.007999
1064,	0.000065,	0.000035,	0.000075,	0.008000
1065,	0.000065,	0.000035,	0.000085,	0.008000
1066,	0.000065,	0.000035,	0.000095,	0.008000
1069,	0.000065,	0.000045,	0.000005,	0.007979
1070,	0.000065,	0.000045,	0.000015,	0.007988
1071,	0.000065,	0.000045,	0.000025,	0.007993
1072,	0.000065,	0.000045,	0.000035,	0.007996
1073,	0.000065,	0.000045,	0.000045,	0.007998
1074,	0.000065,	0.000045,	0.000055,	0.007999
1075,	0.000065,	0.000045,	0.000065,	0.007999
1076,	0.000065,	0.000045,	0.000075,	0.008000
1077,	0.000065,	0.000045,	0.000085,	0.008000
1078,	0.000065,	0.000045,	0.000095,	0.008000
1081,	0.000065,	0.000055,	0.000005,	0.007975
1082,	0.000065,	0.000055,	0.000015,	0.007987
1083,	0.000065,	0.000055,	0.000025,	0.007993
1084,	0.000065,	0.000055,	0.000035,	0.007996
1085,	0.000065,	0.000055,	0.000045,	0.007998
1086,	0.000065,	0.000055,	0.000055,	0.007999
1087,	0.000065,	0.000055,	0.000065,	0.007999
1088,	0.000065,	0.000055,	0.000075,	0.008000
1089,	0.000065,	0.000055,	0.000085,	0.008000
1090,	0.000065,	0.000055,	0.000095,	0.008000
1093,	0.000065,	0.000065,	0.000005,	0.007986
1094,	0.000065,	0.000065,	0.000015,	0.007990
1095,	0.000065,	0.000065,	0.000025,	0.007994
1096,	0.000065,	0.000065,	0.000035,	0.007997
1097,	0.000065,	0.000065,	0.000045,	0.007998
1098,	0.000065,	0.000065,	0.000055,	0.007999
1099,	0.000065,	0.000065,	0.000065,	0.007999
1100,	0.000065,	0.000065,	0.000075,	0.008000
1101,	0.000065,	0.000065,	0.000085,	0.008000
1102,	0.000065,	0.000065,	0.000095,	0.008000
1105,	0.000065,	0.000075,	0.000005,	0.007992
1106,	0.000065,	0.000075,	0.000015,	0.007994
1107,	0.000065,	0.000075,	0.000025,	0.007996
1108,	0.000065,	0.000075,	0.000035,	0.007997
1109,	0.000065,	0.000075,	0.000045,	0.007998
1110,	0.000065,	0.000075,	0.000055,	0.007999
1111,	0.000065,	0.000075,	0.000065,	0.007999
1112,	0.000065,	0.000075,	0.000075,	0.008000
1113,	0.000065,	0.000075,	0.000085,	0.008000
1114,	0.000065,	0.000075,	0.000095,	0.008000
1117,	0.000065,	0.000085,	0.000005,	0.007995
1118,	0.000065,	0.000085,	0.000015,	0.007996
1119,	0.000065,	0.000085,	0.000025,	0.007997
1120,	0.000065,	0.000085,	0.000035,	0.007998
1121,	0.000065,	0.000085,	0.000045,	0.007999
1122,	0.000065,	0.000085,	0.000055,	0.007999
1123,	0.000065,	0.000085,	0.000065,	0.008000
1124,	0.000065,	0.000085,	0.000075,	0.008000
1125,	0.000065,	0.000085,	0.000085,	0.008000
1126,	0.000065,	0.000085,	0.000095,	0.008000
1129,	0.000065,	0.000095,	0.000005,	0.007997
1130,	0.000065,	0.000095,	0.000015,	0.007997
1131,	0.000065,	0.000095,	0.000025,	0.007998
1132,	0.000065,	0.000095,	0.000035,	0.007998
1133,	0.000065,	0.000095,	0.000045,	0.007999
1134,	0.000065,	0.000095,	0.000055,	0.007999
1135,	0.000065,	0.000095,	0.000065,	0.008000
1136,	0.000065,	0.000095,	0.000075,	0.008000
1137,	0.000065,	0.000095,	0.000085,	0.008000
1138,	0.000065,	0.000095,	0.000095,	0.008000
1165,	0.000075,	0.000005,	0.000005,	0.007997
1166,	0.000075,	0.000005,	0.000015,	0.007998
1167,	0.000075,	0.000005,	0.000025,	0.007998
1168,	0.000075,	0.000005,	0.000035,	0.007999
1169,	0.000075,	0.000005,	0.000045,	0.007999
1170,	0.000075,	0.000005,	0.000055,	0.007999
1171,	0.000075,	0.000005,	0.000065,	0.008000
1172,	0.000075,	0.000005,	0.000075,	0.008000
1173,	0.000075,	0.000005,	0.000085,	0.008000
1174,	0.000075,	0.000005,	0.000095,	0.008000
1177,	0.000075,	0.000015,	0.000005,	0.007997
1178,	0.000075,	0.000015,	0.000015,	0.007997
1179,	0.000075,	0.000015,	0.000025,	0.007998
1180,	0.000075,	0.000015,	0.000035,	0.007998
1181,	0.000075,	0.000015,	0.000045,	0.007999
1182,	0.000075,	0.000015,	0.000055,	0.007999
1183,	0.000075,	0.000015,	0.000065,	0.008000
1184,	0.000075,	0.000015,	0.000075,	0.008000
1185,	0.000075,	0.000015,	0.000085,	0.008000
1186,	0.000075,	0.000015,	0.000095,	0.008000
1189,	0.000075,	0.000025,	0.000005,	0.007995
1190,	0.000075,	0.000025,	0.000015,	0.007996
1191,	0.000075,	0.000025,	0.000025,	0.007997
1192,	0.000075,	0.000025,	0.000035,	0.007998
1193,	0.000075,	0.000025,	0.000045,	0.007999
1194,	0.000075,	0.000025,	0.000055,	0.007999
1195,	0.000075,	0.000025,	0.000065,	0.008000
1196,	0.000075,	0.000025,	0.000075,	0.008000
1197,	0.000075,	0.000025,	0.000085,	0.008000
1198,	0.000075,	0.000025,	0.000095,	0.008000
1201,	0.000075,	0.000035,	0.000005,	0.007993
1202,	0.000075,	0.000035,	0.000015,	0.007994
1203,	0.000075,	0.000035,	0.000025,	0.007996
1204,	0.000075,	0.000035,	0.000035,	0.007998
1205,	0.000075,	0.000035,	0.000045,	0.007998
1206,	0.000075,	0.000035,	0.000055,	0.007999
1207,	0.000075,	0.000035,	0.000065,	0.007999
1208,	0.000075,	0.000035,	0.000075,	0.008000
1209,	0.000075,	0.000035,	0.000085,	0.008000
1210,	0.000075,	0.000035,	0.000095,	0.008000
1213,	0.000075,	0.000045,	0.000005,	0.007991
1214,	0.000075,	0.000045,	0.000015,	0.007993
1215,	0.000075,	0.000045,	0.000025,	0.007995
1216,	0.000075,	0.000045,	0.000035,	0.007997
1217,	0.000075,	0.000045,	0.000045,	0.007998
1218,	0.000075,	0.000045,	0.000055,	0.007999
1219,	0.000075,	0.000045,	0.000065,	0.007999
1220,	0.000075,	0.000045,	0.000075,	0.008000
1221,	0.000075,	0.000045,	0.000085,	0.008000
1222,	0.000075,	0.000045,	0.000095,	0.008000
1225,	0.000075,	0.000055,	0.000005,	0.007990
1226,	0.000075,	0.000055,	0.000015,	0.007993
1227,	0.000075,	0.000055,	0.000025,	0.007995
1228,	0.000075,	0.000055,	0.000035,	0.007997
1229,	0.000075,	0.000055,	0.000045,	0.007998
1230,	0.000075,	0.000055,	0.000055,	0.007999
1231,	0.000075,	0.000055,	0.000065,	0.007999
1232,	0.000075,	0.000055,	0.000075,	0.008000
1233,	0.000075,	0.000055,	0.000085,	0.008000
1234,	0.000075,	0.000055,	0.000095,	0.008000
1237,	0.000075,	0.000065,	0.000005,	0.007992
1238,	0.000075,	0.000065,	0.000015,	0.007994
1239,	0.000075,	0.000065,	0.000025,	0.007996
1240,	0.000075,	0.000065,	0.000035,	0.007997
1241,	0.000075,	0.000065,	0.000045,	0.007998
1242,	0.000075,	0.000065,	0.000055,	0.007999
1243,	0.000075,	0.000065,	0.000065,	0.007999
1244,	0.000075,	0.000065,	0.000075,	0.008000
1245,	0.000075,	0.000065,	0.000085,	0.008000
1246,	0.000075,	0.000065,	0.000095,	0.008000
1249,	0.000075,	0.000075,	0.000005,	0.007995
1250,	0.000075,	0.000075,	0.000015,	0.007996
1251,	0.000075,	0.000075,	0.000025,	0.007997
1252,	0.000075,	0.000075,	0.000035,	0.007998
1253,	0.000075,	0.000075,	0.000045,	0.007999
1254,	0.000075,	0.000075,	0.000055,	0.007999
1255,	0.000075,	0.000075,	0.000065,	0.008000
1256,	0.000075,	0.000075,	0.000075,	0.008000
1257,	0.000075,	0.000075,	0.000085,	0.008000
1258,	0.000075,	0.000075,	0.000095,	0.008000
1261,	0.000075,	0.000085,	0.000005,	0.007996
1262,	0.000075,	0.000085,	0.000015,	0.007997
1263,	0.000075,	0.000085,	0.000025,	0.007998
1264,	0.000075,	0.000085,	0.000035,	0.007998
1265,	0.000075,	0.000085,	0.000045,	0.007999
1266,	0.000075,	0.000085,	0.000055,	0.007999
1267,	0.000075,	0.000085,	0.000065,	0.008000
1268,	0.000075,	0.000085,	0.000075,	0.008000
1269,	0.000075,	0.000085,	0.000085,	0.008000
1270,	0.000075,	0.000085,	0.000095,	0.008000
1273,	0.000075,	0.000095,	0.000005,	0.007997
1274,	0.000075,	0.000095,	0.000015,	0.007998
1275,	0.000075,	0.000095,	0.000025,	0.007998
1276,	0.000075,	0.000095,	0.000035,	0.007999
1277,	0.000075,	0.000095,	0.000045,	0.007999
1278,	0.000075,	0.000095,	0.000055,	0.007999
1279,	0.000075,	0.000095,	0.000065,	0.008000
1280,	0.000075,	0.000095,	0.000075,	0.008000
1281,	0.000075,	0.000095,	0.000085,	0.008000
1282,	0.000075,	0.000095,	0.000095,	0.008000
1309,	0.000085,	0.000005,	0.000005,	0.007998
1310,	0.000085,	0.000005,	0.000015,	0.007998
1311,	0.000085,	0.000005,	0.000025,	0.007998
1312,	0.000085,	0.000005,	0.000035,	0.007999
1313,	0.000085,	0.000005,	0.000045,	0.007999
1314,	0.000085,	0.000005,	0.000055,	0.007999
1315,	0.000085,	0.000005,	0.000065,	0.008000
1316,	0.000085,	0.000005,	0.000075,	0.008000
1317,	0.000085,	0.000005,	0.000085,	0.008000
1318,	0.000085,	0.000005,	0.000095,	0.008000
1321,	0.000085,	0.000015,	0.000005,	0.007998
1322,	0.000085,	0.000015,	0.000015,	0.007998
1323,	0.000085,	0.000015,	0.000025,	0.007998
1324,	0.000085,	0.000015,	0.000035,	0.007999
1325,	0.000085,	0.000015,	0.000045,	0.007999
1326,	0.000085,	0.000015,	0.000055,	0.007999
1327,	0.000085,	0.000015,	0.000065,	0.008000
1328,	0.000085,	0.000015,	0.000075,	0.008000
1329,	0.000085,	0.000015,	0.000085,	0.008000
1330,	0.000085,	0.000015,	0.000095,	0.008000
1333,	0.000085,	0.000025,	0.000005,	0.007997
1334,	0.000085,	0.000025,	0.000015,	0.007997
1335,	0.000085,	0.000025,	0.000025,	0.007998
1336,	0.000085,	0.000025,	0.000035,	0.007998
1337,	0.000085,	0.000025,	0.000045,	0.007999
1338,	0.000085,	0.000025,	0.000055,	0.007999
1339,	0.000085,	0.000025,	0.000065,	0.008000
1340,	0.000085,	0.000025,	0.000075,	0.008000
1341,	0.000085,	0.000025,	0.000085,	0.008000
1342,	0.000085,	0.000025,	0.000095,	0.008000
1345,	0.000085,	0.000035,	0.000005,	0.007996
1346,	0.000085,	0.000035,	0.000015,	0.007996
1347,	0.000085,	0.000035,	0.000025,	0.007997
1348,	0.000085,	0.000035,	0.000035,	0.007998
1349,	0.000085,	0.000035,	0.000045,	0.007999
1350,	0.000085,	0.000035,	0.000055,	0.007999
1351,	0.000085,	0.000035,	0.000065,	0.008000
1352,	0.000085,	0.000035,	0.000075,	0.008000
1353,	0.000085,	0.000035,	0.000085,	0.008000
1354,	0.000085,	0.000035,	0.000095,	0.008000
1357,	0.000085,	0.000045,	0.000005,	0.007995
1358,	0.000085,	0.000045,	0.000015,	0.007996
1359,	0.000085,	0.000045,	0.000025,	0.007997
1360,	0.000085,	0.000045,	0.000035,	0.007998
1361,	0.000085,	0.000045,	0.000045,	0.007999
1362,	0.000085,	0.000045,	0.000055,	0.007999
1363,	0.000085,	0.000045,	0.000065,	0.008000
1364,	0.000085,	0.000045,	0.000075,	0.008000
1365,	0.000085,	0.000045,	0.000085,	0.008000
1366,	0.000085,	0.000045,	0.000095,	0.008000
1369,	0.000085,	0.000055,	0.000005,	0.007995
1370,	0.000085,	0.000055,	0.000015,	0.007995
1371,	0.000085,	0.000055,	0.000025,	0.007997
1372,	0.000085,	0.000055,	0.000035,	0.007998
1373,	0.000085,	0.000055,	0.000045,	0.007999
1374,	0.000085,	0.000055,	0.000055,	0.007999
1375,	0.000085,	0.000055,	0.000065,	0.008000
1376,	0.000085,	0.000055,	0.000075,	0.008000
1377,	0.000085,	0.000055,	0.000085,	0.008000
1378,	0.000085,	0.000055,	0.000095,	0.008000
1381,	0.000085,	0.000065,	0.000005,	0.007995
1382,	0.000085,	0.000065,	0.000015,	0.007996
1383,	0.000085,	0.000065,	0.000025,	0.007997
1384,	0.000085,	0.000065,	0.000035,	0.007998
1385,	0.000085,	0.000065,	0.000045,	0.007999
1386,	0.000085,	0.000065,	0.000055,	0.007999
1387,	0.000085,	0.000065,	0.000065,	0.008000
1388,	0.000085,	0.000065,	0.000075,	0.008000
1389,	0.000085,	0.000065,	0.000085,	0.008000
1390,	0.000085,	0.000065,	0.000095,	0.008000
1393,	0.000085,	0.000075,	0.000005,	0.007996
1394,	0.000085,	0.000075,	0.000015,	0.007997
1395,	0.000085,	0.000075,	0.000025,	0.007998
1396,	0.000085,	0.000075,	0.000035,	0.007998
1397,	0.000085,	0.000075,	0.000045,	0.007999
1398,	0.000085,	0.000075,	0.000055,	0.007999
1399,	0.000085,	0.000075,	0.000065,	0.008000
1400,	0.000085,	0.000075,	0.000075,	0.008000
1401,	0.000085,	0.000075,	0.000085,	0.008000
1402,	0.000085,	0.000075,	0.000095,	0.008000
1405,	0.000085,	0.000085,	0.000005,	0.007997
1406,	0.000085,	0.000085,	0.000015,	0.007998
1407,	0.000085,	0.000085,	0.000025,	0.007998
1408,	0.000085,	0.000085,	0.000035,	0.007999
1409,	0.000085,	0.000085,	0.000045,	0.007999
1410,	0.000085,	0.000085,	0.000055,	0.007999
1411,	0.000085,	0.000085,	0.000065,	0.008000
1412,	0.000085,	0.000085,	0.000075,	0.008000
1413,	0.000085,	0.000085,	0.000085,	0.008000
1414,	0.000085,	0.000085,	0.000095,	0.008000
1417,	0.000085,	0.000095,	0.000005,	0.007998
1418,	0.000085,	0.000095,	0.000015,	0.007998
1419,	0.000085,	0.000095,	0.000025,	0.007998
1420,	0.000085,	0.000095,	0.000035,	0.007999
1421,	0.000085,	0.000095,	0.000045,	0.007999
1422,	0.000085,	0.000095,	0.000055,	0.007999
1423,	0.000085,	0.000095,	0.000065,	0.008000
1424,	0.000085,	0.000095,	0.000075,	0.008000
1425,	0.000085,	0.000095,	0.000085,	0.008000
1426,	0.000085,	0.000095,	0.000095,	0.008000
1453,	0.000095,	0.000005,	0.000005,	0.007998
1454,	0.000095,	0.000005,	0.000015,	0.007998
1455,	0.000095,	0.000005,	0.000025,	0.007999
1456,	0.000095,	0.000005,	0.000035,	0.007999
1457,	0.000095,	0.000005,	0.000045,	0.007999
1458,	0.000095,	0.000005,	0.000055,	0.008000
1459,	0.000095,	0.000005,	0.000065,	0.008000
1460,	0.000095,	0.000005,	0.000075,	0.008000
1461,	0.000095,	0.000005,	0.000085,	0.008000
1462,	0.000095,	0.000005,	0.000095,	0.008000
1465,	0.000095,	0.000015,	0.000005,	0.007998
1466,	0.000095,	0.000015,	0.000015,	0.007998
1467,	0.000095,	0.000015,	0.000025,	0.007998
1468,	0.000095,	0.000015,	0.000035,	0.007999
1469,	0.000095,	0.000015,	0.000045,	0.007999
1470,	0.000095,	0.000015,	0.000055,	0.007999
1471,	0.000095,	0.000015,	0.000065,	0.008000
1472,	0.000095,	0.000015,	0.000075,	0.008000
1473,	0.000095,	0.000015,	0.000085,	0.008000
1474,	0.000095,	0.000015,	0.000095,	0.008000
1477,	0.000095,	0.000025,	0.000005,	0.007997
1478,	0.000095,	0.000025,	0.000015,	0.007998
1479,	0.000095,	0.000025,	0.000025,	0.007998
1480,	0.000095,	0.000025,	0.000035,	0.007999
1481,	0.000095,	0.000025,	0.000045,	0.007999
1482,	0.000095,	0.000025,	0.000055,	0.007999
1483,	0.000095,	0.000025,	0.000065,	0.008000
1484,	0.000095,	0.000025,	0.000075,	0.008000
1485,	0.000095,	0.000025,	0.000085,	0.008000
1486,	0.000095,	0.000025,	0.000095,	0.008000
1489,	0.000095,	0.000035,	0.000005,	0.007997
1490,	0.000095,	0.000035,	0.000015,	0.007997
1491,	0.000095,	0.000035,	0.000025,	0.007998
1492,	0.000095,	0.000035,	0.000035,	0.007998
1493,	0.000095,	0.000035,	0.000045,	0.007999
1494,	0.000095,	0.000035,	0.000055,	0.007999
1495,	0.000095,	0.000035,	0.000065,	0.008000
1496,	0.000095,	0.000035,	0.000075,	0.008000
1497,	0.000095,	0.000035,	0.000085,	0.008000
1498,	0.000095,	0.000035,	0.000095,	0.008000
1501,	0.000095,	0.000045,	0.000005,	0.007996
1502,	0.000095,	0.000045,	0.000015,	0.007997
1503,	0.000095,	0.000045,	0.000025,	0.007998
1504,	0.000095,	0.000045,	0.000035,	0.007998
1505,	0.000095,	0.000045,	0.000045,	0.007999
1506,	0.000095,	0.000045,	0.000055,	0.007999
1507,	0.000095,	0.000045,	0.000065,	0.008000
1508,	0.000095,	0.000045,	0.000075,	0.008000
1509,	0.000095,	0.000045,	0.000085,	0.008000
1510,	0.000095,	0.000045,	0.000095,	0.008000
1513,	0.000095,	0.000055,	0.000005,	0.007996
1514,	0.000095,	0.000055,	0.000015,	0.007997
1515,	0.000095,	0.000055,	0.000025,	0.007997
1516,	0.000095,	0.000055,	0.000035,	0.007998
1517,	0.000095,	0.000055,	0.000045,	0.007999
1518,	0.000095,	0.000055,	0.000055,	0.007999
1519,	0.000095,	0.000055,	0.000065,	0.008000
1520,	0.000095,	0.000055,	0.000075,	0.008000
1521,	0.000095,	0.000055,	0.000085,	0.008000
1522,	0.000095,	0.000055,	0.000095,	0.008000
1525,	0.000095,	0.000065,	0.000005,	0.007997
1526,	0.000095,	0.000065,	0.000015,	0.007997
1527,	0.000095,	0.000065,	0.000025,	0.007998
1528,	0.000095,	0.000065,	0.000035,	0.007998
1529,	0.000095,	0.000065,	0.000045,	0.007999
1530,	0.000095,	0.000065,	0.000055,	0.007999
1531,	0.000095,	0.000065,	0.000065,	0.008000
1532,	0.000095,	0.000065,	0.000075,	0.008000
1533,	0.000095,	0.000065,	0.000085,	0.008000
1534,	0.000095,	0.000065,	0.000095,	0.008000
1537,	0.000095,	0.000075,	0.000005,	0.007997
1538,	0.000095,	0.000075,	0.000015,	0.007998
1539,	0.000095,	0.000075,	0.000025,	0.007998
1540,	0.000095,	0.000075,	0.000035,	0.007999
1541,	0.000095,	0.000075,	0.000045,	0.007999
1542,	0.000095,	0.000075,	0.000055,	0.007999
1543,	0.000095,	0.000075,	0.000065,	0.008000
1544,	0.000095,	0.000075,	0.000075,	0.008000
1545,	0.000095,	0.000075,	0.000085,	0.008000
1546,	0.000095,	0.000075,	0.000095,	0.008000
1549,	0.000095,	0.000085,	0.000005,	0.007998
1550,	0.000095,	0.000085,	0.000015,	0.007998
1551,	0.000095,	0.000085,	0.000025,	0.007998
1552,	0.000095,	0.000085,	0.000035,	0.007999
1553,	0.000095,	0.000085,	0.000045,	0.007999
1554,	0.000095,	0.000085,	0.000055,	0.007999
1555,	0.000095,	0.000085,	0.000065,	0.008000
1556,	0.000095,	0.000085,	0.000075,	0.008000
1557,	0.000095,	0.000085,	0.000085,	0.008000
1558,	0.000095,	0.000085,	0.000095,	0.008000
1561,	0.000095,	0.000095,	0.000005,	0.007998
1562,	0.000095,	0.000095,	0.000015,	0.007998
1563,	0.000095,	0.000095,	0.000025,	0.007999
1564,	0.000095,	0.000095,	0.000035,	0.007999
1565,	0.000095,	0.000095,	0.000045,	0.007999
1566,	0.000095,	0.000095,	0.000055,	0.008000
1567,	0.000095,	0.000095,	0.000065,	0.008000
1568,	0.000095,	0.000095,	0.000075,	0.008000
1569,	0.000095,	0.000095,	0.000085,	0.008000
1570,	0.000095,	0.000095,	0.000095,	0.008000
