,x,y,z,scalar,1,1,1,0.5
0,	0.000004,	0.000004,	0.000004,	0.000479
1,	0.000013,	0.000004,	0.000004,	0.000320
2,	0.000021,	0.000004,	0.000004,	0.000320
3,	0.000029,	0.000004,	0.000004,	0.000320
4,	0.000038,	0.000004,	0.000004,	0.000320
5,	0.000046,	0.000004,	0.000004,	0.000320
6,	0.000054,	0.000004,	0.000004,	0.000320
7,	0.000063,	0.000004,	0.000004,	0.000320
8,	0.000071,	0.000004,	0.000004,	0.000320
9,	0.000079,	0.000004,	0.000004,	0.000320
10,	0.000087,	0.000004,	0.000004,	0.000320
11,	0.000096,	0.000004,	0.000004,	0.000479
12,	0.000004,	0.000013,	0.000004,	0.000320
13,	0.000013,	0.000013,	0.000004,	0.000161
14,	0.000021,	0.000013,	0.000004,	0.000161
15,	0.000029,	0.000013,	0.000004,	0.000161
16,	0.000038,	0.000013,	0.000004,	0.000161
17,	0.000046,	0.000013,	0.000004,	0.000161
18,	0.000054,	0.000013,	0.000004,	0.000161
19,	0.000063,	0.000013,	0.000004,	0.000161
20,	0.000071,	0.000013,	0.000004,	0.000161
21,	0.000079,	0.000013,	0.000004,	0.000161
22,	0.000087,	0.000013,	0.000004,	0.000161
23,	0.000096,	0.000013,	0.000004,	0.000320
24,	0.000004,	0.000021,	0.000004,	0.000320
25,	0.000013,	0.000021,	0.000004,	0.000161
26,	0.000021,	0.000021,	0.000004,	0.000161
27,	0.000029,	0.000021,	0.000004,	0.000161
28,	0.000038,	0.000021,	0.000004,	0.000161
29,	0.000046,	0.000021,	0.000004,	0.000161
30,	0.000054,	0.000021,	0.000004,	0.000161
31,	0.000063,	0.000021,	0.000004,	0.000161
32,	0.000071,	0.000021,	0.000004,	0.000161
33,	0.000079,	0.000021,	0.000004,	0.000161
34,	0.000087,	0.000021,	0.000004,	0.000161
35,	0.000096,	0.000021,	0.000004,	0.000320
36,	0.000004,	0.000029,	0.000004,	0.000320
37,	0.000013,	0.000029,	0.000004,	0.000161
38,	0.000021,	0.000029,	0.000004,	0.000161
39,	0.000029,	0.000029,	0.000004,	0.000161
40,	0.000038,	0.000029,	0.000004,	0.000161
41,	0.000046,	0.000029,	0.000004,	0.000161
42,	0.000054,	0.000029,	0.000004,	0.000161
43,	0.000063,	0.000029,	0.000004,	0.000161
44,	0.000071,	0.000029,	0.000004,	0.000161
45,	0.000079,	0.000029,	0.000004,	0.000161
46,	0.000087,	0.000029,	0.000004,	0.000161
47,	0.000096,	0.000029,	0.000004,	0.000320
48,	0.000004,	0.000038,	0.000004,	0.000320
49,	0.000013,	0.000038,	0.000004,	0.000161
50,	0.000021,	0.000038,	0.000004,	0.000161
51,	0.000029,	0.000038,	0.000004,	0.000161
52,	0.000038,	0.000038,	0.000004,	0.000161
53,	0.000046,	0.000038,	0.000004,	0.000161
54,	0.000054,	0.000038,	0.000004,	0.000161
55,	0.000063,	0.000038,	0.000004,	0.000161
56,	0.000071,	0.000038,	0.000004,	0.000161
57,	0.000079,	0.000038,	0.000004,	0.000161
58,	0.000087,	0.000038,	0.000004,	0.000161
59,	0.000096,	0.000038,	0.000004,	0.000320
60,	0.000004,	0.000046,	0.000004,	0.000320
61,	0.000013,	0.000046,	0.000004,	0.000161
62,	0.000021,	0.000046,	0.000004,	0.000161
63,	0.000029,	0.000046,	0.000004,	0.000161
64,	0.000038,	0.000046,	0.000004,	0.000161
65,	0.000046,	0.000046,	0.000004,	0.000161
66,	0.000054,	0.000046,	0.000004,	0.000161
67,	0.000063,	0.000046,	0.000004,	0.000161
68,	0.000071,	0.000046,	0.000004,	0.000161
69,	0.000079,	0.000046,	0.000004,	0.000161
70,	0.000087,	0.000046,	0.000004,	0.000161
71,	0.000096,	0.000046,	0.000004,	0.000320
72,	0.000004,	0.000054,	0.000004,	0.000320
73,	0.000013,	0.000054,	0.000004,	0.000161
74,	0.000021,	0.000054,	0.000004,	0.000161
75,	0.000029,	0.000054,	0.000004,	0.000161
76,	0.000038,	0.000054,	0.000004,	0.000161
77,	0.000046,	0.000054,	0.000004,	0.000161
78,	0.000054,	0.000054,	0.000004,	0.000161
79,	0.000063,	0.000054,	0.000004,	0.000161
80,	0.000071,	0.000054,	0.000004,	0.000161
81,	0.000079,	0.000054,	0.000004,	0.000161
82,	0.000087,	0.000054,	0.000004,	0.000161
83,	0.000096,	0.000054,	0.000004,	0.000320
84,	0.000004,	0.000063,	0.000004,	0.000320
85,	0.000013,	0.000063,	0.000004,	0.000161
86,	0.000021,	0.000063,	0.000004,	0.000161
87,	0.000029,	0.000063,	0.000004,	0.000161
88,	0.000038,	0.000063,	0.000004,	0.000161
89,	0.000046,	0.000063,	0.000004,	0.000161
90,	0.000054,	0.000063,	0.000004,	0.000161
91,	0.000063,	0.000063,	0.000004,	0.000161
92,	0.000071,	0.000063,	0.000004,	0.000161
93,	0.000079,	0.000063,	0.000004,	0.000161
94,	0.000087,	0.000063,	0.000004,	0.000161
95,	0.000096,	0.000063,	0.000004,	0.000320
96,	0.000004,	0.000071,	0.000004,	0.000320
97,	0.000013,	0.000071,	0.000004,	0.000161
98,	0.000021,	0.000071,	0.000004,	0.000161
99,	0.000029,	0.000071,	0.000004,	0.000161
100,	0.000038,	0.000071,	0.000004,	0.000161
101,	0.000046,	0.000071,	0.000004,	0.000161
102,	0.000054,	0.000071,	0.000004,	0.000161
103,	0.000063,	0.000071,	0.000004,	0.000161
104,	0.000071,	0.000071,	0.000004,	0.000161
105,	0.000079,	0.000071,	0.000004,	0.000161
106,	0.000087,	0.000071,	0.000004,	0.000161
107,	0.000096,	0.000071,	0.000004,	0.000320
108,	0.000004,	0.000079,	0.000004,	0.000320
109,	0.000013,	0.000079,	0.000004,	0.000161
110,	0.000021,	0.000079,	0.000004,	0.000161
111,	0.000029,	0.000079,	0.000004,	0.000161
112,	0.000038,	0.000079,	0.000004,	0.000161
113,	0.000046,	0.000079,	0.000004,	0.000161
114,	0.000054,	0.000079,	0.000004,	0.000161
115,	0.000063,	0.000079,	0.000004,	0.000161
116,	0.000071,	0.000079,	0.000004,	0.000161
117,	0.000079,	0.000079,	0.000004,	0.000161
118,	0.000087,	0.000079,	0.000004,	0.000161
119,	0.000096,	0.000079,	0.000004,	0.000320
120,	0.000004,	0.000087,	0.000004,	0.000320
121,	0.000013,	0.000087,	0.000004,	0.000161
122,	0.000021,	0.000087,	0.000004,	0.000161
123,	0.000029,	0.000087,	0.000004,	0.000161
124,	0.000038,	0.000087,	0.000004,	0.000161
125,	0.000046,	0.000087,	0.000004,	0.000161
126,	0.000054,	0.000087,	0.000004,	0.000161
127,	0.000063,	0.000087,	0.000004,	0.000161
128,	0.000071,	0.000087,	0.000004,	0.000161
129,	0.000079,	0.000087,	0.000004,	0.000161
130,	0.000087,	0.000087,	0.000004,	0.000161
131,	0.000096,	0.000087,	0.000004,	0.000320
132,	0.000004,	0.000096,	0.000004,	0.000479
133,	0.000013,	0.000096,	0.000004,	0.000320
134,	0.000021,	0.000096,	0.000004,	0.000320
135,	0.000029,	0.000096,	0.000004,	0.000320
136,	0.000038,	0.000096,	0.000004,	0.000320
137,	0.000046,	0.000096,	0.000004,	0.000320
138,	0.000054,	0.000096,	0.000004,	0.000320
139,	0.000063,	0.000096,	0.000004,	0.000320
140,	0.000071,	0.000096,	0.000004,	0.000320
141,	0.000079,	0.000096,	0.000004,	0.000320
142,	0.000087,	0.000096,	0.000004,	0.000320
143,	0.000096,	0.000096,	0.000004,	0.000479
144,	0.000004,	0.000004,	0.000013,	0.000320
145,	0.000013,	0.000004,	0.000013,	0.000161
146,	0.000021,	0.000004,	0.000013,	0.000161
147,	0.000029,	0.000004,	0.000013,	0.000161
148,	0.000038,	0.000004,	0.000013,	0.000161
149,	0.000046,	0.000004,	0.000013,	0.000161
150,	0.000054,	0.000004,	0.000013,	0.000161
151,	0.000063,	0.000004,	0.000013,	0.000161
152,	0.000071,	0.000004,	0.000013,	0.000161
153,	0.000079,	0.000004,	0.000013,	0.000161
154,	0.000087,	0.000004,	0.000013,	0.000161
155,	0.000096,	0.000004,	0.000013,	0.000320
156,	0.000004,	0.000013,	0.000013,	0.000161
157,	0.000013,	0.000013,	0.000013,	0.000001
158,	0.000021,	0.000013,	0.000013,	0.000001
159,	0.000029,	0.000013,	0.000013,	0.000001
160,	0.000038,	0.000013,	0.000013,	0.000001
161,	0.000046,	0.000013,	0.000013,	0.000001
162,	0.000054,	0.000013,	0.000013,	0.000001
163,	0.000063,	0.000013,	0.000013,	0.000001
164,	0.000071,	0.000013,	0.000013,	0.000001
165,	0.000079,	0.000013,	0.000013,	0.000001
166,	0.000087,	0.000013,	0.000013,	0.000001
167,	0.000096,	0.000013,	0.000013,	0.000161
168,	0.000004,	0.000021,	0.000013,	0.000161
169,	0.000013,	0.000021,	0.000013,	0.000001
170,	0.000021,	0.000021,	0.000013,	0.000000
171,	0.000029,	0.000021,	0.000013,	0.000000
172,	0.000038,	0.000021,	0.000013,	0.000000
173,	0.000046,	0.000021,	0.000013,	0.000000
174,	0.000054,	0.000021,	0.000013,	0.000000
175,	0.000063,	0.000021,	0.000013,	0.000000
176,	0.000071,	0.000021,	0.000013,	0.000000
177,	0.000079,	0.000021,	0.000013,	0.000000
178,	0.000087,	0.000021,	0.000013,	0.000001
179,	0.000096,	0.000021,	0.000013,	0.000161
180,	0.000004,	0.000029,	0.000013,	0.000161
181,	0.000013,	0.000029,	0.000013,	0.000001
182,	0.000021,	0.000029,	0.000013,	0.000000
183,	0.000029,	0.000029,	0.000013,	0.000000
184,	0.000038,	0.000029,	0.000013,	0.000000
185,	0.000046,	0.000029,	0.000013,	0.000000
186,	0.000054,	0.000029,	0.000013,	0.000000
187,	0.000063,	0.000029,	0.000013,	0.000000
188,	0.000071,	0.000029,	0.000013,	0.000000
189,	0.000079,	0.000029,	0.000013,	0.000000
190,	0.000087,	0.000029,	0.000013,	0.000001
191,	0.000096,	0.000029,	0.000013,	0.000161
192,	0.000004,	0.000038,	0.000013,	0.000161
193,	0.000013,	0.000038,	0.000013,	0.000001
194,	0.000021,	0.000038,	0.000013,	0.000000
195,	0.000029,	0.000038,	0.000013,	0.000000
196,	0.000038,	0.000038,	0.000013,	0.000000
197,	0.000046,	0.000038,	0.000013,	0.000000
198,	0.000054,	0.000038,	0.000013,	0.000000
199,	0.000063,	0.000038,	0.000013,	0.000000
200,	0.000071,	0.000038,	0.000013,	0.000000
201,	0.000079,	0.000038,	0.000013,	0.000000
202,	0.000087,	0.000038,	0.000013,	0.000001
203,	0.000096,	0.000038,	0.000013,	0.000161
204,	0.000004,	0.000046,	0.000013,	0.000161
205,	0.000013,	0.000046,	0.000013,	0.000001
206,	0.000021,	0.000046,	0.000013,	0.000000
207,	0.000029,	0.000046,	0.000013,	0.000000
208,	0.000038,	0.000046,	0.000013,	0.000000
209,	0.000046,	0.000046,	0.000013,	0.000000
210,	0.000054,	0.000046,	0.000013,	0.000000
211,	0.000063,	0.000046,	0.000013,	0.000000
212,	0.000071,	0.000046,	0.000013,	0.000000
213,	0.000079,	0.000046,	0.000013,	0.000000
214,	0.000087,	0.000046,	0.000013,	0.000001
215,	0.000096,	0.000046,	0.000013,	0.000161
216,	0.000004,	0.000054,	0.000013,	0.000161
217,	0.000013,	0.000054,	0.000013,	0.000001
218,	0.000021,	0.000054,	0.000013,	0.000000
219,	0.000029,	0.000054,	0.000013,	0.000000
220,	0.000038,	0.000054,	0.000013,	0.000000
221,	0.000046,	0.000054,	0.000013,	0.000000
222,	0.000054,	0.000054,	0.000013,	0.000000
223,	0.000063,	0.000054,	0.000013,	0.000000
224,	0.000071,	0.000054,	0.000013,	0.000000
225,	0.000079,	0.000054,	0.000013,	0.000000
226,	0.000087,	0.000054,	0.000013,	0.000001
227,	0.000096,	0.000054,	0.000013,	0.000161
228,	0.000004,	0.000063,	0.000013,	0.000161
229,	0.000013,	0.000063,	0.000013,	0.000001
230,	0.000021,	0.000063,	0.000013,	0.000000
231,	0.000029,	0.000063,	0.000013,	0.000000
232,	0.000038,	0.000063,	0.000013,	0.000000
233,	0.000046,	0.000063,	0.000013,	0.000000
234,	0.000054,	0.000063,	0.000013,	0.000000
235,	0.000063,	0.000063,	0.000013,	0.000000
236,	0.000071,	0.000063,	0.000013,	0.000000
237,	0.000079,	0.000063,	0.000013,	0.000000
238,	0.000087,	0.000063,	0.000013,	0.000001
239,	0.000096,	0.000063,	0.000013,	0.000161
240,	0.000004,	0.000071,	0.000013,	0.000161
241,	0.000013,	0.000071,	0.000013,	0.000001
242,	0.000021,	0.000071,	0.000013,	0.000000
243,	0.000029,	0.000071,	0.000013,	0.000000
244,	0.000038,	0.000071,	0.000013,	0.000000
245,	0.000046,	0.000071,	0.000013,	0.000000
246,	0.000054,	0.000071,	0.000013,	0.000000
247,	0.000063,	0.000071,	0.000013,	0.000000
248,	0.000071,	0.000071,	0.000013,	0.000000
249,	0.000079,	0.000071,	0.000013,	0.000000
250,	0.000087,	0.000071,	0.000013,	0.000001
251,	0.000096,	0.000071,	0.000013,	0.000161
252,	0.000004,	0.000079,	0.000013,	0.000161
253,	0.000013,	0.000079,	0.000013,	0.000001
254,	0.000021,	0.000079,	0.000013,	0.000000
255,	0.000029,	0.000079,	0.000013,	0.000000
256,	0.000038,	0.000079,	0.000013,	0.000000
257,	0.000046,	0.000079,	0.000013,	0.000000
258,	0.000054,	0.000079,	0.000013,	0.000000
259,	0.000063,	0.000079,	0.000013,	0.000000
260,	0.000071,	0.000079,	0.000013,	0.000000
261,	0.000079,	0.000079,	0.000013,	0.000000
262,	0.000087,	0.000079,	0.000013,	0.000001
263,	0.000096,	0.000079,	0.000013,	0.000161
264,	0.000004,	0.000087,	0.000013,	0.000161
265,	0.000013,	0.000087,	0.000013,	0.000001
266,	0.000021,	0.000087,	0.000013,	0.000001
267,	0.000029,	0.000087,	0.000013,	0.000001
268,	0.000038,	0.000087,	0.000013,	0.000001
269,	0.000046,	0.000087,	0.000013,	0.000001
270,	0.000054,	0.000087,	0.000013,	0.000001
271,	0.000063,	0.000087,	0.000013,	0.000001
272,	0.000071,	0.000087,	0.000013,	0.000001
273,	0.000079,	0.000087,	0.000013,	0.000001
274,	0.000087,	0.000087,	0.000013,	0.000001
275,	0.000096,	0.000087,	0.000013,	0.000161
276,	0.000004,	0.000096,	0.000013,	0.000320
277,	0.000013,	0.000096,	0.000013,	0.000161
278,	0.000021,	0.000096,	0.000013,	0.000161
279,	0.000029,	0.000096,	0.000013,	0.000161
280,	0.000038,	0.000096,	0.000013,	0.000161
281,	0.000046,	0.000096,	0.000013,	0.000161
282,	0.000054,	0.000096,	0.000013,	0.000161
283,	0.000063,	0.000096,	0.000013,	0.000161
284,	0.000071,	0.000096,	0.000013,	0.000161
285,	0.000079,	0.000096,	0.000013,	0.000161
286,	0.000087,	0.000096,	0.000013,	0.000161
287,	0.000096,	0.000096,	0.000013,	0.000320
288,	0.000004,	0.000004,	0.000021,	0.000320
289,	0.000013,	0.000004,	0.000021,	0.000161
290,	0.000021,	0.000004,	0.000021,	0.000161
291,	0.000029,	0.000004,	0.000021,	0.000161
292,	0.000038,	0.000004,	0.000021,	0.000161
293,	0.000046,	0.000004,	0.000021,	0.000161
294,	0.000054,	0.000004,	0.000021,	0.000161
295,	0.000063,	0.000004,	0.000021,	0.000161
296,	0.000071,	0.000004,	0.000021,	0.000161
297,	0.000079,	0.000004,	0.000021,	0.000161
298,	0.000087,	0.000004,	0.000021,	0.000161
299,	0.000096,	0.000004,	0.000021,	0.000320
300,	0.000004,	0.000013,	0.000021,	0.000161
301,	0.000013,	0.000013,	0.000021,	0.000001
302,	0.000021,	0.000013,	0.000021,	0.000000
303,	0.000029,	0.000013,	0.000021,	0.000000
304,	0.000038,	0.000013,	0.000021,	0.000000
305,	0.000046,	0.000013,	0.000021,	0.000000
306,	0.000054,	0.000013,	0.000021,	0.000000
307,	0.000063,	0.000013,	0.000021,	0.000000
308,	0.000071,	0.000013,	0.000021,	0.000000
309,	0.000079,	0.000013,	0.000021,	0.000000
310,	0.000087,	0.000013,	0.000021,	0.000001
311,	0.000096,	0.000013,	0.000021,	0.000161
312,	0.000004,	0.000021,	0.000021,	0.000161
313,	0.000013,	0.000021,	0.000021,	0.000000
314,	0.000021,	0.000021,	0.000021,	0.000000
315,	0.000029,	0.000021,	0.000021,	0.000000
316,	0.000038,	0.000021,	0.000021,	0.000000
317,	0.000046,	0.000021,	0.000021,	0.000000
318,	0.000054,	0.000021,	0.000021,	0.000000
319,	0.000063,	0.000021,	0.000021,	0.000000
320,	0.000071,	0.000021,	0.000021,	0.000000
321,	0.000079,	0.000021,	0.000021,	0.000000
322,	0.000087,	0.000021,	0.000021,	0.000000
323,	0.000096,	0.000021,	0.000021,	0.000161
324,	0.000004,	0.000029,	0.000021,	0.000161
325,	0.000013,	0.000029,	0.000021,	0.000000
326,	0.000021,	0.000029,	0.000021,	0.000000
327,	0.000029,	0.000029,	0.000021,	0.000000
328,	0.000038,	0.000029,	0.000021,	0.000000
329,	0.000046,	0.000029,	0.000021,	0.000000
330,	0.000054,	0.000029,	0.000021,	0.000000
331,	0.000063,	0.000029,	0.000021,	0.000000
332,	0.000071,	0.000029,	0.000021,	0.000000
333,	0.000079,	0.000029,	0.000021,	0.000000
334,	0.000087,	0.000029,	0.000021,	0.000000
335,	0.000096,	0.000029,	0.000021,	0.000161
336,	0.000004,	0.000038,	0.000021,	0.000161
337,	0.000013,	0.000038,	0.000021,	0.000000
338,	0.000021,	0.000038,	0.000021,	0.000000
339,	0.000029,	0.000038,	0.000021,	0.000000
340,	0.000038,	0.000038,	0.000021,	0.000000
341,	0.000046,	0.000038,	0.000021,	0.000000
342,	0.000054,	0.000038,	0.000021,	0.000000
343,	0.000063,	0.000038,	0.000021,	0.000000
344,	0.000071,	0.000038,	0.000021,	0.000000
345,	0.000079,	0.000038,	0.000021,	0.000000
346,	0.000087,	0.000038,	0.000021,	0.000000
347,	0.000096,	0.000038,	0.000021,	0.000161
348,	0.000004,	0.000046,	0.000021,	0.000161
349,	0.000013,	0.000046,	0.000021,	0.000000
350,	0.000021,	0.000046,	0.000021,	0.000000
351,	0.000029,	0.000046,	0.000021,	0.000000
352,	0.000038,	0.000046,	0.000021,	0.000000
353,	0.000046,	0.000046,	0.000021,	0.000000
354,	0.000054,	0.000046,	0.000021,	0.000000
355,	0.000063,	0.000046,	0.000021,	0.000000
356,	0.000071,	0.000046,	0.000021,	0.000000
357,	0.000079,	0.000046,	0.000021,	0.000000
358,	0.000087,	0.000046,	0.000021,	0.000000
359,	0.000096,	0.000046,	0.000021,	0.000161
360,	0.000004,	0.000054,	0.000021,	0.000161
361,	0.000013,	0.000054,	0.000021,	0.000000
362,	0.000021,	0.000054,	0.000021,	0.000000
363,	0.000029,	0.000054,	0.000021,	0.000000
364,	0.000038,	0.000054,	0.000021,	0.000000
365,	0.000046,	0.000054,	0.000021,	0.000000
366,	0.000054,	0.000054,	0.000021,	0.000000
367,	0.000063,	0.000054,	0.000021,	0.000000
368,	0.000071,	0.000054,	0.000021,	0.000000
369,	0.000079,	0.000054,	0.000021,	0.000000
370,	0.000087,	0.000054,	0.000021,	0.000000
371,	0.000096,	0.000054,	0.000021,	0.000161
372,	0.000004,	0.000063,	0.000021,	0.000161
373,	0.000013,	0.000063,	0.000021,	0.000000
374,	0.000021,	0.000063,	0.000021,	0.000000
375,	0.000029,	0.000063,	0.000021,	0.000000
376,	0.000038,	0.000063,	0.000021,	0.000000
377,	0.000046,	0.000063,	0.000021,	0.000000
378,	0.000054,	0.000063,	0.000021,	0.000000
379,	0.000063,	0.000063,	0.000021,	0.000000
380,	0.000071,	0.000063,	0.000021,	0.000000
381,	0.000079,	0.000063,	0.000021,	0.000000
382,	0.000087,	0.000063,	0.000021,	0.000000
383,	0.000096,	0.000063,	0.000021,	0.000161
384,	0.000004,	0.000071,	0.000021,	0.000161
385,	0.000013,	0.000071,	0.000021,	0.000000
386,	0.000021,	0.000071,	0.000021,	0.000000
387,	0.000029,	0.000071,	0.000021,	0.000000
388,	0.000038,	0.000071,	0.000021,	0.000000
389,	0.000046,	0.000071,	0.000021,	0.000000
390,	0.000054,	0.000071,	0.000021,	0.000000
391,	0.000063,	0.000071,	0.000021,	0.000000
392,	0.000071,	0.000071,	0.000021,	0.000000
393,	0.000079,	0.000071,	0.000021,	0.000000
394,	0.000087,	0.000071,	0.000021,	0.000000
395,	0.000096,	0.000071,	0.000021,	0.000161
396,	0.000004,	0.000079,	0.000021,	0.000161
397,	0.000013,	0.000079,	0.000021,	0.000000
398,	0.000021,	0.000079,	0.000021,	0.000000
399,	0.000029,	0.000079,	0.000021,	0.000000
400,	0.000038,	0.000079,	0.000021,	0.000000
401,	0.000046,	0.000079,	0.000021,	0.000000
402,	0.000054,	0.000079,	0.000021,	0.000000
403,	0.000063,	0.000079,	0.000021,	0.000000
404,	0.000071,	0.000079,	0.000021,	0.000000
405,	0.000079,	0.000079,	0.000021,	0.000000
406,	0.000087,	0.000079,	0.000021,	0.000000
407,	0.000096,	0.000079,	0.000021,	0.000161
408,	0.000004,	0.000087,	0.000021,	0.000161
409,	0.000013,	0.000087,	0.000021,	0.000001
410,	0.000021,	0.000087,	0.000021,	0.000000
411,	0.000029,	0.000087,	0.000021,	0.000000
412,	0.000038,	0.000087,	0.000021,	0.000000
413,	0.000046,	0.000087,	0.000021,	0.000000
414,	0.000054,	0.000087,	0.000021,	0.000000
415,	0.000063,	0.000087,	0.000021,	0.000000
416,	0.000071,	0.000087,	0.000021,	0.000000
417,	0.000079,	0.000087,	0.000021,	0.000000
418,	0.000087,	0.000087,	0.000021,	0.000001
419,	0.000096,	0.000087,	0.000021,	0.000161
420,	0.000004,	0.000096,	0.000021,	0.000320
421,	0.000013,	0.000096,	0.000021,	0.000161
422,	0.000021,	0.000096,	0.000021,	0.000161
423,	0.000029,	0.000096,	0.000021,	0.000161
424,	0.000038,	0.000096,	0.000021,	0.000161
425,	0.000046,	0.000096,	0.000021,	0.000161
426,	0.000054,	0.000096,	0.000021,	0.000161
427,	0.000063,	0.000096,	0.000021,	0.000161
428,	0.000071,	0.000096,	0.000021,	0.000161
429,	0.000079,	0.000096,	0.000021,	0.000161
430,	0.000087,	0.000096,	0.000021,	0.000161
431,	0.000096,	0.000096,	0.000021,	0.000320
432,	0.000004,	0.000004,	0.000029,	0.000320
433,	0.000013,	0.000004,	0.000029,	0.000161
434,	0.000021,	0.000004,	0.000029,	0.000161
435,	0.000029,	0.000004,	0.000029,	0.000161
436,	0.000038,	0.000004,	0.000029,	0.000161
437,	0.000046,	0.000004,	0.000029,	0.000161
438,	0.000054,	0.000004,	0.000029,	0.000161
439,	0.000063,	0.000004,	0.000029,	0.000161
440,	0.000071,	0.000004,	0.000029,	0.000161
441,	0.000079,	0.000004,	0.000029,	0.000161
442,	0.000087,	0.000004,	0.000029,	0.000161
443,	0.000096,	0.000004,	0.000029,	0.000320
444,	0.000004,	0.000013,	0.000029,	0.000161
445,	0.000013,	0.000013,	0.000029,	0.000001
446,	0.000021,	0.000013,	0.000029,	0.000000
447,	0.000029,	0.000013,	0.000029,	0.000000
448,	0.000038,	0.000013,	0.000029,	0.000000
449,	0.000046,	0.000013,	0.000029,	0.000000
450,	0.000054,	0.000013,	0.000029,	0.000000
451,	0.000063,	0.000013,	0.000029,	0.000000
452,	0.000071,	0.000013,	0.000029,	0.000000
453,	0.000079,	0.000013,	0.000029,	0.000000
454,	0.000087,	0.000013,	0.000029,	0.000001
455,	0.000096,	0.000013,	0.000029,	0.000161
456,	0.000004,	0.000021,	0.000029,	0.000161
457,	0.000013,	0.000021,	0.000029,	0.000000
458,	0.000021,	0.000021,	0.000029,	0.000000
459,	0.000029,	0.000021,	0.000029,	0.000000
460,	0.000038,	0.000021,	0.000029,	0.000000
461,	0.000046,	0.000021,	0.000029,	0.000000
462,	0.000054,	0.000021,	0.000029,	0.000000
463,	0.000063,	0.000021,	0.000029,	0.000000
464,	0.000071,	0.000021,	0.000029,	0.000000
465,	0.000079,	0.000021,	0.000029,	0.000000
466,	0.000087,	0.000021,	0.000029,	0.000000
467,	0.000096,	0.000021,	0.000029,	0.000161
468,	0.000004,	0.000029,	0.000029,	0.000161
469,	0.000013,	0.000029,	0.000029,	0.000000
470,	0.000021,	0.000029,	0.000029,	0.000000
471,	0.000029,	0.000029,	0.000029,	0.000000
472,	0.000038,	0.000029,	0.000029,	0.000000
473,	0.000046,	0.000029,	0.000029,	0.000000
474,	0.000054,	0.000029,	0.000029,	0.000000
475,	0.000063,	0.000029,	0.000029,	0.000000
476,	0.000071,	0.000029,	0.000029,	0.000000
477,	0.000079,	0.000029,	0.000029,	0.000000
478,	0.000087,	0.000029,	0.000029,	0.000000
479,	0.000096,	0.000029,	0.000029,	0.000161
480,	0.000004,	0.000038,	0.000029,	0.000161
481,	0.000013,	0.000038,	0.000029,	0.000000
482,	0.000021,	0.000038,	0.000029,	0.000000
483,	0.000029,	0.000038,	0.000029,	0.000000
484,	0.000038,	0.000038,	0.000029,	0.000000
485,	0.000046,	0.000038,	0.000029,	0.000000
486,	0.000054,	0.000038,	0.000029,	0.000000
487,	0.000063,	0.000038,	0.000029,	0.000000
488,	0.000071,	0.000038,	0.000029,	0.000000
489,	0.000079,	0.000038,	0.000029,	0.000000
490,	0.000087,	0.000038,	0.000029,	0.000000
491,	0.000096,	0.000038,	0.000029,	0.000161
492,	0.000004,	0.000046,	0.000029,	0.000161
493,	0.000013,	0.000046,	0.000029,	0.000000
494,	0.000021,	0.000046,	0.000029,	0.000000
495,	0.000029,	0.000046,	0.000029,	0.000000
496,	0.000038,	0.000046,	0.000029,	0.000000
497,	0.000046,	0.000046,	0.000029,	0.000000
498,	0.000054,	0.000046,	0.000029,	0.000000
499,	0.000063,	0.000046,	0.000029,	0.000000
500,	0.000071,	0.000046,	0.000029,	0.000000
501,	0.000079,	0.000046,	0.000029,	0.000000
502,	0.000087,	0.000046,	0.000029,	0.000000
503,	0.000096,	0.000046,	0.000029,	0.000161
504,	0.000004,	0.000054,	0.000029,	0.000161
505,	0.000013,	0.000054,	0.000029,	0.000000
506,	0.000021,	0.000054,	0.000029,	0.000000
507,	0.000029,	0.000054,	0.000029,	0.000000
508,	0.000038,	0.000054,	0.000029,	0.000000
509,	0.000046,	0.000054,	0.000029,	0.000000
510,	0.000054,	0.000054,	0.000029,	0.000000
511,	0.000063,	0.000054,	0.000029,	0.000000
512,	0.000071,	0.000054,	0.000029,	0.000000
513,	0.000079,	0.000054,	0.000029,	0.000000
514,	0.000087,	0.000054,	0.000029,	0.000000
515,	0.000096,	0.000054,	0.000029,	0.000161
516,	0.000004,	0.000063,	0.000029,	0.000161
517,	0.000013,	0.000063,	0.000029,	0.000000
518,	0.000021,	0.000063,	0.000029,	0.000000
519,	0.000029,	0.000063,	0.000029,	0.000000
520,	0.000038,	0.000063,	0.000029,	0.000000
521,	0.000046,	0.000063,	0.000029,	0.000000
522,	0.000054,	0.000063,	0.000029,	0.000000
523,	0.000063,	0.000063,	0.000029,	0.000000
524,	0.000071,	0.000063,	0.000029,	0.000000
525,	0.000079,	0.000063,	0.000029,	0.000000
526,	0.000087,	0.000063,	0.000029,	0.000000
527,	0.000096,	0.000063,	0.000029,	0.000161
528,	0.000004,	0.000071,	0.000029,	0.000161
529,	0.000013,	0.000071,	0.000029,	0.000000
530,	0.000021,	0.000071,	0.000029,	0.000000
531,	0.000029,	0.000071,	0.000029,	0.000000
532,	0.000038,	0.000071,	0.000029,	0.000000
533,	0.000046,	0.000071,	0.000029,	0.000000
534,	0.000054,	0.000071,	0.000029,	0.000000
535,	0.000063,	0.000071,	0.000029,	0.000000
536,	0.000071,	0.000071,	0.000029,	0.000000
537,	0.000079,	0.000071,	0.000029,	0.000000
538,	0.000087,	0.000071,	0.000029,	0.000000
539,	0.000096,	0.000071,	0.000029,	0.000161
540,	0.000004,	0.000079,	0.000029,	0.000161
541,	0.000013,	0.000079,	0.000029,	0.000000
542,	0.000021,	0.000079,	0.000029,	0.000000
543,	0.000029,	0.000079,	0.000029,	0.000000
544,	0.000038,	0.000079,	0.000029,	0.000000
545,	0.000046,	0.000079,	0.000029,	0.000000
546,	0.000054,	0.000079,	0.000029,	0.000000
547,	0.000063,	0.000079,	0.000029,	0.000000
548,	0.000071,	0.000079,	0.000029,	0.000000
549,	0.000079,	0.000079,	0.000029,	0.000000
550,	0.000087,	0.000079,	0.000029,	0.000000
551,	0.000096,	0.000079,	0.000029,	0.000161
552,	0.000004,	0.000087,	0.000029,	0.000161
553,	0.000013,	0.000087,	0.000029,	0.000001
554,	0.000021,	0.000087,	0.000029,	0.000000
555,	0.000029,	0.000087,	0.000029,	0.000000
556,	0.000038,	0.000087,	0.000029,	0.000000
557,	0.000046,	0.000087,	0.000029,	0.000000
558,	0.000054,	0.000087,	0.000029,	0.000000
559,	0.000063,	0.000087,	0.000029,	0.000000
560,	0.000071,	0.000087,	0.000029,	0.000000
561,	0.000079,	0.000087,	0.000029,	0.000000
562,	0.000087,	0.000087,	0.000029,	0.000001
563,	0.000096,	0.000087,	0.000029,	0.000161
564,	0.000004,	0.000096,	0.000029,	0.000320
565,	0.000013,	0.000096,	0.000029,	0.000161
566,	0.000021,	0.000096,	0.000029,	0.000161
567,	0.000029,	0.000096,	0.000029,	0.000161
568,	0.000038,	0.000096,	0.000029,	0.000161
569,	0.000046,	0.000096,	0.000029,	0.000161
570,	0.000054,	0.000096,	0.000029,	0.000161
571,	0.000063,	0.000096,	0.000029,	0.000161
572,	0.000071,	0.000096,	0.000029,	0.000161
573,	0.000079,	0.000096,	0.000029,	0.000161
574,	0.000087,	0.000096,	0.000029,	0.000161
575,	0.000096,	0.000096,	0.000029,	0.000320
576,	0.000004,	0.000004,	0.000038,	0.000320
577,	0.000013,	0.000004,	0.000038,	0.000161
578,	0.000021,	0.000004,	0.000038,	0.000161
579,	0.000029,	0.000004,	0.000038,	0.000161
580,	0.000038,	0.000004,	0.000038,	0.000161
581,	0.000046,	0.000004,	0.000038,	0.000161
582,	0.000054,	0.000004,	0.000038,	0.000161
583,	0.000063,	0.000004,	0.000038,	0.000161
584,	0.000071,	0.000004,	0.000038,	0.000161
585,	0.000079,	0.000004,	0.000038,	0.000161
586,	0.000087,	0.000004,	0.000038,	0.000161
587,	0.000096,	0.000004,	0.000038,	0.000320
588,	0.000004,	0.000013,	0.000038,	0.000161
589,	0.000013,	0.000013,	0.000038,	0.000001
590,	0.000021,	0.000013,	0.000038,	0.000000
591,	0.000029,	0.000013,	0.000038,	0.000000
592,	0.000038,	0.000013,	0.000038,	0.000000
593,	0.000046,	0.000013,	0.000038,	0.000000
594,	0.000054,	0.000013,	0.000038,	0.000000
595,	0.000063,	0.000013,	0.000038,	0.000000
596,	0.000071,	0.000013,	0.000038,	0.000000
597,	0.000079,	0.000013,	0.000038,	0.000000
598,	0.000087,	0.000013,	0.000038,	0.000001
599,	0.000096,	0.000013,	0.000038,	0.000161
600,	0.000004,	0.000021,	0.000038,	0.000161
601,	0.000013,	0.000021,	0.000038,	0.000000
602,	0.000021,	0.000021,	0.000038,	0.000000
603,	0.000029,	0.000021,	0.000038,	0.000000
604,	0.000038,	0.000021,	0.000038,	0.000000
605,	0.000046,	0.000021,	0.000038,	0.000000
606,	0.000054,	0.000021,	0.000038,	0.000000
607,	0.000063,	0.000021,	0.000038,	0.000000
608,	0.000071,	0.000021,	0.000038,	0.000000
609,	0.000079,	0.000021,	0.000038,	0.000000
610,	0.000087,	0.000021,	0.000038,	0.000000
611,	0.000096,	0.000021,	0.000038,	0.000161
612,	0.000004,	0.000029,	0.000038,	0.000161
613,	0.000013,	0.000029,	0.000038,	0.000000
614,	0.000021,	0.000029,	0.000038,	0.000000
615,	0.000029,	0.000029,	0.000038,	0.000000
616,	0.000038,	0.000029,	0.000038,	0.000000
617,	0.000046,	0.000029,	0.000038,	0.000000
618,	0.000054,	0.000029,	0.000038,	0.000000
619,	0.000063,	0.000029,	0.000038,	0.000000
620,	0.000071,	0.000029,	0.000038,	0.000000
621,	0.000079,	0.000029,	0.000038,	0.000000
622,	0.000087,	0.000029,	0.000038,	0.000000
623,	0.000096,	0.000029,	0.000038,	0.000161
624,	0.000004,	0.000038,	0.000038,	0.000161
625,	0.000013,	0.000038,	0.000038,	0.000000
626,	0.000021,	0.000038,	0.000038,	0.000000
627,	0.000029,	0.000038,	0.000038,	0.000000
628,	0.000038,	0.000038,	0.000038,	0.000000
629,	0.000046,	0.000038,	0.000038,	0.000000
630,	0.000054,	0.000038,	0.000038,	0.000000
631,	0.000063,	0.000038,	0.000038,	0.000000
632,	0.000071,	0.000038,	0.000038,	0.000000
633,	0.000079,	0.000038,	0.000038,	0.000000
634,	0.000087,	0.000038,	0.000038,	0.000000
635,	0.000096,	0.000038,	0.000038,	0.000161
636,	0.000004,	0.000046,	0.000038,	0.000161
637,	0.000013,	0.000046,	0.000038,	0.000000
638,	0.000021,	0.000046,	0.000038,	0.000000
639,	0.000029,	0.000046,	0.000038,	0.000000
640,	0.000038,	0.000046,	0.000038,	0.000000
641,	0.000046,	0.000046,	0.000038,	0.000000
642,	0.000054,	0.000046,	0.000038,	0.000000
643,	0.000063,	0.000046,	0.000038,	0.000000
644,	0.000071,	0.000046,	0.000038,	0.000000
645,	0.000079,	0.000046,	0.000038,	0.000000
646,	0.000087,	0.000046,	0.000038,	0.000000
647,	0.000096,	0.000046,	0.000038,	0.000161
648,	0.000004,	0.000054,	0.000038,	0.000161
649,	0.000013,	0.000054,	0.000038,	0.000000
650,	0.000021,	0.000054,	0.000038,	0.000000
651,	0.000029,	0.000054,	0.000038,	0.000000
652,	0.000038,	0.000054,	0.000038,	0.000000
653,	0.000046,	0.000054,	0.000038,	0.000000
654,	0.000054,	0.000054,	0.000038,	0.000000
655,	0.000063,	0.000054,	0.000038,	0.000000
656,	0.000071,	0.000054,	0.000038,	0.000000
657,	0.000079,	0.000054,	0.000038,	0.000000
658,	0.000087,	0.000054,	0.000038,	0.000000
659,	0.000096,	0.000054,	0.000038,	0.000161
660,	0.000004,	0.000063,	0.000038,	0.000161
661,	0.000013,	0.000063,	0.000038,	0.000000
662,	0.000021,	0.000063,	0.000038,	0.000000
663,	0.000029,	0.000063,	0.000038,	0.000000
664,	0.000038,	0.000063,	0.000038,	0.000000
665,	0.000046,	0.000063,	0.000038,	0.000000
666,	0.000054,	0.000063,	0.000038,	0.000000
667,	0.000063,	0.000063,	0.000038,	0.000000
668,	0.000071,	0.000063,	0.000038,	0.000000
669,	0.000079,	0.000063,	0.000038,	0.000000
670,	0.000087,	0.000063,	0.000038,	0.000000
671,	0.000096,	0.000063,	0.000038,	0.000161
672,	0.000004,	0.000071,	0.000038,	0.000161
673,	0.000013,	0.000071,	0.000038,	0.000000
674,	0.000021,	0.000071,	0.000038,	0.000000
675,	0.000029,	0.000071,	0.000038,	0.000000
676,	0.000038,	0.000071,	0.000038,	0.000000
677,	0.000046,	0.000071,	0.000038,	0.000000
678,	0.000054,	0.000071,	0.000038,	0.000000
679,	0.000063,	0.000071,	0.000038,	0.000000
680,	0.000071,	0.000071,	0.000038,	0.000000
681,	0.000079,	0.000071,	0.000038,	0.000000
682,	0.000087,	0.000071,	0.000038,	0.000000
683,	0.000096,	0.000071,	0.000038,	0.000161
684,	0.000004,	0.000079,	0.000038,	0.000161
685,	0.000013,	0.000079,	0.000038,	0.000000
686,	0.000021,	0.000079,	0.000038,	0.000000
687,	0.000029,	0.000079,	0.000038,	0.000000
688,	0.000038,	0.000079,	0.000038,	0.000000
689,	0.000046,	0.000079,	0.000038,	0.000000
690,	0.000054,	0.000079,	0.000038,	0.000000
691,	0.000063,	0.000079,	0.000038,	0.000000
692,	0.000071,	0.000079,	0.000038,	0.000000
693,	0.000079,	0.000079,	0.000038,	0.000000
694,	0.000087,	0.000079,	0.000038,	0.000000
695,	0.000096,	0.000079,	0.000038,	0.000161
696,	0.000004,	0.000087,	0.000038,	0.000161
697,	0.000013,	0.000087,	0.000038,	0.000001
698,	0.000021,	0.000087,	0.000038,	0.000000
699,	0.000029,	0.000087,	0.000038,	0.000000
700,	0.000038,	0.000087,	0.000038,	0.000000
701,	0.000046,	0.000087,	0.000038,	0.000000
702,	0.000054,	0.000087,	0.000038,	0.000000
703,	0.000063,	0.000087,	0.000038,	0.000000
704,	0.000071,	0.000087,	0.000038,	0.000000
705,	0.000079,	0.000087,	0.000038,	0.000000
706,	0.000087,	0.000087,	0.000038,	0.000001
707,	0.000096,	0.000087,	0.000038,	0.000161
708,	0.000004,	0.000096,	0.000038,	0.000320
709,	0.000013,	0.000096,	0.000038,	0.000161
710,	0.000021,	0.000096,	0.000038,	0.000161
711,	0.000029,	0.000096,	0.000038,	0.000161
712,	0.000038,	0.000096,	0.000038,	0.000161
713,	0.000046,	0.000096,	0.000038,	0.000161
714,	0.000054,	0.000096,	0.000038,	0.000161
715,	0.000063,	0.000096,	0.000038,	0.000161
716,	0.000071,	0.000096,	0.000038,	0.000161
717,	0.000079,	0.000096,	0.000038,	0.000161
718,	0.000087,	0.000096,	0.000038,	0.000161
719,	0.000096,	0.000096,	0.000038,	0.000320
720,	0.000004,	0.000004,	0.000046,	0.000320
721,	0.000013,	0.000004,	0.000046,	0.000161
722,	0.000021,	0.000004,	0.000046,	0.000161
723,	0.000029,	0.000004,	0.000046,	0.000161
724,	0.000038,	0.000004,	0.000046,	0.000161
725,	0.000046,	0.000004,	0.000046,	0.000161
726,	0.000054,	0.000004,	0.000046,	0.000161
727,	0.000063,	0.000004,	0.000046,	0.000161
728,	0.000071,	0.000004,	0.000046,	0.000161
729,	0.000079,	0.000004,	0.000046,	0.000161
730,	0.000087,	0.000004,	0.000046,	0.000161
731,	0.000096,	0.000004,	0.000046,	0.000320
732,	0.000004,	0.000013,	0.000046,	0.000161
733,	0.000013,	0.000013,	0.000046,	0.000001
734,	0.000021,	0.000013,	0.000046,	0.000000
735,	0.000029,	0.000013,	0.000046,	0.000000
736,	0.000038,	0.000013,	0.000046,	0.000000
737,	0.000046,	0.000013,	0.000046,	0.000000
738,	0.000054,	0.000013,	0.000046,	0.000000
739,	0.000063,	0.000013,	0.000046,	0.000000
740,	0.000071,	0.000013,	0.000046,	0.000000
741,	0.000079,	0.000013,	0.000046,	0.000000
742,	0.000087,	0.000013,	0.000046,	0.000001
743,	0.000096,	0.000013,	0.000046,	0.000161
744,	0.000004,	0.000021,	0.000046,	0.000161
745,	0.000013,	0.000021,	0.000046,	0.000000
746,	0.000021,	0.000021,	0.000046,	0.000000
747,	0.000029,	0.000021,	0.000046,	0.000000
748,	0.000038,	0.000021,	0.000046,	0.000000
749,	0.000046,	0.000021,	0.000046,	0.000000
750,	0.000054,	0.000021,	0.000046,	0.000000
751,	0.000063,	0.000021,	0.000046,	0.000000
752,	0.000071,	0.000021,	0.000046,	0.000000
753,	0.000079,	0.000021,	0.000046,	0.000000
754,	0.000087,	0.000021,	0.000046,	0.000000
755,	0.000096,	0.000021,	0.000046,	0.000161
756,	0.000004,	0.000029,	0.000046,	0.000161
757,	0.000013,	0.000029,	0.000046,	0.000000
758,	0.000021,	0.000029,	0.000046,	0.000000
759,	0.000029,	0.000029,	0.000046,	0.000000
760,	0.000038,	0.000029,	0.000046,	0.000000
761,	0.000046,	0.000029,	0.000046,	0.000000
762,	0.000054,	0.000029,	0.000046,	0.000000
763,	0.000063,	0.000029,	0.000046,	0.000000
764,	0.000071,	0.000029,	0.000046,	0.000000
765,	0.000079,	0.000029,	0.000046,	0.000000
766,	0.000087,	0.000029,	0.000046,	0.000000
767,	0.000096,	0.000029,	0.000046,	0.000161
768,	0.000004,	0.000038,	0.000046,	0.000161
769,	0.000013,	0.000038,	0.000046,	0.000000
770,	0.000021,	0.000038,	0.000046,	0.000000
771,	0.000029,	0.000038,	0.000046,	0.000000
772,	0.000038,	0.000038,	0.000046,	0.000000
773,	0.000046,	0.000038,	0.000046,	0.000000
774,	0.000054,	0.000038,	0.000046,	0.000000
775,	0.000063,	0.000038,	0.000046,	0.000000
776,	0.000071,	0.000038,	0.000046,	0.000000
777,	0.000079,	0.000038,	0.000046,	0.000000
778,	0.000087,	0.000038,	0.000046,	0.000000
779,	0.000096,	0.000038,	0.000046,	0.000161
780,	0.000004,	0.000046,	0.000046,	0.000161
781,	0.000013,	0.000046,	0.000046,	0.000000
782,	0.000021,	0.000046,	0.000046,	0.000000
783,	0.000029,	0.000046,	0.000046,	0.000000
784,	0.000038,	0.000046,	0.000046,	0.000000
785,	0.000046,	0.000046,	0.000046,	0.000000
786,	0.000054,	0.000046,	0.000046,	0.000000
787,	0.000063,	0.000046,	0.000046,	0.000000
788,	0.000071,	0.000046,	0.000046,	0.000000
789,	0.000079,	0.000046,	0.000046,	0.000000
790,	0.000087,	0.000046,	0.000046,	0.000000
791,	0.000096,	0.000046,	0.000046,	0.000161
792,	0.000004,	0.000054,	0.000046,	0.000161
793,	0.000013,	0.000054,	0.000046,	0.000000
794,	0.000021,	0.000054,	0.000046,	0.000000
795,	0.000029,	0.000054,	0.000046,	0.000000
796,	0.000038,	0.000054,	0.000046,	0.000000
797,	0.000046,	0.000054,	0.000046,	0.000000
798,	0.000054,	0.000054,	0.000046,	0.000000
799,	0.000063,	0.000054,	0.000046,	0.000000
800,	0.000071,	0.000054,	0.000046,	0.000000
801,	0.000079,	0.000054,	0.000046,	0.000000
802,	0.000087,	0.000054,	0.000046,	0.000000
803,	0.000096,	0.000054,	0.000046,	0.000161
804,	0.000004,	0.000063,	0.000046,	0.000161
805,	0.000013,	0.000063,	0.000046,	0.000000
806,	0.000021,	0.000063,	0.000046,	0.000000
807,	0.000029,	0.000063,	0.000046,	0.000000
808,	0.000038,	0.000063,	0.000046,	0.000000
809,	0.000046,	0.000063,	0.000046,	0.000000
810,	0.000054,	0.000063,	0.000046,	0.000000
811,	0.000063,	0.000063,	0.000046,	0.000000
812,	0.000071,	0.000063,	0.000046,	0.000000
813,	0.000079,	0.000063,	0.000046,	0.000000
814,	0.000087,	0.000063,	0.000046,	0.000000
815,	0.000096,	0.000063,	0.000046,	0.000161
816,	0.000004,	0.000071,	0.000046,	0.000161
817,	0.000013,	0.000071,	0.000046,	0.000000
818,	0.000021,	0.000071,	0.000046,	0.000000
819,	0.000029,	0.000071,	0.000046,	0.000000
820,	0.000038,	0.000071,	0.000046,	0.000000
821,	0.000046,	0.000071,	0.000046,	0.000000
822,	0.000054,	0.000071,	0.000046,	0.000000
823,	0.000063,	0.000071,	0.000046,	0.000000
824,	0.000071,	0.000071,	0.000046,	0.000000
825,	0.000079,	0.000071,	0.000046,	0.000000
826,	0.000087,	0.000071,	0.000046,	0.000000
827,	0.000096,	0.000071,	0.000046,	0.000161
828,	0.000004,	0.000079,	0.000046,	0.000161
829,	0.000013,	0.000079,	0.000046,	0.000000
830,	0.000021,	0.000079,	0.000046,	0.000000
831,	0.000029,	0.000079,	0.000046,	0.000000
832,	0.000038,	0.000079,	0.000046,	0.000000
833,	0.000046,	0.000079,	0.000046,	0.000000
834,	0.000054,	0.000079,	0.000046,	0.000000
835,	0.000063,	0.000079,	0.000046,	0.000000
836,	0.000071,	0.000079,	0.000046,	0.000000
837,	0.000079,	0.000079,	0.000046,	0.000000
838,	0.000087,	0.000079,	0.000046,	0.000000
839,	0.000096,	0.000079,	0.000046,	0.000161
840,	0.000004,	0.000087,	0.000046,	0.000161
841,	0.000013,	0.000087,	0.000046,	0.000001
842,	0.000021,	0.000087,	0.000046,	0.000000
843,	0.000029,	0.000087,	0.000046,	0.000000
844,	0.000038,	0.000087,	0.000046,	0.000000
845,	0.000046,	0.000087,	0.000046,	0.000000
846,	0.000054,	0.000087,	0.000046,	0.000000
847,	0.000063,	0.000087,	0.000046,	0.000000
848,	0.000071,	0.000087,	0.000046,	0.000000
849,	0.000079,	0.000087,	0.000046,	0.000000
850,	0.000087,	0.000087,	0.000046,	0.000001
851,	0.000096,	0.000087,	0.000046,	0.000161
852,	0.000004,	0.000096,	0.000046,	0.000320
853,	0.000013,	0.000096,	0.000046,	0.000161
854,	0.000021,	0.000096,	0.000046,	0.000161
855,	0.000029,	0.000096,	0.000046,	0.000161
856,	0.000038,	0.000096,	0.000046,	0.000161
857,	0.000046,	0.000096,	0.000046,	0.000161
858,	0.000054,	0.000096,	0.000046,	0.000161
859,	0.000063,	0.000096,	0.000046,	0.000161
860,	0.000071,	0.000096,	0.000046,	0.000161
861,	0.000079,	0.000096,	0.000046,	0.000161
862,	0.000087,	0.000096,	0.000046,	0.000161
863,	0.000096,	0.000096,	0.000046,	0.000320
864,	0.000004,	0.000004,	0.000054,	0.000320
865,	0.000013,	0.000004,	0.000054,	0.000161
866,	0.000021,	0.000004,	0.000054,	0.000161
867,	0.000029,	0.000004,	0.000054,	0.000161
868,	0.000038,	0.000004,	0.000054,	0.000161
869,	0.000046,	0.000004,	0.000054,	0.000161
870,	0.000054,	0.000004,	0.000054,	0.000161
871,	0.000063,	0.000004,	0.000054,	0.000161
872,	0.000071,	0.000004,	0.000054,	0.000161
873,	0.000079,	0.000004,	0.000054,	0.000161
874,	0.000087,	0.000004,	0.000054,	0.000161
875,	0.000096,	0.000004,	0.000054,	0.000320
876,	0.000004,	0.000013,	0.000054,	0.000161
877,	0.000013,	0.000013,	0.000054,	0.000001
878,	0.000021,	0.000013,	0.000054,	0.000000
879,	0.000029,	0.000013,	0.000054,	0.000000
880,	0.000038,	0.000013,	0.000054,	0.000000
881,	0.000046,	0.000013,	0.000054,	0.000000
882,	0.000054,	0.000013,	0.000054,	0.000000
883,	0.000063,	0.000013,	0.000054,	0.000000
884,	0.000071,	0.000013,	0.000054,	0.000000
885,	0.000079,	0.000013,	0.000054,	0.000000
886,	0.000087,	0.000013,	0.000054,	0.000001
887,	0.000096,	0.000013,	0.000054,	0.000161
888,	0.000004,	0.000021,	0.000054,	0.000161
889,	0.000013,	0.000021,	0.000054,	0.000000
890,	0.000021,	0.000021,	0.000054,	0.000000
891,	0.000029,	0.000021,	0.000054,	0.000000
892,	0.000038,	0.000021,	0.000054,	0.000000
893,	0.000046,	0.000021,	0.000054,	0.000000
894,	0.000054,	0.000021,	0.000054,	0.000000
895,	0.000063,	0.000021,	0.000054,	0.000000
896,	0.000071,	0.000021,	0.000054,	0.000000
897,	0.000079,	0.000021,	0.000054,	0.000000
898,	0.000087,	0.000021,	0.000054,	0.000000
899,	0.000096,	0.000021,	0.000054,	0.000161
900,	0.000004,	0.000029,	0.000054,	0.000161
901,	0.000013,	0.000029,	0.000054,	0.000000
902,	0.000021,	0.000029,	0.000054,	0.000000
903,	0.000029,	0.000029,	0.000054,	0.000000
904,	0.000038,	0.000029,	0.000054,	0.000000
905,	0.000046,	0.000029,	0.000054,	0.000000
906,	0.000054,	0.000029,	0.000054,	0.000000
907,	0.000063,	0.000029,	0.000054,	0.000000
908,	0.000071,	0.000029,	0.000054,	0.000000
909,	0.000079,	0.000029,	0.000054,	0.000000
910,	0.000087,	0.000029,	0.000054,	0.000000
911,	0.000096,	0.000029,	0.000054,	0.000161
912,	0.000004,	0.000038,	0.000054,	0.000161
913,	0.000013,	0.000038,	0.000054,	0.000000
914,	0.000021,	0.000038,	0.000054,	0.000000
915,	0.000029,	0.000038,	0.000054,	0.000000
916,	0.000038,	0.000038,	0.000054,	0.000000
917,	0.000046,	0.000038,	0.000054,	0.000000
918,	0.000054,	0.000038,	0.000054,	0.000000
919,	0.000063,	0.000038,	0.000054,	0.000000
920,	0.000071,	0.000038,	0.000054,	0.000000
921,	0.000079,	0.000038,	0.000054,	0.000000
922,	0.000087,	0.000038,	0.000054,	0.000000
923,	0.000096,	0.000038,	0.000054,	0.000161
924,	0.000004,	0.000046,	0.000054,	0.000161
925,	0.000013,	0.000046,	0.000054,	0.000000
926,	0.000021,	0.000046,	0.000054,	0.000000
927,	0.000029,	0.000046,	0.000054,	0.000000
928,	0.000038,	0.000046,	0.000054,	0.000000
929,	0.000046,	0.000046,	0.000054,	0.000000
930,	0.000054,	0.000046,	0.000054,	0.000000
931,	0.000063,	0.000046,	0.000054,	0.000000
932,	0.000071,	0.000046,	0.000054,	0.000000
933,	0.000079,	0.000046,	0.000054,	0.000000
934,	0.000087,	0.000046,	0.000054,	0.000000
935,	0.000096,	0.000046,	0.000054,	0.000161
936,	0.000004,	0.000054,	0.000054,	0.000161
937,	0.000013,	0.000054,	0.000054,	0.000000
938,	0.000021,	0.000054,	0.000054,	0.000000
939,	0.000029,	0.000054,	0.000054,	0.000000
940,	0.000038,	0.000054,	0.000054,	0.000000
941,	0.000046,	0.000054,	0.000054,	0.000000
942,	0.000054,	0.000054,	0.000054,	0.000000
943,	0.000063,	0.000054,	0.000054,	0.000000
944,	0.000071,	0.000054,	0.000054,	0.000000
945,	0.000079,	0.000054,	0.000054,	0.000000
946,	0.000087,	0.000054,	0.000054,	0.000000
947,	0.000096,	0.000054,	0.000054,	0.000161
948,	0.000004,	0.000063,	0.000054,	0.000161
949,	0.000013,	0.000063,	0.000054,	0.000000
950,	0.000021,	0.000063,	0.000054,	0.000000
951,	0.000029,	0.000063,	0.000054,	0.000000
952,	0.000038,	0.000063,	0.000054,	0.000000
953,	0.000046,	0.000063,	0.000054,	0.000000
954,	0.000054,	0.000063,	0.000054,	0.000000
955,	0.000063,	0.000063,	0.000054,	0.000000
956,	0.000071,	0.000063,	0.000054,	0.000000
957,	0.000079,	0.000063,	0.000054,	0.000000
958,	0.000087,	0.000063,	0.000054,	0.000000
959,	0.000096,	0.000063,	0.000054,	0.000161
960,	0.000004,	0.000071,	0.000054,	0.000161
961,	0.000013,	0.000071,	0.000054,	0.000000
962,	0.000021,	0.000071,	0.000054,	0.000000
963,	0.000029,	0.000071,	0.000054,	0.000000
964,	0.000038,	0.000071,	0.000054,	0.000000
965,	0.000046,	0.000071,	0.000054,	0.000000
966,	0.000054,	0.000071,	0.000054,	0.000000
967,	0.000063,	0.000071,	0.000054,	0.000000
968,	0.000071,	0.000071,	0.000054,	0.000000
969,	0.000079,	0.000071,	0.000054,	0.000000
970,	0.000087,	0.000071,	0.000054,	0.000000
971,	0.000096,	0.000071,	0.000054,	0.000161
972,	0.000004,	0.000079,	0.000054,	0.000161
973,	0.000013,	0.000079,	0.000054,	0.000000
974,	0.000021,	0.000079,	0.000054,	0.000000
975,	0.000029,	0.000079,	0.000054,	0.000000
976,	0.000038,	0.000079,	0.000054,	0.000000
977,	0.000046,	0.000079,	0.000054,	0.000000
978,	0.000054,	0.000079,	0.000054,	0.000000
979,	0.000063,	0.000079,	0.000054,	0.000000
980,	0.000071,	0.000079,	0.000054,	0.000000
981,	0.000079,	0.000079,	0.000054,	0.000000
982,	0.000087,	0.000079,	0.000054,	0.000000
983,	0.000096,	0.000079,	0.000054,	0.000161
984,	0.000004,	0.000087,	0.000054,	0.000161
985,	0.000013,	0.000087,	0.000054,	0.000001
986,	0.000021,	0.000087,	0.000054,	0.000000
987,	0.000029,	0.000087,	0.000054,	0.000000
988,	0.000038,	0.000087,	0.000054,	0.000000
989,	0.000046,	0.000087,	0.000054,	0.000000
990,	0.000054,	0.000087,	0.000054,	0.000000
991,	0.000063,	0.000087,	0.000054,	0.000000
992,	0.000071,	0.000087,	0.000054,	0.000000
993,	0.000079,	0.000087,	0.000054,	0.000000
994,	0.000087,	0.000087,	0.000054,	0.000001
995,	0.000096,	0.000087,	0.000054,	0.000161
996,	0.000004,	0.000096,	0.000054,	0.000320
997,	0.000013,	0.000096,	0.000054,	0.000161
998,	0.000021,	0.000096,	0.000054,	0.000161
999,	0.000029,	0.000096,	0.000054,	0.000161
1000,	0.000038,	0.000096,	0.000054,	0.000161
1001,	0.000046,	0.000096,	0.000054,	0.000161
1002,	0.000054,	0.000096,	0.000054,	0.000161
1003,	0.000063,	0.000096,	0.000054,	0.000161
1004,	0.000071,	0.000096,	0.000054,	0.000161
1005,	0.000079,	0.000096,	0.000054,	0.000161
1006,	0.000087,	0.000096,	0.000054,	0.000161
1007,	0.000096,	0.000096,	0.000054,	0.000320
1008,	0.000004,	0.000004,	0.000063,	0.000320
1009,	0.000013,	0.000004,	0.000063,	0.000161
1010,	0.000021,	0.000004,	0.000063,	0.000161
1011,	0.000029,	0.000004,	0.000063,	0.000161
1012,	0.000038,	0.000004,	0.000063,	0.000161
1013,	0.000046,	0.000004,	0.000063,	0.000161
1014,	0.000054,	0.000004,	0.000063,	0.000161
1015,	0.000063,	0.000004,	0.000063,	0.000161
1016,	0.000071,	0.000004,	0.000063,	0.000161
1017,	0.000079,	0.000004,	0.000063,	0.000161
1018,	0.000087,	0.000004,	0.000063,	0.000161
1019,	0.000096,	0.000004,	0.000063,	0.000320
1020,	0.000004,	0.000013,	0.000063,	0.000161
1021,	0.000013,	0.000013,	0.000063,	0.000001
1022,	0.000021,	0.000013,	0.000063,	0.000000
1023,	0.000029,	0.000013,	0.000063,	0.000000
1024,	0.000038,	0.000013,	0.000063,	0.000000
1025,	0.000046,	0.000013,	0.000063,	0.000000
1026,	0.000054,	0.000013,	0.000063,	0.000000
1027,	0.000063,	0.000013,	0.000063,	0.000000
1028,	0.000071,	0.000013,	0.000063,	0.000000
1029,	0.000079,	0.000013,	0.000063,	0.000000
1030,	0.000087,	0.000013,	0.000063,	0.000001
1031,	0.000096,	0.000013,	0.000063,	0.000161
1032,	0.000004,	0.000021,	0.000063,	0.000161
1033,	0.000013,	0.000021,	0.000063,	0.000000
1034,	0.000021,	0.000021,	0.000063,	0.000000
1035,	0.000029,	0.000021,	0.000063,	0.000000
1036,	0.000038,	0.000021,	0.000063,	0.000000
1037,	0.000046,	0.000021,	0.000063,	0.000000
1038,	0.000054,	0.000021,	0.000063,	0.000000
1039,	0.000063,	0.000021,	0.000063,	0.000000
1040,	0.000071,	0.000021,	0.000063,	0.000000
1041,	0.000079,	0.000021,	0.000063,	0.000000
1042,	0.000087,	0.000021,	0.000063,	0.000000
1043,	0.000096,	0.000021,	0.000063,	0.000161
1044,	0.000004,	0.000029,	0.000063,	0.000161
1045,	0.000013,	0.000029,	0.000063,	0.000000
1046,	0.000021,	0.000029,	0.000063,	0.000000
1047,	0.000029,	0.000029,	0.000063,	0.000000
1048,	0.000038,	0.000029,	0.000063,	0.000000
1049,	0.000046,	0.000029,	0.000063,	0.000000
1050,	0.000054,	0.000029,	0.000063,	0.000000
1051,	0.000063,	0.000029,	0.000063,	0.000000
1052,	0.000071,	0.000029,	0.000063,	0.000000
1053,	0.000079,	0.000029,	0.000063,	0.000000
1054,	0.000087,	0.000029,	0.000063,	0.000000
1055,	0.000096,	0.000029,	0.000063,	0.000161
1056,	0.000004,	0.000038,	0.000063,	0.000161
1057,	0.000013,	0.000038,	0.000063,	0.000000
1058,	0.000021,	0.000038,	0.000063,	0.000000
1059,	0.000029,	0.000038,	0.000063,	0.000000
1060,	0.000038,	0.000038,	0.000063,	0.000000
1061,	0.000046,	0.000038,	0.000063,	0.000000
1062,	0.000054,	0.000038,	0.000063,	0.000000
1063,	0.000063,	0.000038,	0.000063,	0.000000
1064,	0.000071,	0.000038,	0.000063,	0.000000
1065,	0.000079,	0.000038,	0.000063,	0.000000
1066,	0.000087,	0.000038,	0.000063,	0.000000
1067,	0.000096,	0.000038,	0.000063,	0.000161
1068,	0.000004,	0.000046,	0.000063,	0.000161
1069,	0.000013,	0.000046,	0.000063,	0.000000
1070,	0.000021,	0.000046,	0.000063,	0.000000
1071,	0.000029,	0.000046,	0.000063,	0.000000
1072,	0.000038,	0.000046,	0.000063,	0.000000
1073,	0.000046,	0.000046,	0.000063,	0.000000
1074,	0.000054,	0.000046,	0.000063,	0.000000
1075,	0.000063,	0.000046,	0.000063,	0.000000
1076,	0.000071,	0.000046,	0.000063,	0.000000
1077,	0.000079,	0.000046,	0.000063,	0.000000
1078,	0.000087,	0.000046,	0.000063,	0.000000
1079,	0.000096,	0.000046,	0.000063,	0.000161
1080,	0.000004,	0.000054,	0.000063,	0.000161
1081,	0.000013,	0.000054,	0.000063,	0.000000
1082,	0.000021,	0.000054,	0.000063,	0.000000
1083,	0.000029,	0.000054,	0.000063,	0.000000
1084,	0.000038,	0.000054,	0.000063,	0.000000
1085,	0.000046,	0.000054,	0.000063,	0.000000
1086,	0.000054,	0.000054,	0.000063,	0.000000
1087,	0.000063,	0.000054,	0.000063,	0.000000
1088,	0.000071,	0.000054,	0.000063,	0.000000
1089,	0.000079,	0.000054,	0.000063,	0.000000
1090,	0.000087,	0.000054,	0.000063,	0.000000
1091,	0.000096,	0.000054,	0.000063,	0.000161
1092,	0.000004,	0.000063,	0.000063,	0.000161
1093,	0.000013,	0.000063,	0.000063,	0.000000
1094,	0.000021,	0.000063,	0.000063,	0.000000
1095,	0.000029,	0.000063,	0.000063,	0.000000
1096,	0.000038,	0.000063,	0.000063,	0.000000
1097,	0.000046,	0.000063,	0.000063,	0.000000
1098,	0.000054,	0.000063,	0.000063,	0.000000
1099,	0.000063,	0.000063,	0.000063,	0.000000
1100,	0.000071,	0.000063,	0.000063,	0.000000
1101,	0.000079,	0.000063,	0.000063,	0.000000
1102,	0.000087,	0.000063,	0.000063,	0.000000
1103,	0.000096,	0.000063,	0.000063,	0.000161
1104,	0.000004,	0.000071,	0.000063,	0.000161
1105,	0.000013,	0.000071,	0.000063,	0.000000
1106,	0.000021,	0.000071,	0.000063,	0.000000
1107,	0.000029,	0.000071,	0.000063,	0.000000
1108,	0.000038,	0.000071,	0.000063,	0.000000
1109,	0.000046,	0.000071,	0.000063,	0.000000
1110,	0.000054,	0.000071,	0.000063,	0.000000
1111,	0.000063,	0.000071,	0.000063,	0.000000
1112,	0.000071,	0.000071,	0.000063,	0.000000
1113,	0.000079,	0.000071,	0.000063,	0.000000
1114,	0.000087,	0.000071,	0.000063,	0.000000
1115,	0.000096,	0.000071,	0.000063,	0.000161
1116,	0.000004,	0.000079,	0.000063,	0.000161
1117,	0.000013,	0.000079,	0.000063,	0.000000
1118,	0.000021,	0.000079,	0.000063,	0.000000
1119,	0.000029,	0.000079,	0.000063,	0.000000
1120,	0.000038,	0.000079,	0.000063,	0.000000
1121,	0.000046,	0.000079,	0.000063,	0.000000
1122,	0.000054,	0.000079,	0.000063,	0.000000
1123,	0.000063,	0.000079,	0.000063,	0.000000
1124,	0.000071,	0.000079,	0.000063,	0.000000
1125,	0.000079,	0.000079,	0.000063,	0.000000
1126,	0.000087,	0.000079,	0.000063,	0.000000
1127,	0.000096,	0.000079,	0.000063,	0.000161
1128,	0.000004,	0.000087,	0.000063,	0.000161
1129,	0.000013,	0.000087,	0.000063,	0.000001
1130,	0.000021,	0.000087,	0.000063,	0.000000
1131,	0.000029,	0.000087,	0.000063,	0.000000
1132,	0.000038,	0.000087,	0.000063,	0.000000
1133,	0.000046,	0.000087,	0.000063,	0.000000
1134,	0.000054,	0.000087,	0.000063,	0.000000
1135,	0.000063,	0.000087,	0.000063,	0.000000
1136,	0.000071,	0.000087,	0.000063,	0.000000
1137,	0.000079,	0.000087,	0.000063,	0.000000
1138,	0.000087,	0.000087,	0.000063,	0.000001
1139,	0.000096,	0.000087,	0.000063,	0.000161
1140,	0.000004,	0.000096,	0.000063,	0.000320
1141,	0.000013,	0.000096,	0.000063,	0.000161
1142,	0.000021,	0.000096,	0.000063,	0.000161
1143,	0.000029,	0.000096,	0.000063,	0.000161
1144,	0.000038,	0.000096,	0.000063,	0.000161
1145,	0.000046,	0.000096,	0.000063,	0.000161
1146,	0.000054,	0.000096,	0.000063,	0.000161
1147,	0.000063,	0.000096,	0.000063,	0.000161
1148,	0.000071,	0.000096,	0.000063,	0.000161
1149,	0.000079,	0.000096,	0.000063,	0.000161
1150,	0.000087,	0.000096,	0.000063,	0.000161
1151,	0.000096,	0.000096,	0.000063,	0.000320
1152,	0.000004,	0.000004,	0.000071,	0.000320
1153,	0.000013,	0.000004,	0.000071,	0.000161
1154,	0.000021,	0.000004,	0.000071,	0.000161
1155,	0.000029,	0.000004,	0.000071,	0.000161
1156,	0.000038,	0.000004,	0.000071,	0.000161
1157,	0.000046,	0.000004,	0.000071,	0.000161
1158,	0.000054,	0.000004,	0.000071,	0.000161
1159,	0.000063,	0.000004,	0.000071,	0.000161
1160,	0.000071,	0.000004,	0.000071,	0.000161
1161,	0.000079,	0.000004,	0.000071,	0.000161
1162,	0.000087,	0.000004,	0.000071,	0.000161
1163,	0.000096,	0.000004,	0.000071,	0.000320
1164,	0.000004,	0.000013,	0.000071,	0.000161
1165,	0.000013,	0.000013,	0.000071,	0.000001
1166,	0.000021,	0.000013,	0.000071,	0.000000
1167,	0.000029,	0.000013,	0.000071,	0.000000
1168,	0.000038,	0.000013,	0.000071,	0.000000
1169,	0.000046,	0.000013,	0.000071,	0.000000
1170,	0.000054,	0.000013,	0.000071,	0.000000
1171,	0.000063,	0.000013,	0.000071,	0.000000
1172,	0.000071,	0.000013,	0.000071,	0.000000
1173,	0.000079,	0.000013,	0.000071,	0.000000
1174,	0.000087,	0.000013,	0.000071,	0.000001
1175,	0.000096,	0.000013,	0.000071,	0.000161
1176,	0.000004,	0.000021,	0.000071,	0.000161
1177,	0.000013,	0.000021,	0.000071,	0.000000
1178,	0.000021,	0.000021,	0.000071,	0.000000
1179,	0.000029,	0.000021,	0.000071,	0.000000
1180,	0.000038,	0.000021,	0.000071,	0.000000
1181,	0.000046,	0.000021,	0.000071,	0.000000
1182,	0.000054,	0.000021,	0.000071,	0.000000
1183,	0.000063,	0.000021,	0.000071,	0.000000
1184,	0.000071,	0.000021,	0.000071,	0.000000
1185,	0.000079,	0.000021,	0.000071,	0.000000
1186,	0.000087,	0.000021,	0.000071,	0.000000
1187,	0.000096,	0.000021,	0.000071,	0.000161
1188,	0.000004,	0.000029,	0.000071,	0.000161
1189,	0.000013,	0.000029,	0.000071,	0.000000
1190,	0.000021,	0.000029,	0.000071,	0.000000
1191,	0.000029,	0.000029,	0.000071,	0.000000
1192,	0.000038,	0.000029,	0.000071,	0.000000
1193,	0.000046,	0.000029,	0.000071,	0.000000
1194,	0.000054,	0.000029,	0.000071,	0.000000
1195,	0.000063,	0.000029,	0.000071,	0.000000
1196,	0.000071,	0.000029,	0.000071,	0.000000
1197,	0.000079,	0.000029,	0.000071,	0.000000
1198,	0.000087,	0.000029,	0.000071,	0.000000
1199,	0.000096,	0.000029,	0.000071,	0.000161
1200,	0.000004,	0.000038,	0.000071,	0.000161
1201,	0.000013,	0.000038,	0.000071,	0.000000
1202,	0.000021,	0.000038,	0.000071,	0.000000
1203,	0.000029,	0.000038,	0.000071,	0.000000
1204,	0.000038,	0.000038,	0.000071,	0.000000
1205,	0.000046,	0.000038,	0.000071,	0.000000
1206,	0.000054,	0.000038,	0.000071,	0.000000
1207,	0.000063,	0.000038,	0.000071,	0.000000
1208,	0.000071,	0.000038,	0.000071,	0.000000
1209,	0.000079,	0.000038,	0.000071,	0.000000
1210,	0.000087,	0.000038,	0.000071,	0.000000
1211,	0.000096,	0.000038,	0.000071,	0.000161
1212,	0.000004,	0.000046,	0.000071,	0.000161
1213,	0.000013,	0.000046,	0.000071,	0.000000
1214,	0.000021,	0.000046,	0.000071,	0.000000
1215,	0.000029,	0.000046,	0.000071,	0.000000
1216,	0.000038,	0.000046,	0.000071,	0.000000
1217,	0.000046,	0.000046,	0.000071,	0.000000
1218,	0.000054,	0.000046,	0.000071,	0.000000
1219,	0.000063,	0.000046,	0.000071,	0.000000
1220,	0.000071,	0.000046,	0.000071,	0.000000
1221,	0.000079,	0.000046,	0.000071,	0.000000
1222,	0.000087,	0.000046,	0.000071,	0.000000
1223,	0.000096,	0.000046,	0.000071,	0.000161
1224,	0.000004,	0.000054,	0.000071,	0.000161
1225,	0.000013,	0.000054,	0.000071,	0.000000
1226,	0.000021,	0.000054,	0.000071,	0.000000
1227,	0.000029,	0.000054,	0.000071,	0.000000
1228,	0.000038,	0.000054,	0.000071,	0.000000
1229,	0.000046,	0.000054,	0.000071,	0.000000
1230,	0.000054,	0.000054,	0.000071,	0.000000
1231,	0.000063,	0.000054,	0.000071,	0.000000
1232,	0.000071,	0.000054,	0.000071,	0.000000
1233,	0.000079,	0.000054,	0.000071,	0.000000
1234,	0.000087,	0.000054,	0.000071,	0.000000
1235,	0.000096,	0.000054,	0.000071,	0.000161
1236,	0.000004,	0.000063,	0.000071,	0.000161
1237,	0.000013,	0.000063,	0.000071,	0.000000
1238,	0.000021,	0.000063,	0.000071,	0.000000
1239,	0.000029,	0.000063,	0.000071,	0.000000
1240,	0.000038,	0.000063,	0.000071,	0.000000
1241,	0.000046,	0.000063,	0.000071,	0.000000
1242,	0.000054,	0.000063,	0.000071,	0.000000
1243,	0.000063,	0.000063,	0.000071,	0.000000
1244,	0.000071,	0.000063,	0.000071,	0.000000
1245,	0.000079,	0.000063,	0.000071,	0.000000
1246,	0.000087,	0.000063,	0.000071,	0.000000
1247,	0.000096,	0.000063,	0.000071,	0.000161
1248,	0.000004,	0.000071,	0.000071,	0.000161
1249,	0.000013,	0.000071,	0.000071,	0.000000
1250,	0.000021,	0.000071,	0.000071,	0.000000
1251,	0.000029,	0.000071,	0.000071,	0.000000
1252,	0.000038,	0.000071,	0.000071,	0.000000
1253,	0.000046,	0.000071,	0.000071,	0.000000
1254,	0.000054,	0.000071,	0.000071,	0.000000
1255,	0.000063,	0.000071,	0.000071,	0.000000
1256,	0.000071,	0.000071,	0.000071,	0.000000
1257,	0.000079,	0.000071,	0.000071,	0.000000
1258,	0.000087,	0.000071,	0.000071,	0.000000
1259,	0.000096,	0.000071,	0.000071,	0.000161
1260,	0.000004,	0.000079,	0.000071,	0.000161
1261,	0.000013,	0.000079,	0.000071,	0.000000
1262,	0.000021,	0.000079,	0.000071,	0.000000
1263,	0.000029,	0.000079,	0.000071,	0.000000
1264,	0.000038,	0.000079,	0.000071,	0.000000
1265,	0.000046,	0.000079,	0.000071,	0.000000
1266,	0.000054,	0.000079,	0.000071,	0.000000
1267,	0.000063,	0.000079,	0.000071,	0.000000
1268,	0.000071,	0.000079,	0.000071,	0.000000
1269,	0.000079,	0.000079,	0.000071,	0.000000
1270,	0.000087,	0.000079,	0.000071,	0.000000
1271,	0.000096,	0.000079,	0.000071,	0.000161
1272,	0.000004,	0.000087,	0.000071,	0.000161
1273,	0.000013,	0.000087,	0.000071,	0.000001
1274,	0.000021,	0.000087,	0.000071,	0.000000
1275,	0.000029,	0.000087,	0.000071,	0.000000
1276,	0.000038,	0.000087,	0.000071,	0.000000
1277,	0.000046,	0.000087,	0.000071,	0.000000
1278,	0.000054,	0.000087,	0.000071,	0.000000
1279,	0.000063,	0.000087,	0.000071,	0.000000
1280,	0.000071,	0.000087,	0.000071,	0.000000
1281,	0.000079,	0.000087,	0.000071,	0.000000
1282,	0.000087,	0.000087,	0.000071,	0.000001
1283,	0.000096,	0.000087,	0.000071,	0.000161
1284,	0.000004,	0.000096,	0.000071,	0.000320
1285,	0.000013,	0.000096,	0.000071,	0.000161
1286,	0.000021,	0.000096,	0.000071,	0.000161
1287,	0.000029,	0.000096,	0.000071,	0.000161
1288,	0.000038,	0.000096,	0.000071,	0.000161
1289,	0.000046,	0.000096,	0.000071,	0.000161
1290,	0.000054,	0.000096,	0.000071,	0.000161
1291,	0.000063,	0.000096,	0.000071,	0.000161
1292,	0.000071,	0.000096,	0.000071,	0.000161
1293,	0.000079,	0.000096,	0.000071,	0.000161
1294,	0.000087,	0.000096,	0.000071,	0.000161
1295,	0.000096,	0.000096,	0.000071,	0.000320
1296,	0.000004,	0.000004,	0.000079,	0.000320
1297,	0.000013,	0.000004,	0.000079,	0.000161
1298,	0.000021,	0.000004,	0.000079,	0.000161
1299,	0.000029,	0.000004,	0.000079,	0.000161
1300,	0.000038,	0.000004,	0.000079,	0.000161
1301,	0.000046,	0.000004,	0.000079,	0.000161
1302,	0.000054,	0.000004,	0.000079,	0.000161
1303,	0.000063,	0.000004,	0.000079,	0.000161
1304,	0.000071,	0.000004,	0.000079,	0.000161
1305,	0.000079,	0.000004,	0.000079,	0.000161
1306,	0.000087,	0.000004,	0.000079,	0.000161
1307,	0.000096,	0.000004,	0.000079,	0.000320
1308,	0.000004,	0.000013,	0.000079,	0.000161
1309,	0.000013,	0.000013,	0.000079,	0.000001
1310,	0.000021,	0.000013,	0.000079,	0.000000
1311,	0.000029,	0.000013,	0.000079,	0.000000
1312,	0.000038,	0.000013,	0.000079,	0.000000
1313,	0.000046,	0.000013,	0.000079,	0.000000
1314,	0.000054,	0.000013,	0.000079,	0.000000
1315,	0.000063,	0.000013,	0.000079,	0.000000
1316,	0.000071,	0.000013,	0.000079,	0.000000
1317,	0.000079,	0.000013,	0.000079,	0.000000
1318,	0.000087,	0.000013,	0.000079,	0.000001
1319,	0.000096,	0.000013,	0.000079,	0.000161
1320,	0.000004,	0.000021,	0.000079,	0.000161
1321,	0.000013,	0.000021,	0.000079,	0.000000
1322,	0.000021,	0.000021,	0.000079,	0.000000
1323,	0.000029,	0.000021,	0.000079,	0.000000
1324,	0.000038,	0.000021,	0.000079,	0.000000
1325,	0.000046,	0.000021,	0.000079,	0.000000
1326,	0.000054,	0.000021,	0.000079,	0.000000
1327,	0.000063,	0.000021,	0.000079,	0.000000
1328,	0.000071,	0.000021,	0.000079,	0.000000
1329,	0.000079,	0.000021,	0.000079,	0.000000
1330,	0.000087,	0.000021,	0.000079,	0.000000
1331,	0.000096,	0.000021,	0.000079,	0.000161
1332,	0.000004,	0.000029,	0.000079,	0.000161
1333,	0.000013,	0.000029,	0.000079,	0.000000
1334,	0.000021,	0.000029,	0.000079,	0.000000
1335,	0.000029,	0.000029,	0.000079,	0.000000
1336,	0.000038,	0.000029,	0.000079,	0.000000
1337,	0.000046,	0.000029,	0.000079,	0.000000
1338,	0.000054,	0.000029,	0.000079,	0.000000
1339,	0.000063,	0.000029,	0.000079,	0.000000
1340,	0.000071,	0.000029,	0.000079,	0.000000
1341,	0.000079,	0.000029,	0.000079,	0.000000
1342,	0.000087,	0.000029,	0.000079,	0.000000
1343,	0.000096,	0.000029,	0.000079,	0.000161
1344,	0.000004,	0.000038,	0.000079,	0.000161
1345,	0.000013,	0.000038,	0.000079,	0.000000
1346,	0.000021,	0.000038,	0.000079,	0.000000
1347,	0.000029,	0.000038,	0.000079,	0.000000
1348,	0.000038,	0.000038,	0.000079,	0.000000
1349,	0.000046,	0.000038,	0.000079,	0.000000
1350,	0.000054,	0.000038,	0.000079,	0.000000
1351,	0.000063,	0.000038,	0.000079,	0.000000
1352,	0.000071,	0.000038,	0.000079,	0.000000
1353,	0.000079,	0.000038,	0.000079,	0.000000
1354,	0.000087,	0.000038,	0.000079,	0.000000
1355,	0.000096,	0.000038,	0.000079,	0.000161
1356,	0.000004,	0.000046,	0.000079,	0.000161
1357,	0.000013,	0.000046,	0.000079,	0.000000
1358,	0.000021,	0.000046,	0.000079,	0.000000
1359,	0.000029,	0.000046,	0.000079,	0.000000
1360,	0.000038,	0.000046,	0.000079,	0.000000
1361,	0.000046,	0.000046,	0.000079,	0.000000
1362,	0.000054,	0.000046,	0.000079,	0.000000
1363,	0.000063,	0.000046,	0.000079,	0.000000
1364,	0.000071,	0.000046,	0.000079,	0.000000
1365,	0.000079,	0.000046,	0.000079,	0.000000
1366,	0.000087,	0.000046,	0.000079,	0.000000
1367,	0.000096,	0.000046,	0.000079,	0.000161
1368,	0.000004,	0.000054,	0.000079,	0.000161
1369,	0.000013,	0.000054,	0.000079,	0.000000
1370,	0.000021,	0.000054,	0.000079,	0.000000
1371,	0.000029,	0.000054,	0.000079,	0.000000
1372,	0.000038,	0.000054,	0.000079,	0.000000
1373,	0.000046,	0.000054,	0.000079,	0.000000
1374,	0.000054,	0.000054,	0.000079,	0.000000
1375,	0.000063,	0.000054,	0.000079,	0.000000
1376,	0.000071,	0.000054,	0.000079,	0.000000
1377,	0.000079,	0.000054,	0.000079,	0.000000
1378,	0.000087,	0.000054,	0.000079,	0.000000
1379,	0.000096,	0.000054,	0.000079,	0.000161
1380,	0.000004,	0.000063,	0.000079,	0.000161
1381,	0.000013,	0.000063,	0.000079,	0.000000
1382,	0.000021,	0.000063,	0.000079,	0.000000
1383,	0.000029,	0.000063,	0.000079,	0.000000
1384,	0.000038,	0.000063,	0.000079,	0.000000
1385,	0.000046,	0.000063,	0.000079,	0.000000
1386,	0.000054,	0.000063,	0.000079,	0.000000
1387,	0.000063,	0.000063,	0.000079,	0.000000
1388,	0.000071,	0.000063,	0.000079,	0.000000
1389,	0.000079,	0.000063,	0.000079,	0.000000
1390,	0.000087,	0.000063,	0.000079,	0.000000
1391,	0.000096,	0.000063,	0.000079,	0.000161
1392,	0.000004,	0.000071,	0.000079,	0.000161
1393,	0.000013,	0.000071,	0.000079,	0.000000
1394,	0.000021,	0.000071,	0.000079,	0.000000
1395,	0.000029,	0.000071,	0.000079,	0.000000
1396,	0.000038,	0.000071,	0.000079,	0.000000
1397,	0.000046,	0.000071,	0.000079,	0.000000
1398,	0.000054,	0.000071,	0.000079,	0.000000
1399,	0.000063,	0.000071,	0.000079,	0.000000
1400,	0.000071,	0.000071,	0.000079,	0.000000
1401,	0.000079,	0.000071,	0.000079,	0.000000
1402,	0.000087,	0.000071,	0.000079,	0.000000
1403,	0.000096,	0.000071,	0.000079,	0.000161
1404,	0.000004,	0.000079,	0.000079,	0.000161
1405,	0.000013,	0.000079,	0.000079,	0.000000
1406,	0.000021,	0.000079,	0.000079,	0.000000
1407,	0.000029,	0.000079,	0.000079,	0.000000
1408,	0.000038,	0.000079,	0.000079,	0.000000
1409,	0.000046,	0.000079,	0.000079,	0.000000
1410,	0.000054,	0.000079,	0.000079,	0.000000
1411,	0.000063,	0.000079,	0.000079,	0.000000
1412,	0.000071,	0.000079,	0.000079,	0.000000
1413,	0.000079,	0.000079,	0.000079,	0.000000
1414,	0.000087,	0.000079,	0.000079,	0.000000
1415,	0.000096,	0.000079,	0.000079,	0.000161
1416,	0.000004,	0.000087,	0.000079,	0.000161
1417,	0.000013,	0.000087,	0.000079,	0.000001
1418,	0.000021,	0.000087,	0.000079,	0.000000
1419,	0.000029,	0.000087,	0.000079,	0.000000
1420,	0.000038,	0.000087,	0.000079,	0.000000
1421,	0.000046,	0.000087,	0.000079,	0.000000
1422,	0.000054,	0.000087,	0.000079,	0.000000
1423,	0.000063,	0.000087,	0.000079,	0.000000
1424,	0.000071,	0.000087,	0.000079,	0.000000
1425,	0.000079,	0.000087,	0.000079,	0.000000
1426,	0.000087,	0.000087,	0.000079,	0.000001
1427,	0.000096,	0.000087,	0.000079,	0.000161
1428,	0.000004,	0.000096,	0.000079,	0.000320
1429,	0.000013,	0.000096,	0.000079,	0.000161
1430,	0.000021,	0.000096,	0.000079,	0.000161
1431,	0.000029,	0.000096,	0.000079,	0.000161
1432,	0.000038,	0.000096,	0.000079,	0.000161
1433,	0.000046,	0.000096,	0.000079,	0.000161
1434,	0.000054,	0.000096,	0.000079,	0.000161
1435,	0.000063,	0.000096,	0.000079,	0.000161
1436,	0.000071,	0.000096,	0.000079,	0.000161
1437,	0.000079,	0.000096,	0.000079,	0.000161
1438,	0.000087,	0.000096,	0.000079,	0.000161
1439,	0.000096,	0.000096,	0.000079,	0.000320
1440,	0.000004,	0.000004,	0.000087,	0.000320
1441,	0.000013,	0.000004,	0.000087,	0.000161
1442,	0.000021,	0.000004,	0.000087,	0.000161
1443,	0.000029,	0.000004,	0.000087,	0.000161
1444,	0.000038,	0.000004,	0.000087,	0.000161
1445,	0.000046,	0.000004,	0.000087,	0.000161
1446,	0.000054,	0.000004,	0.000087,	0.000161
1447,	0.000063,	0.000004,	0.000087,	0.000161
1448,	0.000071,	0.000004,	0.000087,	0.000161
1449,	0.000079,	0.000004,	0.000087,	0.000161
1450,	0.000087,	0.000004,	0.000087,	0.000161
1451,	0.000096,	0.000004,	0.000087,	0.000320
1452,	0.000004,	0.000013,	0.000087,	0.000161
1453,	0.000013,	0.000013,	0.000087,	0.000001
1454,	0.000021,	0.000013,	0.000087,	0.000001
1455,	0.000029,	0.000013,	0.000087,	0.000001
1456,	0.000038,	0.000013,	0.000087,	0.000001
1457,	0.000046,	0.000013,	0.000087,	0.000001
1458,	0.000054,	0.000013,	0.000087,	0.000001
1459,	0.000063,	0.000013,	0.000087,	0.000001
1460,	0.000071,	0.000013,	0.000087,	0.000001
1461,	0.000079,	0.000013,	0.000087,	0.000001
1462,	0.000087,	0.000013,	0.000087,	0.000001
1463,	0.000096,	0.000013,	0.000087,	0.000161
1464,	0.000004,	0.000021,	0.000087,	0.000161
1465,	0.000013,	0.000021,	0.000087,	0.000001
1466,	0.000021,	0.000021,	0.000087,	0.000000
1467,	0.000029,	0.000021,	0.000087,	0.000000
1468,	0.000038,	0.000021,	0.000087,	0.000000
1469,	0.000046,	0.000021,	0.000087,	0.000000
1470,	0.000054,	0.000021,	0.000087,	0.000000
1471,	0.000063,	0.000021,	0.000087,	0.000000
1472,	0.000071,	0.000021,	0.000087,	0.000000
1473,	0.000079,	0.000021,	0.000087,	0.000000
1474,	0.000087,	0.000021,	0.000087,	0.000001
1475,	0.000096,	0.000021,	0.000087,	0.000161
1476,	0.000004,	0.000029,	0.000087,	0.000161
1477,	0.000013,	0.000029,	0.000087,	0.000001
1478,	0.000021,	0.000029,	0.000087,	0.000000
1479,	0.000029,	0.000029,	0.000087,	0.000000
1480,	0.000038,	0.000029,	0.000087,	0.000000
1481,	0.000046,	0.000029,	0.000087,	0.000000
1482,	0.000054,	0.000029,	0.000087,	0.000000
1483,	0.000063,	0.000029,	0.000087,	0.000000
1484,	0.000071,	0.000029,	0.000087,	0.000000
1485,	0.000079,	0.000029,	0.000087,	0.000000
1486,	0.000087,	0.000029,	0.000087,	0.000001
1487,	0.000096,	0.000029,	0.000087,	0.000161
1488,	0.000004,	0.000038,	0.000087,	0.000161
1489,	0.000013,	0.000038,	0.000087,	0.000001
1490,	0.000021,	0.000038,	0.000087,	0.000000
1491,	0.000029,	0.000038,	0.000087,	0.000000
1492,	0.000038,	0.000038,	0.000087,	0.000000
1493,	0.000046,	0.000038,	0.000087,	0.000000
1494,	0.000054,	0.000038,	0.000087,	0.000000
1495,	0.000063,	0.000038,	0.000087,	0.000000
1496,	0.000071,	0.000038,	0.000087,	0.000000
1497,	0.000079,	0.000038,	0.000087,	0.000000
1498,	0.000087,	0.000038,	0.000087,	0.000001
1499,	0.000096,	0.000038,	0.000087,	0.000161
1500,	0.000004,	0.000046,	0.000087,	0.000161
1501,	0.000013,	0.000046,	0.000087,	0.000001
1502,	0.000021,	0.000046,	0.000087,	0.000000
1503,	0.000029,	0.000046,	0.000087,	0.000000
1504,	0.000038,	0.000046,	0.000087,	0.000000
1505,	0.000046,	0.000046,	0.000087,	0.000000
1506,	0.000054,	0.000046,	0.000087,	0.000000
1507,	0.000063,	0.000046,	0.000087,	0.000000
1508,	0.000071,	0.000046,	0.000087,	0.000000
1509,	0.000079,	0.000046,	0.000087,	0.000000
1510,	0.000087,	0.000046,	0.000087,	0.000001
1511,	0.000096,	0.000046,	0.000087,	0.000161
1512,	0.000004,	0.000054,	0.000087,	0.000161
1513,	0.000013,	0.000054,	0.000087,	0.000001
1514,	0.000021,	0.000054,	0.000087,	0.000000
1515,	0.000029,	0.000054,	0.000087,	0.000000
1516,	0.000038,	0.000054,	0.000087,	0.000000
1517,	0.000046,	0.000054,	0.000087,	0.000000
1518,	0.000054,	0.000054,	0.000087,	0.000000
1519,	0.000063,	0.000054,	0.000087,	0.000000
1520,	0.000071,	0.000054,	0.000087,	0.000000
1521,	0.000079,	0.000054,	0.000087,	0.000000
1522,	0.000087,	0.000054,	0.000087,	0.000001
1523,	0.000096,	0.000054,	0.000087,	0.000161
1524,	0.000004,	0.000063,	0.000087,	0.000161
1525,	0.000013,	0.000063,	0.000087,	0.000001
1526,	0.000021,	0.000063,	0.000087,	0.000000
1527,	0.000029,	0.000063,	0.000087,	0.000000
1528,	0.000038,	0.000063,	0.000087,	0.000000
1529,	0.000046,	0.000063,	0.000087,	0.000000
1530,	0.000054,	0.000063,	0.000087,	0.000000
1531,	0.000063,	0.000063,	0.000087,	0.000000
1532,	0.000071,	0.000063,	0.000087,	0.000000
1533,	0.000079,	0.000063,	0.000087,	0.000000
1534,	0.000087,	0.000063,	0.000087,	0.000001
1535,	0.000096,	0.000063,	0.000087,	0.000161
1536,	0.000004,	0.000071,	0.000087,	0.000161
1537,	0.000013,	0.000071,	0.000087,	0.000001
1538,	0.000021,	0.000071,	0.000087,	0.000000
1539,	0.000029,	0.000071,	0.000087,	0.000000
1540,	0.000038,	0.000071,	0.000087,	0.000000
1541,	0.000046,	0.000071,	0.000087,	0.000000
1542,	0.000054,	0.000071,	0.000087,	0.000000
1543,	0.000063,	0.000071,	0.000087,	0.000000
1544,	0.000071,	0.000071,	0.000087,	0.000000
1545,	0.000079,	0.000071,	0.000087,	0.000000
1546,	0.000087,	0.000071,	0.000087,	0.000001
1547,	0.000096,	0.000071,	0.000087,	0.000161
1548,	0.000004,	0.000079,	0.000087,	0.000161
1549,	0.000013,	0.000079,	0.000087,	0.000001
1550,	0.000021,	0.000079,	0.000087,	0.000000
1551,	0.000029,	0.000079,	0.000087,	0.000000
1552,	0.000038,	0.000079,	0.000087,	0.000000
1553,	0.000046,	0.000079,	0.000087,	0.000000
1554,	0.000054,	0.000079,	0.000087,	0.000000
1555,	0.000063,	0.000079,	0.000087,	0.000000
1556,	0.000071,	0.000079,	0.000087,	0.000000
1557,	0.000079,	0.000079,	0.000087,	0.000000
1558,	0.000087,	0.000079,	0.000087,	0.000001
1559,	0.000096,	0.000079,	0.000087,	0.000161
1560,	0.000004,	0.000087,	0.000087,	0.000161
1561,	0.000013,	0.000087,	0.000087,	0.000001
1562,	0.000021,	0.000087,	0.000087,	0.000001
1563,	0.000029,	0.000087,	0.000087,	0.000001
1564,	0.000038,	0.000087,	0.000087,	0.000001
1565,	0.000046,	0.000087,	0.000087,	0.000001
1566,	0.000054,	0.000087,	0.000087,	0.000001
1567,	0.000063,	0.000087,	0.000087,	0.000001
1568,	0.000071,	0.000087,	0.000087,	0.000001
1569,	0.000079,	0.000087,	0.000087,	0.000001
1570,	0.000087,	0.000087,	0.000087,	0.000001
1571,	0.000096,	0.000087,	0.000087,	0.000161
1572,	0.000004,	0.000096,	0.000087,	0.000320
1573,	0.000013,	0.000096,	0.000087,	0.000161
1574,	0.000021,	0.000096,	0.000087,	0.000161
1575,	0.000029,	0.000096,	0.000087,	0.000161
1576,	0.000038,	0.000096,	0.000087,	0.000161
1577,	0.000046,	0.000096,	0.000087,	0.000161
1578,	0.000054,	0.000096,	0.000087,	0.000161
1579,	0.000063,	0.000096,	0.000087,	0.000161
1580,	0.000071,	0.000096,	0.000087,	0.000161
1581,	0.000079,	0.000096,	0.000087,	0.000161
1582,	0.000087,	0.000096,	0.000087,	0.000161
1583,	0.000096,	0.000096,	0.000087,	0.000320
1584,	0.000004,	0.000004,	0.000096,	0.000479
1585,	0.000013,	0.000004,	0.000096,	0.000320
1586,	0.000021,	0.000004,	0.000096,	0.000320
1587,	0.000029,	0.000004,	0.000096,	0.000320
1588,	0.000038,	0.000004,	0.000096,	0.000320
1589,	0.000046,	0.000004,	0.000096,	0.000320
1590,	0.000054,	0.000004,	0.000096,	0.000320
1591,	0.000063,	0.000004,	0.000096,	0.000320
1592,	0.000071,	0.000004,	0.000096,	0.000320
1593,	0.000079,	0.000004,	0.000096,	0.000320
1594,	0.000087,	0.000004,	0.000096,	0.000320
1595,	0.000096,	0.000004,	0.000096,	0.000479
1596,	0.000004,	0.000013,	0.000096,	0.000320
1597,	0.000013,	0.000013,	0.000096,	0.000161
1598,	0.000021,	0.000013,	0.000096,	0.000161
1599,	0.000029,	0.000013,	0.000096,	0.000161
1600,	0.000038,	0.000013,	0.000096,	0.000161
1601,	0.000046,	0.000013,	0.000096,	0.000161
1602,	0.000054,	0.000013,	0.000096,	0.000161
1603,	0.000063,	0.000013,	0.000096,	0.000161
1604,	0.000071,	0.000013,	0.000096,	0.000161
1605,	0.000079,	0.000013,	0.000096,	0.000161
1606,	0.000087,	0.000013,	0.000096,	0.000161
1607,	0.000096,	0.000013,	0.000096,	0.000320
1608,	0.000004,	0.000021,	0.000096,	0.000320
1609,	0.000013,	0.000021,	0.000096,	0.000161
1610,	0.000021,	0.000021,	0.000096,	0.000161
1611,	0.000029,	0.000021,	0.000096,	0.000161
1612,	0.000038,	0.000021,	0.000096,	0.000161
1613,	0.000046,	0.000021,	0.000096,	0.000161
1614,	0.000054,	0.000021,	0.000096,	0.000161
1615,	0.000063,	0.000021,	0.000096,	0.000161
1616,	0.000071,	0.000021,	0.000096,	0.000161
1617,	0.000079,	0.000021,	0.000096,	0.000161
1618,	0.000087,	0.000021,	0.000096,	0.000161
1619,	0.000096,	0.000021,	0.000096,	0.000320
1620,	0.000004,	0.000029,	0.000096,	0.000320
1621,	0.000013,	0.000029,	0.000096,	0.000161
1622,	0.000021,	0.000029,	0.000096,	0.000161
1623,	0.000029,	0.000029,	0.000096,	0.000161
1624,	0.000038,	0.000029,	0.000096,	0.000161
1625,	0.000046,	0.000029,	0.000096,	0.000161
1626,	0.000054,	0.000029,	0.000096,	0.000161
1627,	0.000063,	0.000029,	0.000096,	0.000161
1628,	0.000071,	0.000029,	0.000096,	0.000161
1629,	0.000079,	0.000029,	0.000096,	0.000161
1630,	0.000087,	0.000029,	0.000096,	0.000161
1631,	0.000096,	0.000029,	0.000096,	0.000320
1632,	0.000004,	0.000038,	0.000096,	0.000320
1633,	0.000013,	0.000038,	0.000096,	0.000161
1634,	0.000021,	0.000038,	0.000096,	0.000161
1635,	0.000029,	0.000038,	0.000096,	0.000161
1636,	0.000038,	0.000038,	0.000096,	0.000161
1637,	0.000046,	0.000038,	0.000096,	0.000161
1638,	0.000054,	0.000038,	0.000096,	0.000161
1639,	0.000063,	0.000038,	0.000096,	0.000161
1640,	0.000071,	0.000038,	0.000096,	0.000161
1641,	0.000079,	0.000038,	0.000096,	0.000161
1642,	0.000087,	0.000038,	0.000096,	0.000161
1643,	0.000096,	0.000038,	0.000096,	0.000320
1644,	0.000004,	0.000046,	0.000096,	0.000320
1645,	0.000013,	0.000046,	0.000096,	0.000161
1646,	0.000021,	0.000046,	0.000096,	0.000161
1647,	0.000029,	0.000046,	0.000096,	0.000161
1648,	0.000038,	0.000046,	0.000096,	0.000161
1649,	0.000046,	0.000046,	0.000096,	0.000161
1650,	0.000054,	0.000046,	0.000096,	0.000161
1651,	0.000063,	0.000046,	0.000096,	0.000161
1652,	0.000071,	0.000046,	0.000096,	0.000161
1653,	0.000079,	0.000046,	0.000096,	0.000161
1654,	0.000087,	0.000046,	0.000096,	0.000161
1655,	0.000096,	0.000046,	0.000096,	0.000320
1656,	0.000004,	0.000054,	0.000096,	0.000320
1657,	0.000013,	0.000054,	0.000096,	0.000161
1658,	0.000021,	0.000054,	0.000096,	0.000161
1659,	0.000029,	0.000054,	0.000096,	0.000161
1660,	0.000038,	0.000054,	0.000096,	0.000161
1661,	0.000046,	0.000054,	0.000096,	0.000161
1662,	0.000054,	0.000054,	0.000096,	0.000161
1663,	0.000063,	0.000054,	0.000096,	0.000161
1664,	0.000071,	0.000054,	0.000096,	0.000161
1665,	0.000079,	0.000054,	0.000096,	0.000161
1666,	0.000087,	0.000054,	0.000096,	0.000161
1667,	0.000096,	0.000054,	0.000096,	0.000320
1668,	0.000004,	0.000063,	0.000096,	0.000320
1669,	0.000013,	0.000063,	0.000096,	0.000161
1670,	0.000021,	0.000063,	0.000096,	0.000161
1671,	0.000029,	0.000063,	0.000096,	0.000161
1672,	0.000038,	0.000063,	0.000096,	0.000161
1673,	0.000046,	0.000063,	0.000096,	0.000161
1674,	0.000054,	0.000063,	0.000096,	0.000161
1675,	0.000063,	0.000063,	0.000096,	0.000161
1676,	0.000071,	0.000063,	0.000096,	0.000161
1677,	0.000079,	0.000063,	0.000096,	0.000161
1678,	0.000087,	0.000063,	0.000096,	0.000161
1679,	0.000096,	0.000063,	0.000096,	0.000320
1680,	0.000004,	0.000071,	0.000096,	0.000320
1681,	0.000013,	0.000071,	0.000096,	0.000161
1682,	0.000021,	0.000071,	0.000096,	0.000161
1683,	0.000029,	0.000071,	0.000096,	0.000161
1684,	0.000038,	0.000071,	0.000096,	0.000161
1685,	0.000046,	0.000071,	0.000096,	0.000161
1686,	0.000054,	0.000071,	0.000096,	0.000161
1687,	0.000063,	0.000071,	0.000096,	0.000161
1688,	0.000071,	0.000071,	0.000096,	0.000161
1689,	0.000079,	0.000071,	0.000096,	0.000161
1690,	0.000087,	0.000071,	0.000096,	0.000161
1691,	0.000096,	0.000071,	0.000096,	0.000320
1692,	0.000004,	0.000079,	0.000096,	0.000320
1693,	0.000013,	0.000079,	0.000096,	0.000161
1694,	0.000021,	0.000079,	0.000096,	0.000161
1695,	0.000029,	0.000079,	0.000096,	0.000161
1696,	0.000038,	0.000079,	0.000096,	0.000161
1697,	0.000046,	0.000079,	0.000096,	0.000161
1698,	0.000054,	0.000079,	0.000096,	0.000161
1699,	0.000063,	0.000079,	0.000096,	0.000161
1700,	0.000071,	0.000079,	0.000096,	0.000161
1701,	0.000079,	0.000079,	0.000096,	0.000161
1702,	0.000087,	0.000079,	0.000096,	0.000161
1703,	0.000096,	0.000079,	0.000096,	0.000320
1704,	0.000004,	0.000087,	0.000096,	0.000320
1705,	0.000013,	0.000087,	0.000096,	0.000161
1706,	0.000021,	0.000087,	0.000096,	0.000161
1707,	0.000029,	0.000087,	0.000096,	0.000161
1708,	0.000038,	0.000087,	0.000096,	0.000161
1709,	0.000046,	0.000087,	0.000096,	0.000161
1710,	0.000054,	0.000087,	0.000096,	0.000161
1711,	0.000063,	0.000087,	0.000096,	0.000161
1712,	0.000071,	0.000087,	0.000096,	0.000161
1713,	0.000079,	0.000087,	0.000096,	0.000161
1714,	0.000087,	0.000087,	0.000096,	0.000161
1715,	0.000096,	0.000087,	0.000096,	0.000320
1716,	0.000004,	0.000096,	0.000096,	0.000479
1717,	0.000013,	0.000096,	0.000096,	0.000320
1718,	0.000021,	0.000096,	0.000096,	0.000320
1719,	0.000029,	0.000096,	0.000096,	0.000320
1720,	0.000038,	0.000096,	0.000096,	0.000320
1721,	0.000046,	0.000096,	0.000096,	0.000320
1722,	0.000054,	0.000096,	0.000096,	0.000320
1723,	0.000063,	0.000096,	0.000096,	0.000320
1724,	0.000071,	0.000096,	0.000096,	0.000320
1725,	0.000079,	0.000096,	0.000096,	0.000320
1726,	0.000087,	0.000096,	0.000096,	0.000320
1727,	0.000096,	0.000096,	0.000096,	0.000479
