,x,y,z,scalar,1,1,1,0.5
157,	0.000005,	0.000005,	0.000005,	0.090000
158,	0.000005,	0.000005,	0.000015,	0.090000
159,	0.000005,	0.000005,	0.000025,	0.090000
160,	0.000005,	0.000005,	0.000035,	0.090000
161,	0.000005,	0.000005,	0.000045,	0.090000
162,	0.000005,	0.000005,	0.000055,	0.090000
163,	0.000005,	0.000005,	0.000065,	0.090000
164,	0.000005,	0.000005,	0.000075,	0.090000
165,	0.000005,	0.000005,	0.000085,	0.090000
166,	0.000005,	0.000005,	0.000095,	0.090000
169,	0.000005,	0.000015,	0.000005,	0.090000
170,	0.000005,	0.000015,	0.000015,	0.090000
171,	0.000005,	0.000015,	0.000025,	0.090000
172,	0.000005,	0.000015,	0.000035,	0.090000
173,	0.000005,	0.000015,	0.000045,	0.090000
174,	0.000005,	0.000015,	0.000055,	0.090000
175,	0.000005,	0.000015,	0.000065,	0.090000
176,	0.000005,	0.000015,	0.000075,	0.090000
177,	0.000005,	0.000015,	0.000085,	0.090000
178,	0.000005,	0.000015,	0.000095,	0.090000
181,	0.000005,	0.000025,	0.000005,	0.090000
182,	0.000005,	0.000025,	0.000015,	0.090000
183,	0.000005,	0.000025,	0.000025,	0.090000
184,	0.000005,	0.000025,	0.000035,	0.090000
185,	0.000005,	0.000025,	0.000045,	0.090000
186,	0.000005,	0.000025,	0.000055,	0.090000
187,	0.000005,	0.000025,	0.000065,	0.090000
188,	0.000005,	0.000025,	0.000075,	0.090000
189,	0.000005,	0.000025,	0.000085,	0.090000
190,	0.000005,	0.000025,	0.000095,	0.090000
193,	0.000005,	0.000035,	0.000005,	0.090000
194,	0.000005,	0.000035,	0.000015,	0.090000
195,	0.000005,	0.000035,	0.000025,	0.090000
196,	0.000005,	0.000035,	0.000035,	0.090000
197,	0.000005,	0.000035,	0.000045,	0.090000
198,	0.000005,	0.000035,	0.000055,	0.090000
199,	0.000005,	0.000035,	0.000065,	0.090000
200,	0.000005,	0.000035,	0.000075,	0.090000
201,	0.000005,	0.000035,	0.000085,	0.090000
202,	0.000005,	0.000035,	0.000095,	0.090000
205,	0.000005,	0.000045,	0.000005,	0.090000
206,	0.000005,	0.000045,	0.000015,	0.090000
207,	0.000005,	0.000045,	0.000025,	0.090000
208,	0.000005,	0.000045,	0.000035,	0.090000
209,	0.000005,	0.000045,	0.000045,	0.090000
210,	0.000005,	0.000045,	0.000055,	0.090000
211,	0.000005,	0.000045,	0.000065,	0.090000
212,	0.000005,	0.000045,	0.000075,	0.090000
213,	0.000005,	0.000045,	0.000085,	0.090000
214,	0.000005,	0.000045,	0.000095,	0.090000
217,	0.000005,	0.000055,	0.000005,	0.090000
218,	0.000005,	0.000055,	0.000015,	0.090000
219,	0.000005,	0.000055,	0.000025,	0.090000
220,	0.000005,	0.000055,	0.000035,	0.090000
221,	0.000005,	0.000055,	0.000045,	0.090000
222,	0.000005,	0.000055,	0.000055,	0.090000
223,	0.000005,	0.000055,	0.000065,	0.090000
224,	0.000005,	0.000055,	0.000075,	0.090000
225,	0.000005,	0.000055,	0.000085,	0.090000
226,	0.000005,	0.000055,	0.000095,	0.090000
229,	0.000005,	0.000065,	0.000005,	0.090000
230,	0.000005,	0.000065,	0.000015,	0.090000
231,	0.000005,	0.000065,	0.000025,	0.090000
232,	0.000005,	0.000065,	0.000035,	0.090000
233,	0.000005,	0.000065,	0.000045,	0.090000
234,	0.000005,	0.000065,	0.000055,	0.090000
235,	0.000005,	0.000065,	0.000065,	0.090000
236,	0.000005,	0.000065,	0.000075,	0.090000
237,	0.000005,	0.000065,	0.000085,	0.090000
238,	0.000005,	0.000065,	0.000095,	0.090000
241,	0.000005,	0.000075,	0.000005,	0.090000
242,	0.000005,	0.000075,	0.000015,	0.090000
243,	0.000005,	0.000075,	0.000025,	0.090000
244,	0.000005,	0.000075,	0.000035,	0.090000
245,	0.000005,	0.000075,	0.000045,	0.090000
246,	0.000005,	0.000075,	0.000055,	0.090000
247,	0.000005,	0.000075,	0.000065,	0.090000
248,	0.000005,	0.000075,	0.000075,	0.090000
249,	0.000005,	0.000075,	0.000085,	0.090000
250,	0.000005,	0.000075,	0.000095,	0.090000
253,	0.000005,	0.000085,	0.000005,	0.090000
254,	0.000005,	0.000085,	0.000015,	0.090000
255,	0.000005,	0.000085,	0.000025,	0.090000
256,	0.000005,	0.000085,	0.000035,	0.090000
257,	0.000005,	0.000085,	0.000045,	0.090000
258,	0.000005,	0.000085,	0.000055,	0.090000
259,	0.000005,	0.000085,	0.000065,	0.090000
260,	0.000005,	0.000085,	0.000075,	0.090000
261,	0.000005,	0.000085,	0.000085,	0.090000
262,	0.000005,	0.000085,	0.000095,	0.090000
265,	0.000005,	0.000095,	0.000005,	0.090000
266,	0.000005,	0.000095,	0.000015,	0.090000
267,	0.000005,	0.000095,	0.000025,	0.090000
268,	0.000005,	0.000095,	0.000035,	0.090000
269,	0.000005,	0.000095,	0.000045,	0.090000
270,	0.000005,	0.000095,	0.000055,	0.090000
271,	0.000005,	0.000095,	0.000065,	0.090000
272,	0.000005,	0.000095,	0.000075,	0.090000
273,	0.000005,	0.000095,	0.000085,	0.090000
274,	0.000005,	0.000095,	0.000095,	0.090000
301,	0.000015,	0.000005,	0.000005,	0.090000
302,	0.000015,	0.000005,	0.000015,	0.090000
303,	0.000015,	0.000005,	0.000025,	0.090000
304,	0.000015,	0.000005,	0.000035,	0.090000
305,	0.000015,	0.000005,	0.000045,	0.090000
306,	0.000015,	0.000005,	0.000055,	0.090000
307,	0.000015,	0.000005,	0.000065,	0.090000
308,	0.000015,	0.000005,	0.000075,	0.090000
309,	0.000015,	0.000005,	0.000085,	0.090000
310,	0.000015,	0.000005,	0.000095,	0.090000
313,	0.000015,	0.000015,	0.000005,	0.090000
314,	0.000015,	0.000015,	0.000015,	0.090000
315,	0.000015,	0.000015,	0.000025,	0.090000
316,	0.000015,	0.000015,	0.000035,	0.090000
317,	0.000015,	0.000015,	0.000045,	0.090000
318,	0.000015,	0.000015,	0.000055,	0.090000
319,	0.000015,	0.000015,	0.000065,	0.090000
320,	0.000015,	0.000015,	0.000075,	0.090000
321,	0.000015,	0.000015,	0.000085,	0.090000
322,	0.000015,	0.000015,	0.000095,	0.090000
325,	0.000015,	0.000025,	0.000005,	0.090000
326,	0.000015,	0.000025,	0.000015,	0.090000
327,	0.000015,	0.000025,	0.000025,	0.090000
328,	0.000015,	0.000025,	0.000035,	0.090000
329,	0.000015,	0.000025,	0.000045,	0.090000
330,	0.000015,	0.000025,	0.000055,	0.090000
331,	0.000015,	0.000025,	0.000065,	0.090000
332,	0.000015,	0.000025,	0.000075,	0.090000
333,	0.000015,	0.000025,	0.000085,	0.090000
334,	0.000015,	0.000025,	0.000095,	0.090000
337,	0.000015,	0.000035,	0.000005,	0.090000
338,	0.000015,	0.000035,	0.000015,	0.090000
339,	0.000015,	0.000035,	0.000025,	0.090000
340,	0.000015,	0.000035,	0.000035,	0.090000
341,	0.000015,	0.000035,	0.000045,	0.090000
342,	0.000015,	0.000035,	0.000055,	0.090000
343,	0.000015,	0.000035,	0.000065,	0.090000
344,	0.000015,	0.000035,	0.000075,	0.090000
345,	0.000015,	0.000035,	0.000085,	0.090000
346,	0.000015,	0.000035,	0.000095,	0.090000
349,	0.000015,	0.000045,	0.000005,	0.090000
350,	0.000015,	0.000045,	0.000015,	0.090000
351,	0.000015,	0.000045,	0.000025,	0.090000
352,	0.000015,	0.000045,	0.000035,	0.090000
353,	0.000015,	0.000045,	0.000045,	0.090000
354,	0.000015,	0.000045,	0.000055,	0.090000
355,	0.000015,	0.000045,	0.000065,	0.090000
356,	0.000015,	0.000045,	0.000075,	0.090000
357,	0.000015,	0.000045,	0.000085,	0.090000
358,	0.000015,	0.000045,	0.000095,	0.090000
361,	0.000015,	0.000055,	0.000005,	0.090000
362,	0.000015,	0.000055,	0.000015,	0.090000
363,	0.000015,	0.000055,	0.000025,	0.090000
364,	0.000015,	0.000055,	0.000035,	0.090000
365,	0.000015,	0.000055,	0.000045,	0.090000
366,	0.000015,	0.000055,	0.000055,	0.090000
367,	0.000015,	0.000055,	0.000065,	0.090000
368,	0.000015,	0.000055,	0.000075,	0.090000
369,	0.000015,	0.000055,	0.000085,	0.090000
370,	0.000015,	0.000055,	0.000095,	0.090000
373,	0.000015,	0.000065,	0.000005,	0.090000
374,	0.000015,	0.000065,	0.000015,	0.090000
375,	0.000015,	0.000065,	0.000025,	0.090000
376,	0.000015,	0.000065,	0.000035,	0.090000
377,	0.000015,	0.000065,	0.000045,	0.090000
378,	0.000015,	0.000065,	0.000055,	0.090000
379,	0.000015,	0.000065,	0.000065,	0.090000
380,	0.000015,	0.000065,	0.000075,	0.090000
381,	0.000015,	0.000065,	0.000085,	0.090000
382,	0.000015,	0.000065,	0.000095,	0.090000
385,	0.000015,	0.000075,	0.000005,	0.090000
386,	0.000015,	0.000075,	0.000015,	0.090000
387,	0.000015,	0.000075,	0.000025,	0.090000
388,	0.000015,	0.000075,	0.000035,	0.090000
389,	0.000015,	0.000075,	0.000045,	0.090000
390,	0.000015,	0.000075,	0.000055,	0.090000
391,	0.000015,	0.000075,	0.000065,	0.090000
392,	0.000015,	0.000075,	0.000075,	0.090000
393,	0.000015,	0.000075,	0.000085,	0.090000
394,	0.000015,	0.000075,	0.000095,	0.090000
397,	0.000015,	0.000085,	0.000005,	0.090000
398,	0.000015,	0.000085,	0.000015,	0.090000
399,	0.000015,	0.000085,	0.000025,	0.090000
400,	0.000015,	0.000085,	0.000035,	0.090000
401,	0.000015,	0.000085,	0.000045,	0.090000
402,	0.000015,	0.000085,	0.000055,	0.090000
403,	0.000015,	0.000085,	0.000065,	0.090000
404,	0.000015,	0.000085,	0.000075,	0.090000
405,	0.000015,	0.000085,	0.000085,	0.090000
406,	0.000015,	0.000085,	0.000095,	0.090000
409,	0.000015,	0.000095,	0.000005,	0.090000
410,	0.000015,	0.000095,	0.000015,	0.090000
411,	0.000015,	0.000095,	0.000025,	0.090000
412,	0.000015,	0.000095,	0.000035,	0.090000
413,	0.000015,	0.000095,	0.000045,	0.090000
414,	0.000015,	0.000095,	0.000055,	0.090000
415,	0.000015,	0.000095,	0.000065,	0.090000
416,	0.000015,	0.000095,	0.000075,	0.090000
417,	0.000015,	0.000095,	0.000085,	0.090000
418,	0.000015,	0.000095,	0.000095,	0.090000
445,	0.000025,	0.000005,	0.000005,	0.090000
446,	0.000025,	0.000005,	0.000015,	0.090000
447,	0.000025,	0.000005,	0.000025,	0.090000
448,	0.000025,	0.000005,	0.000035,	0.090000
449,	0.000025,	0.000005,	0.000045,	0.090000
450,	0.000025,	0.000005,	0.000055,	0.090000
451,	0.000025,	0.000005,	0.000065,	0.090000
452,	0.000025,	0.000005,	0.000075,	0.090000
453,	0.000025,	0.000005,	0.000085,	0.090000
454,	0.000025,	0.000005,	0.000095,	0.090000
457,	0.000025,	0.000015,	0.000005,	0.090000
458,	0.000025,	0.000015,	0.000015,	0.090000
459,	0.000025,	0.000015,	0.000025,	0.090000
460,	0.000025,	0.000015,	0.000035,	0.090000
461,	0.000025,	0.000015,	0.000045,	0.090000
462,	0.000025,	0.000015,	0.000055,	0.090000
463,	0.000025,	0.000015,	0.000065,	0.090000
464,	0.000025,	0.000015,	0.000075,	0.090000
465,	0.000025,	0.000015,	0.000085,	0.090000
466,	0.000025,	0.000015,	0.000095,	0.090000
469,	0.000025,	0.000025,	0.000005,	0.090000
470,	0.000025,	0.000025,	0.000015,	0.090000
471,	0.000025,	0.000025,	0.000025,	0.090000
472,	0.000025,	0.000025,	0.000035,	0.090000
473,	0.000025,	0.000025,	0.000045,	0.090000
474,	0.000025,	0.000025,	0.000055,	0.090000
475,	0.000025,	0.000025,	0.000065,	0.090000
476,	0.000025,	0.000025,	0.000075,	0.090000
477,	0.000025,	0.000025,	0.000085,	0.090000
478,	0.000025,	0.000025,	0.000095,	0.090000
481,	0.000025,	0.000035,	0.000005,	0.090000
482,	0.000025,	0.000035,	0.000015,	0.090000
483,	0.000025,	0.000035,	0.000025,	0.090000
484,	0.000025,	0.000035,	0.000035,	0.090000
485,	0.000025,	0.000035,	0.000045,	0.090000
486,	0.000025,	0.000035,	0.000055,	0.090000
487,	0.000025,	0.000035,	0.000065,	0.090000
488,	0.000025,	0.000035,	0.000075,	0.090000
489,	0.000025,	0.000035,	0.000085,	0.090000
490,	0.000025,	0.000035,	0.000095,	0.090000
493,	0.000025,	0.000045,	0.000005,	0.090000
494,	0.000025,	0.000045,	0.000015,	0.090000
495,	0.000025,	0.000045,	0.000025,	0.090000
496,	0.000025,	0.000045,	0.000035,	0.090000
497,	0.000025,	0.000045,	0.000045,	0.090000
498,	0.000025,	0.000045,	0.000055,	0.090000
499,	0.000025,	0.000045,	0.000065,	0.090000
500,	0.000025,	0.000045,	0.000075,	0.090000
501,	0.000025,	0.000045,	0.000085,	0.090000
502,	0.000025,	0.000045,	0.000095,	0.090000
505,	0.000025,	0.000055,	0.000005,	0.090000
506,	0.000025,	0.000055,	0.000015,	0.090000
507,	0.000025,	0.000055,	0.000025,	0.090000
508,	0.000025,	0.000055,	0.000035,	0.090000
509,	0.000025,	0.000055,	0.000045,	0.090000
510,	0.000025,	0.000055,	0.000055,	0.090000
511,	0.000025,	0.000055,	0.000065,	0.090000
512,	0.000025,	0.000055,	0.000075,	0.090000
513,	0.000025,	0.000055,	0.000085,	0.090000
514,	0.000025,	0.000055,	0.000095,	0.090000
517,	0.000025,	0.000065,	0.000005,	0.090000
518,	0.000025,	0.000065,	0.000015,	0.090000
519,	0.000025,	0.000065,	0.000025,	0.090000
520,	0.000025,	0.000065,	0.000035,	0.090000
521,	0.000025,	0.000065,	0.000045,	0.090000
522,	0.000025,	0.000065,	0.000055,	0.090000
523,	0.000025,	0.000065,	0.000065,	0.090000
524,	0.000025,	0.000065,	0.000075,	0.090000
525,	0.000025,	0.000065,	0.000085,	0.090000
526,	0.000025,	0.000065,	0.000095,	0.090000
529,	0.000025,	0.000075,	0.000005,	0.090000
530,	0.000025,	0.000075,	0.000015,	0.090000
531,	0.000025,	0.000075,	0.000025,	0.090000
532,	0.000025,	0.000075,	0.000035,	0.090000
533,	0.000025,	0.000075,	0.000045,	0.090000
534,	0.000025,	0.000075,	0.000055,	0.090000
535,	0.000025,	0.000075,	0.000065,	0.090000
536,	0.000025,	0.000075,	0.000075,	0.090000
537,	0.000025,	0.000075,	0.000085,	0.090000
538,	0.000025,	0.000075,	0.000095,	0.090000
541,	0.000025,	0.000085,	0.000005,	0.090000
542,	0.000025,	0.000085,	0.000015,	0.090000
543,	0.000025,	0.000085,	0.000025,	0.090000
544,	0.000025,	0.000085,	0.000035,	0.090000
545,	0.000025,	0.000085,	0.000045,	0.090000
546,	0.000025,	0.000085,	0.000055,	0.090000
547,	0.000025,	0.000085,	0.000065,	0.090000
548,	0.000025,	0.000085,	0.000075,	0.090000
549,	0.000025,	0.000085,	0.000085,	0.090000
550,	0.000025,	0.000085,	0.000095,	0.090000
553,	0.000025,	0.000095,	0.000005,	0.090000
554,	0.000025,	0.000095,	0.000015,	0.090000
555,	0.000025,	0.000095,	0.000025,	0.090000
556,	0.000025,	0.000095,	0.000035,	0.090000
557,	0.000025,	0.000095,	0.000045,	0.090000
558,	0.000025,	0.000095,	0.000055,	0.090000
559,	0.000025,	0.000095,	0.000065,	0.090000
560,	0.000025,	0.000095,	0.000075,	0.090000
561,	0.000025,	0.000095,	0.000085,	0.090000
562,	0.000025,	0.000095,	0.000095,	0.090000
589,	0.000035,	0.000005,	0.000005,	0.090000
590,	0.000035,	0.000005,	0.000015,	0.090000
591,	0.000035,	0.000005,	0.000025,	0.090000
592,	0.000035,	0.000005,	0.000035,	0.090000
593,	0.000035,	0.000005,	0.000045,	0.090000
594,	0.000035,	0.000005,	0.000055,	0.090000
595,	0.000035,	0.000005,	0.000065,	0.090000
596,	0.000035,	0.000005,	0.000075,	0.090000
597,	0.000035,	0.000005,	0.000085,	0.090000
598,	0.000035,	0.000005,	0.000095,	0.090000
601,	0.000035,	0.000015,	0.000005,	0.090000
602,	0.000035,	0.000015,	0.000015,	0.090000
603,	0.000035,	0.000015,	0.000025,	0.090000
604,	0.000035,	0.000015,	0.000035,	0.090000
605,	0.000035,	0.000015,	0.000045,	0.090000
606,	0.000035,	0.000015,	0.000055,	0.090000
607,	0.000035,	0.000015,	0.000065,	0.090000
608,	0.000035,	0.000015,	0.000075,	0.090000
609,	0.000035,	0.000015,	0.000085,	0.090000
610,	0.000035,	0.000015,	0.000095,	0.090000
613,	0.000035,	0.000025,	0.000005,	0.090000
614,	0.000035,	0.000025,	0.000015,	0.090000
615,	0.000035,	0.000025,	0.000025,	0.090000
616,	0.000035,	0.000025,	0.000035,	0.090000
617,	0.000035,	0.000025,	0.000045,	0.090000
618,	0.000035,	0.000025,	0.000055,	0.090000
619,	0.000035,	0.000025,	0.000065,	0.090000
620,	0.000035,	0.000025,	0.000075,	0.090000
621,	0.000035,	0.000025,	0.000085,	0.090000
622,	0.000035,	0.000025,	0.000095,	0.090000
625,	0.000035,	0.000035,	0.000005,	0.090000
626,	0.000035,	0.000035,	0.000015,	0.090000
627,	0.000035,	0.000035,	0.000025,	0.090000
628,	0.000035,	0.000035,	0.000035,	0.090000
629,	0.000035,	0.000035,	0.000045,	0.090000
630,	0.000035,	0.000035,	0.000055,	0.090000
631,	0.000035,	0.000035,	0.000065,	0.090000
632,	0.000035,	0.000035,	0.000075,	0.090000
633,	0.000035,	0.000035,	0.000085,	0.090000
634,	0.000035,	0.000035,	0.000095,	0.090000
637,	0.000035,	0.000045,	0.000005,	0.090000
638,	0.000035,	0.000045,	0.000015,	0.090000
639,	0.000035,	0.000045,	0.000025,	0.090000
640,	0.000035,	0.000045,	0.000035,	0.090000
641,	0.000035,	0.000045,	0.000045,	0.090000
642,	0.000035,	0.000045,	0.000055,	0.090000
643,	0.000035,	0.000045,	0.000065,	0.090000
644,	0.000035,	0.000045,	0.000075,	0.090000
645,	0.000035,	0.000045,	0.000085,	0.090000
646,	0.000035,	0.000045,	0.000095,	0.090000
649,	0.000035,	0.000055,	0.000005,	0.090000
650,	0.000035,	0.000055,	0.000015,	0.090000
651,	0.000035,	0.000055,	0.000025,	0.090000
652,	0.000035,	0.000055,	0.000035,	0.090000
653,	0.000035,	0.000055,	0.000045,	0.090000
654,	0.000035,	0.000055,	0.000055,	0.090000
655,	0.000035,	0.000055,	0.000065,	0.090000
656,	0.000035,	0.000055,	0.000075,	0.090000
657,	0.000035,	0.000055,	0.000085,	0.090000
658,	0.000035,	0.000055,	0.000095,	0.090000
661,	0.000035,	0.000065,	0.000005,	0.090000
662,	0.000035,	0.000065,	0.000015,	0.090000
663,	0.000035,	0.000065,	0.000025,	0.090000
664,	0.000035,	0.000065,	0.000035,	0.090000
665,	0.000035,	0.000065,	0.000045,	0.090000
666,	0.000035,	0.000065,	0.000055,	0.090000
667,	0.000035,	0.000065,	0.000065,	0.090000
668,	0.000035,	0.000065,	0.000075,	0.090000
669,	0.000035,	0.000065,	0.000085,	0.090000
670,	0.000035,	0.000065,	0.000095,	0.090000
673,	0.000035,	0.000075,	0.000005,	0.090000
674,	0.000035,	0.000075,	0.000015,	0.090000
675,	0.000035,	0.000075,	0.000025,	0.090000
676,	0.000035,	0.000075,	0.000035,	0.090000
677,	0.000035,	0.000075,	0.000045,	0.090000
678,	0.000035,	0.000075,	0.000055,	0.090000
679,	0.000035,	0.000075,	0.000065,	0.090000
680,	0.000035,	0.000075,	0.000075,	0.090000
681,	0.000035,	0.000075,	0.000085,	0.090000
682,	0.000035,	0.000075,	0.000095,	0.090000
685,	0.000035,	0.000085,	0.000005,	0.090000
686,	0.000035,	0.000085,	0.000015,	0.090000
687,	0.000035,	0.000085,	0.000025,	0.090000
688,	0.000035,	0.000085,	0.000035,	0.090000
689,	0.000035,	0.000085,	0.000045,	0.090000
690,	0.000035,	0.000085,	0.000055,	0.090000
691,	0.000035,	0.000085,	0.000065,	0.090000
692,	0.000035,	0.000085,	0.000075,	0.090000
693,	0.000035,	0.000085,	0.000085,	0.090000
694,	0.000035,	0.000085,	0.000095,	0.090000
697,	0.000035,	0.000095,	0.000005,	0.090000
698,	0.000035,	0.000095,	0.000015,	0.090000
699,	0.000035,	0.000095,	0.000025,	0.090000
700,	0.000035,	0.000095,	0.000035,	0.090000
701,	0.000035,	0.000095,	0.000045,	0.090000
702,	0.000035,	0.000095,	0.000055,	0.090000
703,	0.000035,	0.000095,	0.000065,	0.090000
704,	0.000035,	0.000095,	0.000075,	0.090000
705,	0.000035,	0.000095,	0.000085,	0.090000
706,	0.000035,	0.000095,	0.000095,	0.090000
733,	0.000045,	0.000005,	0.000005,	0.090000
734,	0.000045,	0.000005,	0.000015,	0.090000
735,	0.000045,	0.000005,	0.000025,	0.090000
736,	0.000045,	0.000005,	0.000035,	0.090000
737,	0.000045,	0.000005,	0.000045,	0.090000
738,	0.000045,	0.000005,	0.000055,	0.090000
739,	0.000045,	0.000005,	0.000065,	0.090000
740,	0.000045,	0.000005,	0.000075,	0.090000
741,	0.000045,	0.000005,	0.000085,	0.090000
742,	0.000045,	0.000005,	0.000095,	0.090000
745,	0.000045,	0.000015,	0.000005,	0.090000
746,	0.000045,	0.000015,	0.000015,	0.090000
747,	0.000045,	0.000015,	0.000025,	0.090000
748,	0.000045,	0.000015,	0.000035,	0.090000
749,	0.000045,	0.000015,	0.000045,	0.090000
750,	0.000045,	0.000015,	0.000055,	0.090000
751,	0.000045,	0.000015,	0.000065,	0.090000
752,	0.000045,	0.000015,	0.000075,	0.090000
753,	0.000045,	0.000015,	0.000085,	0.090000
754,	0.000045,	0.000015,	0.000095,	0.090000
757,	0.000045,	0.000025,	0.000005,	0.090000
758,	0.000045,	0.000025,	0.000015,	0.090000
759,	0.000045,	0.000025,	0.000025,	0.090000
760,	0.000045,	0.000025,	0.000035,	0.090000
761,	0.000045,	0.000025,	0.000045,	0.090000
762,	0.000045,	0.000025,	0.000055,	0.090000
763,	0.000045,	0.000025,	0.000065,	0.090000
764,	0.000045,	0.000025,	0.000075,	0.090000
765,	0.000045,	0.000025,	0.000085,	0.090000
766,	0.000045,	0.000025,	0.000095,	0.090000
769,	0.000045,	0.000035,	0.000005,	0.090000
770,	0.000045,	0.000035,	0.000015,	0.090000
771,	0.000045,	0.000035,	0.000025,	0.090000
772,	0.000045,	0.000035,	0.000035,	0.090000
773,	0.000045,	0.000035,	0.000045,	0.090000
774,	0.000045,	0.000035,	0.000055,	0.090000
775,	0.000045,	0.000035,	0.000065,	0.090000
776,	0.000045,	0.000035,	0.000075,	0.090000
777,	0.000045,	0.000035,	0.000085,	0.090000
778,	0.000045,	0.000035,	0.000095,	0.090000
781,	0.000045,	0.000045,	0.000005,	0.090000
782,	0.000045,	0.000045,	0.000015,	0.090000
783,	0.000045,	0.000045,	0.000025,	0.090000
784,	0.000045,	0.000045,	0.000035,	0.090000
785,	0.000045,	0.000045,	0.000045,	0.090000
786,	0.000045,	0.000045,	0.000055,	0.090000
787,	0.000045,	0.000045,	0.000065,	0.090000
788,	0.000045,	0.000045,	0.000075,	0.090000
789,	0.000045,	0.000045,	0.000085,	0.090000
790,	0.000045,	0.000045,	0.000095,	0.090000
793,	0.000045,	0.000055,	0.000005,	0.090000
794,	0.000045,	0.000055,	0.000015,	0.090000
795,	0.000045,	0.000055,	0.000025,	0.090000
796,	0.000045,	0.000055,	0.000035,	0.090000
797,	0.000045,	0.000055,	0.000045,	0.090000
798,	0.000045,	0.000055,	0.000055,	0.090000
799,	0.000045,	0.000055,	0.000065,	0.090000
800,	0.000045,	0.000055,	0.000075,	0.090000
801,	0.000045,	0.000055,	0.000085,	0.090000
802,	0.000045,	0.000055,	0.000095,	0.090000
805,	0.000045,	0.000065,	0.000005,	0.090000
806,	0.000045,	0.000065,	0.000015,	0.090000
807,	0.000045,	0.000065,	0.000025,	0.090000
808,	0.000045,	0.000065,	0.000035,	0.090000
809,	0.000045,	0.000065,	0.000045,	0.090000
810,	0.000045,	0.000065,	0.000055,	0.090000
811,	0.000045,	0.000065,	0.000065,	0.090000
812,	0.000045,	0.000065,	0.000075,	0.090000
813,	0.000045,	0.000065,	0.000085,	0.090000
814,	0.000045,	0.000065,	0.000095,	0.090000
817,	0.000045,	0.000075,	0.000005,	0.090000
818,	0.000045,	0.000075,	0.000015,	0.090000
819,	0.000045,	0.000075,	0.000025,	0.090000
820,	0.000045,	0.000075,	0.000035,	0.090000
821,	0.000045,	0.000075,	0.000045,	0.090000
822,	0.000045,	0.000075,	0.000055,	0.090000
823,	0.000045,	0.000075,	0.000065,	0.090000
824,	0.000045,	0.000075,	0.000075,	0.090000
825,	0.000045,	0.000075,	0.000085,	0.090000
826,	0.000045,	0.000075,	0.000095,	0.090000
829,	0.000045,	0.000085,	0.000005,	0.090000
830,	0.000045,	0.000085,	0.000015,	0.090000
831,	0.000045,	0.000085,	0.000025,	0.090000
832,	0.000045,	0.000085,	0.000035,	0.090000
833,	0.000045,	0.000085,	0.000045,	0.090000
834,	0.000045,	0.000085,	0.000055,	0.090000
835,	0.000045,	0.000085,	0.000065,	0.090000
836,	0.000045,	0.000085,	0.000075,	0.090000
837,	0.000045,	0.000085,	0.000085,	0.090000
838,	0.000045,	0.000085,	0.000095,	0.090000
841,	0.000045,	0.000095,	0.000005,	0.090000
842,	0.000045,	0.000095,	0.000015,	0.090000
843,	0.000045,	0.000095,	0.000025,	0.090000
844,	0.000045,	0.000095,	0.000035,	0.090000
845,	0.000045,	0.000095,	0.000045,	0.090000
846,	0.000045,	0.000095,	0.000055,	0.090000
847,	0.000045,	0.000095,	0.000065,	0.090000
848,	0.000045,	0.000095,	0.000075,	0.090000
849,	0.000045,	0.000095,	0.000085,	0.090000
850,	0.000045,	0.000095,	0.000095,	0.090000
877,	0.000055,	0.000005,	0.000005,	0.090000
878,	0.000055,	0.000005,	0.000015,	0.090000
879,	0.000055,	0.000005,	0.000025,	0.090000
880,	0.000055,	0.000005,	0.000035,	0.090000
881,	0.000055,	0.000005,	0.000045,	0.090000
882,	0.000055,	0.000005,	0.000055,	0.090000
883,	0.000055,	0.000005,	0.000065,	0.090000
884,	0.000055,	0.000005,	0.000075,	0.090000
885,	0.000055,	0.000005,	0.000085,	0.090000
886,	0.000055,	0.000005,	0.000095,	0.090000
889,	0.000055,	0.000015,	0.000005,	0.090000
890,	0.000055,	0.000015,	0.000015,	0.090000
891,	0.000055,	0.000015,	0.000025,	0.090000
892,	0.000055,	0.000015,	0.000035,	0.090000
893,	0.000055,	0.000015,	0.000045,	0.090000
894,	0.000055,	0.000015,	0.000055,	0.090000
895,	0.000055,	0.000015,	0.000065,	0.090000
896,	0.000055,	0.000015,	0.000075,	0.090000
897,	0.000055,	0.000015,	0.000085,	0.090000
898,	0.000055,	0.000015,	0.000095,	0.090000
901,	0.000055,	0.000025,	0.000005,	0.090000
902,	0.000055,	0.000025,	0.000015,	0.090000
903,	0.000055,	0.000025,	0.000025,	0.090000
904,	0.000055,	0.000025,	0.000035,	0.090000
905,	0.000055,	0.000025,	0.000045,	0.090000
906,	0.000055,	0.000025,	0.000055,	0.090000
907,	0.000055,	0.000025,	0.000065,	0.090000
908,	0.000055,	0.000025,	0.000075,	0.090000
909,	0.000055,	0.000025,	0.000085,	0.090000
910,	0.000055,	0.000025,	0.000095,	0.090000
913,	0.000055,	0.000035,	0.000005,	0.090000
914,	0.000055,	0.000035,	0.000015,	0.090000
915,	0.000055,	0.000035,	0.000025,	0.090000
916,	0.000055,	0.000035,	0.000035,	0.090000
917,	0.000055,	0.000035,	0.000045,	0.090000
918,	0.000055,	0.000035,	0.000055,	0.090000
919,	0.000055,	0.000035,	0.000065,	0.090000
920,	0.000055,	0.000035,	0.000075,	0.090000
921,	0.000055,	0.000035,	0.000085,	0.090000
922,	0.000055,	0.000035,	0.000095,	0.090000
925,	0.000055,	0.000045,	0.000005,	0.090000
926,	0.000055,	0.000045,	0.000015,	0.090000
927,	0.000055,	0.000045,	0.000025,	0.090000
928,	0.000055,	0.000045,	0.000035,	0.090000
929,	0.000055,	0.000045,	0.000045,	0.090000
930,	0.000055,	0.000045,	0.000055,	0.090000
931,	0.000055,	0.000045,	0.000065,	0.090000
932,	0.000055,	0.000045,	0.000075,	0.090000
933,	0.000055,	0.000045,	0.000085,	0.090000
934,	0.000055,	0.000045,	0.000095,	0.090000
937,	0.000055,	0.000055,	0.000005,	0.090000
938,	0.000055,	0.000055,	0.000015,	0.090000
939,	0.000055,	0.000055,	0.000025,	0.090000
940,	0.000055,	0.000055,	0.000035,	0.090000
941,	0.000055,	0.000055,	0.000045,	0.090000
942,	0.000055,	0.000055,	0.000055,	0.090000
943,	0.000055,	0.000055,	0.000065,	0.090000
944,	0.000055,	0.000055,	0.000075,	0.090000
945,	0.000055,	0.000055,	0.000085,	0.090000
946,	0.000055,	0.000055,	0.000095,	0.090000
949,	0.000055,	0.000065,	0.000005,	0.090000
950,	0.000055,	0.000065,	0.000015,	0.090000
951,	0.000055,	0.000065,	0.000025,	0.090000
952,	0.000055,	0.000065,	0.000035,	0.090000
953,	0.000055,	0.000065,	0.000045,	0.090000
954,	0.000055,	0.000065,	0.000055,	0.090000
955,	0.000055,	0.000065,	0.000065,	0.090000
956,	0.000055,	0.000065,	0.000075,	0.090000
957,	0.000055,	0.000065,	0.000085,	0.090000
958,	0.000055,	0.000065,	0.000095,	0.090000
961,	0.000055,	0.000075,	0.000005,	0.090000
962,	0.000055,	0.000075,	0.000015,	0.090000
963,	0.000055,	0.000075,	0.000025,	0.090000
964,	0.000055,	0.000075,	0.000035,	0.090000
965,	0.000055,	0.000075,	0.000045,	0.090000
966,	0.000055,	0.000075,	0.000055,	0.090000
967,	0.000055,	0.000075,	0.000065,	0.090000
968,	0.000055,	0.000075,	0.000075,	0.090000
969,	0.000055,	0.000075,	0.000085,	0.090000
970,	0.000055,	0.000075,	0.000095,	0.090000
973,	0.000055,	0.000085,	0.000005,	0.090000
974,	0.000055,	0.000085,	0.000015,	0.090000
975,	0.000055,	0.000085,	0.000025,	0.090000
976,	0.000055,	0.000085,	0.000035,	0.090000
977,	0.000055,	0.000085,	0.000045,	0.090000
978,	0.000055,	0.000085,	0.000055,	0.090000
979,	0.000055,	0.000085,	0.000065,	0.090000
980,	0.000055,	0.000085,	0.000075,	0.090000
981,	0.000055,	0.000085,	0.000085,	0.090000
982,	0.000055,	0.000085,	0.000095,	0.090000
985,	0.000055,	0.000095,	0.000005,	0.090000
986,	0.000055,	0.000095,	0.000015,	0.090000
987,	0.000055,	0.000095,	0.000025,	0.090000
988,	0.000055,	0.000095,	0.000035,	0.090000
989,	0.000055,	0.000095,	0.000045,	0.090000
990,	0.000055,	0.000095,	0.000055,	0.090000
991,	0.000055,	0.000095,	0.000065,	0.090000
992,	0.000055,	0.000095,	0.000075,	0.090000
993,	0.000055,	0.000095,	0.000085,	0.090000
994,	0.000055,	0.000095,	0.000095,	0.090000
1021,	0.000065,	0.000005,	0.000005,	0.090000
1022,	0.000065,	0.000005,	0.000015,	0.090000
1023,	0.000065,	0.000005,	0.000025,	0.090000
1024,	0.000065,	0.000005,	0.000035,	0.090000
1025,	0.000065,	0.000005,	0.000045,	0.090000
1026,	0.000065,	0.000005,	0.000055,	0.090000
1027,	0.000065,	0.000005,	0.000065,	0.090000
1028,	0.000065,	0.000005,	0.000075,	0.090000
1029,	0.000065,	0.000005,	0.000085,	0.090000
1030,	0.000065,	0.000005,	0.000095,	0.090000
1033,	0.000065,	0.000015,	0.000005,	0.090000
1034,	0.000065,	0.000015,	0.000015,	0.090000
1035,	0.000065,	0.000015,	0.000025,	0.090000
1036,	0.000065,	0.000015,	0.000035,	0.090000
1037,	0.000065,	0.000015,	0.000045,	0.090000
1038,	0.000065,	0.000015,	0.000055,	0.090000
1039,	0.000065,	0.000015,	0.000065,	0.090000
1040,	0.000065,	0.000015,	0.000075,	0.090000
1041,	0.000065,	0.000015,	0.000085,	0.090000
1042,	0.000065,	0.000015,	0.000095,	0.090000
1045,	0.000065,	0.000025,	0.000005,	0.090000
1046,	0.000065,	0.000025,	0.000015,	0.090000
1047,	0.000065,	0.000025,	0.000025,	0.090000
1048,	0.000065,	0.000025,	0.000035,	0.090000
1049,	0.000065,	0.000025,	0.000045,	0.090000
1050,	0.000065,	0.000025,	0.000055,	0.090000
1051,	0.000065,	0.000025,	0.000065,	0.090000
1052,	0.000065,	0.000025,	0.000075,	0.090000
1053,	0.000065,	0.000025,	0.000085,	0.090000
1054,	0.000065,	0.000025,	0.000095,	0.090000
1057,	0.000065,	0.000035,	0.000005,	0.090000
1058,	0.000065,	0.000035,	0.000015,	0.090000
1059,	0.000065,	0.000035,	0.000025,	0.090000
1060,	0.000065,	0.000035,	0.000035,	0.090000
1061,	0.000065,	0.000035,	0.000045,	0.090000
1062,	0.000065,	0.000035,	0.000055,	0.090000
1063,	0.000065,	0.000035,	0.000065,	0.090000
1064,	0.000065,	0.000035,	0.000075,	0.090000
1065,	0.000065,	0.000035,	0.000085,	0.090000
1066,	0.000065,	0.000035,	0.000095,	0.090000
1069,	0.000065,	0.000045,	0.000005,	0.090000
1070,	0.000065,	0.000045,	0.000015,	0.090000
1071,	0.000065,	0.000045,	0.000025,	0.090000
1072,	0.000065,	0.000045,	0.000035,	0.090000
1073,	0.000065,	0.000045,	0.000045,	0.090000
1074,	0.000065,	0.000045,	0.000055,	0.090000
1075,	0.000065,	0.000045,	0.000065,	0.090000
1076,	0.000065,	0.000045,	0.000075,	0.090000
1077,	0.000065,	0.000045,	0.000085,	0.090000
1078,	0.000065,	0.000045,	0.000095,	0.090000
1081,	0.000065,	0.000055,	0.000005,	0.090000
1082,	0.000065,	0.000055,	0.000015,	0.090000
1083,	0.000065,	0.000055,	0.000025,	0.090000
1084,	0.000065,	0.000055,	0.000035,	0.090000
1085,	0.000065,	0.000055,	0.000045,	0.090000
1086,	0.000065,	0.000055,	0.000055,	0.090000
1087,	0.000065,	0.000055,	0.000065,	0.090000
1088,	0.000065,	0.000055,	0.000075,	0.090000
1089,	0.000065,	0.000055,	0.000085,	0.090000
1090,	0.000065,	0.000055,	0.000095,	0.090000
1093,	0.000065,	0.000065,	0.000005,	0.090000
1094,	0.000065,	0.000065,	0.000015,	0.090000
1095,	0.000065,	0.000065,	0.000025,	0.090000
1096,	0.000065,	0.000065,	0.000035,	0.090000
1097,	0.000065,	0.000065,	0.000045,	0.090000
1098,	0.000065,	0.000065,	0.000055,	0.090000
1099,	0.000065,	0.000065,	0.000065,	0.090000
1100,	0.000065,	0.000065,	0.000075,	0.090000
1101,	0.000065,	0.000065,	0.000085,	0.090000
1102,	0.000065,	0.000065,	0.000095,	0.090000
1105,	0.000065,	0.000075,	0.000005,	0.090000
1106,	0.000065,	0.000075,	0.000015,	0.090000
1107,	0.000065,	0.000075,	0.000025,	0.090000
1108,	0.000065,	0.000075,	0.000035,	0.090000
1109,	0.000065,	0.000075,	0.000045,	0.090000
1110,	0.000065,	0.000075,	0.000055,	0.090000
1111,	0.000065,	0.000075,	0.000065,	0.090000
1112,	0.000065,	0.000075,	0.000075,	0.090000
1113,	0.000065,	0.000075,	0.000085,	0.090000
1114,	0.000065,	0.000075,	0.000095,	0.090000
1117,	0.000065,	0.000085,	0.000005,	0.090000
1118,	0.000065,	0.000085,	0.000015,	0.090000
1119,	0.000065,	0.000085,	0.000025,	0.090000
1120,	0.000065,	0.000085,	0.000035,	0.090000
1121,	0.000065,	0.000085,	0.000045,	0.090000
1122,	0.000065,	0.000085,	0.000055,	0.090000
1123,	0.000065,	0.000085,	0.000065,	0.090000
1124,	0.000065,	0.000085,	0.000075,	0.090000
1125,	0.000065,	0.000085,	0.000085,	0.090000
1126,	0.000065,	0.000085,	0.000095,	0.090000
1129,	0.000065,	0.000095,	0.000005,	0.090000
1130,	0.000065,	0.000095,	0.000015,	0.090000
1131,	0.000065,	0.000095,	0.000025,	0.090000
1132,	0.000065,	0.000095,	0.000035,	0.090000
1133,	0.000065,	0.000095,	0.000045,	0.090000
1134,	0.000065,	0.000095,	0.000055,	0.090000
1135,	0.000065,	0.000095,	0.000065,	0.090000
1136,	0.000065,	0.000095,	0.000075,	0.090000
1137,	0.000065,	0.000095,	0.000085,	0.090000
1138,	0.000065,	0.000095,	0.000095,	0.090000
1165,	0.000075,	0.000005,	0.000005,	0.090000
1166,	0.000075,	0.000005,	0.000015,	0.090000
1167,	0.000075,	0.000005,	0.000025,	0.090000
1168,	0.000075,	0.000005,	0.000035,	0.090000
1169,	0.000075,	0.000005,	0.000045,	0.090000
1170,	0.000075,	0.000005,	0.000055,	0.090000
1171,	0.000075,	0.000005,	0.000065,	0.090000
1172,	0.000075,	0.000005,	0.000075,	0.090000
1173,	0.000075,	0.000005,	0.000085,	0.090000
1174,	0.000075,	0.000005,	0.000095,	0.090000
1177,	0.000075,	0.000015,	0.000005,	0.090000
1178,	0.000075,	0.000015,	0.000015,	0.090000
1179,	0.000075,	0.000015,	0.000025,	0.090000
1180,	0.000075,	0.000015,	0.000035,	0.090000
1181,	0.000075,	0.000015,	0.000045,	0.090000
1182,	0.000075,	0.000015,	0.000055,	0.090000
1183,	0.000075,	0.000015,	0.000065,	0.090000
1184,	0.000075,	0.000015,	0.000075,	0.090000
1185,	0.000075,	0.000015,	0.000085,	0.090000
1186,	0.000075,	0.000015,	0.000095,	0.090000
1189,	0.000075,	0.000025,	0.000005,	0.090000
1190,	0.000075,	0.000025,	0.000015,	0.090000
1191,	0.000075,	0.000025,	0.000025,	0.090000
1192,	0.000075,	0.000025,	0.000035,	0.090000
1193,	0.000075,	0.000025,	0.000045,	0.090000
1194,	0.000075,	0.000025,	0.000055,	0.090000
1195,	0.000075,	0.000025,	0.000065,	0.090000
1196,	0.000075,	0.000025,	0.000075,	0.090000
1197,	0.000075,	0.000025,	0.000085,	0.090000
1198,	0.000075,	0.000025,	0.000095,	0.090000
1201,	0.000075,	0.000035,	0.000005,	0.090000
1202,	0.000075,	0.000035,	0.000015,	0.090000
1203,	0.000075,	0.000035,	0.000025,	0.090000
1204,	0.000075,	0.000035,	0.000035,	0.090000
1205,	0.000075,	0.000035,	0.000045,	0.090000
1206,	0.000075,	0.000035,	0.000055,	0.090000
1207,	0.000075,	0.000035,	0.000065,	0.090000
1208,	0.000075,	0.000035,	0.000075,	0.090000
1209,	0.000075,	0.000035,	0.000085,	0.090000
1210,	0.000075,	0.000035,	0.000095,	0.090000
1213,	0.000075,	0.000045,	0.000005,	0.090000
1214,	0.000075,	0.000045,	0.000015,	0.090000
1215,	0.000075,	0.000045,	0.000025,	0.090000
1216,	0.000075,	0.000045,	0.000035,	0.090000
1217,	0.000075,	0.000045,	0.000045,	0.090000
1218,	0.000075,	0.000045,	0.000055,	0.090000
1219,	0.000075,	0.000045,	0.000065,	0.090000
1220,	0.000075,	0.000045,	0.000075,	0.090000
1221,	0.000075,	0.000045,	0.000085,	0.090000
1222,	0.000075,	0.000045,	0.000095,	0.090000
1225,	0.000075,	0.000055,	0.000005,	0.090000
1226,	0.000075,	0.000055,	0.000015,	0.090000
1227,	0.000075,	0.000055,	0.000025,	0.090000
1228,	0.000075,	0.000055,	0.000035,	0.090000
1229,	0.000075,	0.000055,	0.000045,	0.090000
1230,	0.000075,	0.000055,	0.000055,	0.090000
1231,	0.000075,	0.000055,	0.000065,	0.090000
1232,	0.000075,	0.000055,	0.000075,	0.090000
1233,	0.000075,	0.000055,	0.000085,	0.090000
1234,	0.000075,	0.000055,	0.000095,	0.090000
1237,	0.000075,	0.000065,	0.000005,	0.090000
1238,	0.000075,	0.000065,	0.000015,	0.090000
1239,	0.000075,	0.000065,	0.000025,	0.090000
1240,	0.000075,	0.000065,	0.000035,	0.090000
1241,	0.000075,	0.000065,	0.000045,	0.090000
1242,	0.000075,	0.000065,	0.000055,	0.090000
1243,	0.000075,	0.000065,	0.000065,	0.090000
1244,	0.000075,	0.000065,	0.000075,	0.090000
1245,	0.000075,	0.000065,	0.000085,	0.090000
1246,	0.000075,	0.000065,	0.000095,	0.090000
1249,	0.000075,	0.000075,	0.000005,	0.090000
1250,	0.000075,	0.000075,	0.000015,	0.090000
1251,	0.000075,	0.000075,	0.000025,	0.090000
1252,	0.000075,	0.000075,	0.000035,	0.090000
1253,	0.000075,	0.000075,	0.000045,	0.090000
1254,	0.000075,	0.000075,	0.000055,	0.090000
1255,	0.000075,	0.000075,	0.000065,	0.090000
1256,	0.000075,	0.000075,	0.000075,	0.090000
1257,	0.000075,	0.000075,	0.000085,	0.090000
1258,	0.000075,	0.000075,	0.000095,	0.090000
1261,	0.000075,	0.000085,	0.000005,	0.090000
1262,	0.000075,	0.000085,	0.000015,	0.090000
1263,	0.000075,	0.000085,	0.000025,	0.090000
1264,	0.000075,	0.000085,	0.000035,	0.090000
1265,	0.000075,	0.000085,	0.000045,	0.090000
1266,	0.000075,	0.000085,	0.000055,	0.090000
1267,	0.000075,	0.000085,	0.000065,	0.090000
1268,	0.000075,	0.000085,	0.000075,	0.090000
1269,	0.000075,	0.000085,	0.000085,	0.090000
1270,	0.000075,	0.000085,	0.000095,	0.090000
1273,	0.000075,	0.000095,	0.000005,	0.090000
1274,	0.000075,	0.000095,	0.000015,	0.090000
1275,	0.000075,	0.000095,	0.000025,	0.090000
1276,	0.000075,	0.000095,	0.000035,	0.090000
1277,	0.000075,	0.000095,	0.000045,	0.090000
1278,	0.000075,	0.000095,	0.000055,	0.090000
1279,	0.000075,	0.000095,	0.000065,	0.090000
1280,	0.000075,	0.000095,	0.000075,	0.090000
1281,	0.000075,	0.000095,	0.000085,	0.090000
1282,	0.000075,	0.000095,	0.000095,	0.090000
1309,	0.000085,	0.000005,	0.000005,	0.090000
1310,	0.000085,	0.000005,	0.000015,	0.090000
1311,	0.000085,	0.000005,	0.000025,	0.090000
1312,	0.000085,	0.000005,	0.000035,	0.090000
1313,	0.000085,	0.000005,	0.000045,	0.090000
1314,	0.000085,	0.000005,	0.000055,	0.090000
1315,	0.000085,	0.000005,	0.000065,	0.090000
1316,	0.000085,	0.000005,	0.000075,	0.090000
1317,	0.000085,	0.000005,	0.000085,	0.090000
1318,	0.000085,	0.000005,	0.000095,	0.090000
1321,	0.000085,	0.000015,	0.000005,	0.090000
1322,	0.000085,	0.000015,	0.000015,	0.090000
1323,	0.000085,	0.000015,	0.000025,	0.090000
1324,	0.000085,	0.000015,	0.000035,	0.090000
1325,	0.000085,	0.000015,	0.000045,	0.090000
1326,	0.000085,	0.000015,	0.000055,	0.090000
1327,	0.000085,	0.000015,	0.000065,	0.090000
1328,	0.000085,	0.000015,	0.000075,	0.090000
1329,	0.000085,	0.000015,	0.000085,	0.090000
1330,	0.000085,	0.000015,	0.000095,	0.090000
1333,	0.000085,	0.000025,	0.000005,	0.090000
1334,	0.000085,	0.000025,	0.000015,	0.090000
1335,	0.000085,	0.000025,	0.000025,	0.090000
1336,	0.000085,	0.000025,	0.000035,	0.090000
1337,	0.000085,	0.000025,	0.000045,	0.090000
1338,	0.000085,	0.000025,	0.000055,	0.090000
1339,	0.000085,	0.000025,	0.000065,	0.090000
1340,	0.000085,	0.000025,	0.000075,	0.090000
1341,	0.000085,	0.000025,	0.000085,	0.090000
1342,	0.000085,	0.000025,	0.000095,	0.090000
1345,	0.000085,	0.000035,	0.000005,	0.090000
1346,	0.000085,	0.000035,	0.000015,	0.090000
1347,	0.000085,	0.000035,	0.000025,	0.090000
1348,	0.000085,	0.000035,	0.000035,	0.090000
1349,	0.000085,	0.000035,	0.000045,	0.090000
1350,	0.000085,	0.000035,	0.000055,	0.090000
1351,	0.000085,	0.000035,	0.000065,	0.090000
1352,	0.000085,	0.000035,	0.000075,	0.090000
1353,	0.000085,	0.000035,	0.000085,	0.090000
1354,	0.000085,	0.000035,	0.000095,	0.090000
1357,	0.000085,	0.000045,	0.000005,	0.090000
1358,	0.000085,	0.000045,	0.000015,	0.090000
1359,	0.000085,	0.000045,	0.000025,	0.090000
1360,	0.000085,	0.000045,	0.000035,	0.090000
1361,	0.000085,	0.000045,	0.000045,	0.090000
1362,	0.000085,	0.000045,	0.000055,	0.090000
1363,	0.000085,	0.000045,	0.000065,	0.090000
1364,	0.000085,	0.000045,	0.000075,	0.090000
1365,	0.000085,	0.000045,	0.000085,	0.090000
1366,	0.000085,	0.000045,	0.000095,	0.090000
1369,	0.000085,	0.000055,	0.000005,	0.090000
1370,	0.000085,	0.000055,	0.000015,	0.090000
1371,	0.000085,	0.000055,	0.000025,	0.090000
1372,	0.000085,	0.000055,	0.000035,	0.090000
1373,	0.000085,	0.000055,	0.000045,	0.090000
1374,	0.000085,	0.000055,	0.000055,	0.090000
1375,	0.000085,	0.000055,	0.000065,	0.090000
1376,	0.000085,	0.000055,	0.000075,	0.090000
1377,	0.000085,	0.000055,	0.000085,	0.090000
1378,	0.000085,	0.000055,	0.000095,	0.090000
1381,	0.000085,	0.000065,	0.000005,	0.090000
1382,	0.000085,	0.000065,	0.000015,	0.090000
1383,	0.000085,	0.000065,	0.000025,	0.090000
1384,	0.000085,	0.000065,	0.000035,	0.090000
1385,	0.000085,	0.000065,	0.000045,	0.090000
1386,	0.000085,	0.000065,	0.000055,	0.090000
1387,	0.000085,	0.000065,	0.000065,	0.090000
1388,	0.000085,	0.000065,	0.000075,	0.090000
1389,	0.000085,	0.000065,	0.000085,	0.090000
1390,	0.000085,	0.000065,	0.000095,	0.090000
1393,	0.000085,	0.000075,	0.000005,	0.090000
1394,	0.000085,	0.000075,	0.000015,	0.090000
1395,	0.000085,	0.000075,	0.000025,	0.090000
1396,	0.000085,	0.000075,	0.000035,	0.090000
1397,	0.000085,	0.000075,	0.000045,	0.090000
1398,	0.000085,	0.000075,	0.000055,	0.090000
1399,	0.000085,	0.000075,	0.000065,	0.090000
1400,	0.000085,	0.000075,	0.000075,	0.090000
1401,	0.000085,	0.000075,	0.000085,	0.090000
1402,	0.000085,	0.000075,	0.000095,	0.090000
1405,	0.000085,	0.000085,	0.000005,	0.090000
1406,	0.000085,	0.000085,	0.000015,	0.090000
1407,	0.000085,	0.000085,	0.000025,	0.090000
1408,	0.000085,	0.000085,	0.000035,	0.090000
1409,	0.000085,	0.000085,	0.000045,	0.090000
1410,	0.000085,	0.000085,	0.000055,	0.090000
1411,	0.000085,	0.000085,	0.000065,	0.090000
1412,	0.000085,	0.000085,	0.000075,	0.090000
1413,	0.000085,	0.000085,	0.000085,	0.090000
1414,	0.000085,	0.000085,	0.000095,	0.090000
1417,	0.000085,	0.000095,	0.000005,	0.090000
1418,	0.000085,	0.000095,	0.000015,	0.090000
1419,	0.000085,	0.000095,	0.000025,	0.090000
1420,	0.000085,	0.000095,	0.000035,	0.090000
1421,	0.000085,	0.000095,	0.000045,	0.090000
1422,	0.000085,	0.000095,	0.000055,	0.090000
1423,	0.000085,	0.000095,	0.000065,	0.090000
1424,	0.000085,	0.000095,	0.000075,	0.090000
1425,	0.000085,	0.000095,	0.000085,	0.090000
1426,	0.000085,	0.000095,	0.000095,	0.090000
1453,	0.000095,	0.000005,	0.000005,	0.090000
1454,	0.000095,	0.000005,	0.000015,	0.090000
1455,	0.000095,	0.000005,	0.000025,	0.090000
1456,	0.000095,	0.000005,	0.000035,	0.090000
1457,	0.000095,	0.000005,	0.000045,	0.090000
1458,	0.000095,	0.000005,	0.000055,	0.090000
1459,	0.000095,	0.000005,	0.000065,	0.090000
1460,	0.000095,	0.000005,	0.000075,	0.090000
1461,	0.000095,	0.000005,	0.000085,	0.090000
1462,	0.000095,	0.000005,	0.000095,	0.090000
1465,	0.000095,	0.000015,	0.000005,	0.090000
1466,	0.000095,	0.000015,	0.000015,	0.090000
1467,	0.000095,	0.000015,	0.000025,	0.090000
1468,	0.000095,	0.000015,	0.000035,	0.090000
1469,	0.000095,	0.000015,	0.000045,	0.090000
1470,	0.000095,	0.000015,	0.000055,	0.090000
1471,	0.000095,	0.000015,	0.000065,	0.090000
1472,	0.000095,	0.000015,	0.000075,	0.090000
1473,	0.000095,	0.000015,	0.000085,	0.090000
1474,	0.000095,	0.000015,	0.000095,	0.090000
1477,	0.000095,	0.000025,	0.000005,	0.090000
1478,	0.000095,	0.000025,	0.000015,	0.090000
1479,	0.000095,	0.000025,	0.000025,	0.090000
1480,	0.000095,	0.000025,	0.000035,	0.090000
1481,	0.000095,	0.000025,	0.000045,	0.090000
1482,	0.000095,	0.000025,	0.000055,	0.090000
1483,	0.000095,	0.000025,	0.000065,	0.090000
1484,	0.000095,	0.000025,	0.000075,	0.090000
1485,	0.000095,	0.000025,	0.000085,	0.090000
1486,	0.000095,	0.000025,	0.000095,	0.090000
1489,	0.000095,	0.000035,	0.000005,	0.090000
1490,	0.000095,	0.000035,	0.000015,	0.090000
1491,	0.000095,	0.000035,	0.000025,	0.090000
1492,	0.000095,	0.000035,	0.000035,	0.090000
1493,	0.000095,	0.000035,	0.000045,	0.090000
1494,	0.000095,	0.000035,	0.000055,	0.090000
1495,	0.000095,	0.000035,	0.000065,	0.090000
1496,	0.000095,	0.000035,	0.000075,	0.090000
1497,	0.000095,	0.000035,	0.000085,	0.090000
1498,	0.000095,	0.000035,	0.000095,	0.090000
1501,	0.000095,	0.000045,	0.000005,	0.090000
1502,	0.000095,	0.000045,	0.000015,	0.090000
1503,	0.000095,	0.000045,	0.000025,	0.090000
1504,	0.000095,	0.000045,	0.000035,	0.090000
1505,	0.000095,	0.000045,	0.000045,	0.090000
1506,	0.000095,	0.000045,	0.000055,	0.090000
1507,	0.000095,	0.000045,	0.000065,	0.090000
1508,	0.000095,	0.000045,	0.000075,	0.090000
1509,	0.000095,	0.000045,	0.000085,	0.090000
1510,	0.000095,	0.000045,	0.000095,	0.090000
1513,	0.000095,	0.000055,	0.000005,	0.090000
1514,	0.000095,	0.000055,	0.000015,	0.090000
1515,	0.000095,	0.000055,	0.000025,	0.090000
1516,	0.000095,	0.000055,	0.000035,	0.090000
1517,	0.000095,	0.000055,	0.000045,	0.090000
1518,	0.000095,	0.000055,	0.000055,	0.090000
1519,	0.000095,	0.000055,	0.000065,	0.090000
1520,	0.000095,	0.000055,	0.000075,	0.090000
1521,	0.000095,	0.000055,	0.000085,	0.090000
1522,	0.000095,	0.000055,	0.000095,	0.090000
1525,	0.000095,	0.000065,	0.000005,	0.090000
1526,	0.000095,	0.000065,	0.000015,	0.090000
1527,	0.000095,	0.000065,	0.000025,	0.090000
1528,	0.000095,	0.000065,	0.000035,	0.090000
1529,	0.000095,	0.000065,	0.000045,	0.090000
1530,	0.000095,	0.000065,	0.000055,	0.090000
1531,	0.000095,	0.000065,	0.000065,	0.090000
1532,	0.000095,	0.000065,	0.000075,	0.090000
1533,	0.000095,	0.000065,	0.000085,	0.090000
1534,	0.000095,	0.000065,	0.000095,	0.090000
1537,	0.000095,	0.000075,	0.000005,	0.090000
1538,	0.000095,	0.000075,	0.000015,	0.090000
1539,	0.000095,	0.000075,	0.000025,	0.090000
1540,	0.000095,	0.000075,	0.000035,	0.090000
1541,	0.000095,	0.000075,	0.000045,	0.090000
1542,	0.000095,	0.000075,	0.000055,	0.090000
1543,	0.000095,	0.000075,	0.000065,	0.090000
1544,	0.000095,	0.000075,	0.000075,	0.090000
1545,	0.000095,	0.000075,	0.000085,	0.090000
1546,	0.000095,	0.000075,	0.000095,	0.090000
1549,	0.000095,	0.000085,	0.000005,	0.090000
1550,	0.000095,	0.000085,	0.000015,	0.090000
1551,	0.000095,	0.000085,	0.000025,	0.090000
1552,	0.000095,	0.000085,	0.000035,	0.090000
1553,	0.000095,	0.000085,	0.000045,	0.090000
1554,	0.000095,	0.000085,	0.000055,	0.090000
1555,	0.000095,	0.000085,	0.000065,	0.090000
1556,	0.000095,	0.000085,	0.000075,	0.090000
1557,	0.000095,	0.000085,	0.000085,	0.090000
1558,	0.000095,	0.000085,	0.000095,	0.090000
1561,	0.000095,	0.000095,	0.000005,	0.090000
1562,	0.000095,	0.000095,	0.000015,	0.090000
1563,	0.000095,	0.000095,	0.000025,	0.090000
1564,	0.000095,	0.000095,	0.000035,	0.090000
1565,	0.000095,	0.000095,	0.000045,	0.090000
1566,	0.000095,	0.000095,	0.000055,	0.090000
1567,	0.000095,	0.000095,	0.000065,	0.090000
1568,	0.000095,	0.000095,	0.000075,	0.090000
1569,	0.000095,	0.000095,	0.000085,	0.090000
1570,	0.000095,	0.000095,	0.000095,	0.090000
