,x,y,z,scalar,1,1,1,0.5
157,	0.000005,	0.000005,	0.000005,	0.079599
158,	0.000005,	0.000005,	0.000015,	0.079625
159,	0.000005,	0.000005,	0.000025,	0.079671
160,	0.000005,	0.000005,	0.000035,	0.079727
161,	0.000005,	0.000005,	0.000045,	0.079784
162,	0.000005,	0.000005,	0.000055,	0.079837
163,	0.000005,	0.000005,	0.000065,	0.079883
164,	0.000005,	0.000005,	0.000075,	0.079922
165,	0.000005,	0.000005,	0.000085,	0.079956
166,	0.000005,	0.000005,	0.000095,	0.079986
169,	0.000005,	0.000015,	0.000005,	0.079571
170,	0.000005,	0.000015,	0.000015,	0.079601
171,	0.000005,	0.000015,	0.000025,	0.079653
172,	0.000005,	0.000015,	0.000035,	0.079714
173,	0.000005,	0.000015,	0.000045,	0.079776
174,	0.000005,	0.000015,	0.000055,	0.079832
175,	0.000005,	0.000015,	0.000065,	0.079880
176,	0.000005,	0.000015,	0.000075,	0.079921
177,	0.000005,	0.000015,	0.000085,	0.079955
178,	0.000005,	0.000015,	0.000095,	0.079985
181,	0.000005,	0.000025,	0.000005,	0.079517
182,	0.000005,	0.000025,	0.000015,	0.079556
183,	0.000005,	0.000025,	0.000025,	0.079619
184,	0.000005,	0.000025,	0.000035,	0.079691
185,	0.000005,	0.000025,	0.000045,	0.079761
186,	0.000005,	0.000025,	0.000055,	0.079823
187,	0.000005,	0.000025,	0.000065,	0.079875
188,	0.000005,	0.000025,	0.000075,	0.079918
189,	0.000005,	0.000025,	0.000085,	0.079954
190,	0.000005,	0.000025,	0.000095,	0.079985
193,	0.000005,	0.000035,	0.000005,	0.079452
194,	0.000005,	0.000035,	0.000015,	0.079501
195,	0.000005,	0.000035,	0.000025,	0.079579
196,	0.000005,	0.000035,	0.000035,	0.079665
197,	0.000005,	0.000035,	0.000045,	0.079745
198,	0.000005,	0.000035,	0.000055,	0.079813
199,	0.000005,	0.000035,	0.000065,	0.079869
200,	0.000005,	0.000035,	0.000075,	0.079915
201,	0.000005,	0.000035,	0.000085,	0.079952
202,	0.000005,	0.000035,	0.000095,	0.079985
205,	0.000005,	0.000045,	0.000005,	0.079402
206,	0.000005,	0.000045,	0.000015,	0.079460
207,	0.000005,	0.000045,	0.000025,	0.079550
208,	0.000005,	0.000045,	0.000035,	0.079646
209,	0.000005,	0.000045,	0.000045,	0.079733
210,	0.000005,	0.000045,	0.000055,	0.079807
211,	0.000005,	0.000045,	0.000065,	0.079866
212,	0.000005,	0.000045,	0.000075,	0.079913
213,	0.000005,	0.000045,	0.000085,	0.079951
214,	0.000005,	0.000045,	0.000095,	0.079984
217,	0.000005,	0.000055,	0.000005,	0.079393
218,	0.000005,	0.000055,	0.000015,	0.079453
219,	0.000005,	0.000055,	0.000025,	0.079545
220,	0.000005,	0.000055,	0.000035,	0.079643
221,	0.000005,	0.000055,	0.000045,	0.079731
222,	0.000005,	0.000055,	0.000055,	0.079806
223,	0.000005,	0.000055,	0.000065,	0.079865
224,	0.000005,	0.000055,	0.000075,	0.079913
225,	0.000005,	0.000055,	0.000085,	0.079951
226,	0.000005,	0.000055,	0.000095,	0.079984
229,	0.000005,	0.000065,	0.000005,	0.079435
230,	0.000005,	0.000065,	0.000015,	0.079487
231,	0.000005,	0.000065,	0.000025,	0.079569
232,	0.000005,	0.000065,	0.000035,	0.079658
233,	0.000005,	0.000065,	0.000045,	0.079741
234,	0.000005,	0.000065,	0.000055,	0.079811
235,	0.000005,	0.000065,	0.000065,	0.079868
236,	0.000005,	0.000065,	0.000075,	0.079914
237,	0.000005,	0.000065,	0.000085,	0.079952
238,	0.000005,	0.000065,	0.000095,	0.079984
241,	0.000005,	0.000075,	0.000005,	0.079499
242,	0.000005,	0.000075,	0.000015,	0.079540
243,	0.000005,	0.000075,	0.000025,	0.079607
244,	0.000005,	0.000075,	0.000035,	0.079683
245,	0.000005,	0.000075,	0.000045,	0.079756
246,	0.000005,	0.000075,	0.000055,	0.079820
247,	0.000005,	0.000075,	0.000065,	0.079873
248,	0.000005,	0.000075,	0.000075,	0.079917
249,	0.000005,	0.000075,	0.000085,	0.079953
250,	0.000005,	0.000075,	0.000095,	0.079985
253,	0.000005,	0.000085,	0.000005,	0.079558
254,	0.000005,	0.000085,	0.000015,	0.079590
255,	0.000005,	0.000085,	0.000025,	0.079644
256,	0.000005,	0.000085,	0.000035,	0.079708
257,	0.000005,	0.000085,	0.000045,	0.079772
258,	0.000005,	0.000085,	0.000055,	0.079830
259,	0.000005,	0.000085,	0.000065,	0.079879
260,	0.000005,	0.000085,	0.000075,	0.079920
261,	0.000005,	0.000085,	0.000085,	0.079955
262,	0.000005,	0.000085,	0.000095,	0.079985
265,	0.000005,	0.000095,	0.000005,	0.079594
266,	0.000005,	0.000095,	0.000015,	0.079621
267,	0.000005,	0.000095,	0.000025,	0.079668
268,	0.000005,	0.000095,	0.000035,	0.079724
269,	0.000005,	0.000095,	0.000045,	0.079782
270,	0.000005,	0.000095,	0.000055,	0.079836
271,	0.000005,	0.000095,	0.000065,	0.079882
272,	0.000005,	0.000095,	0.000075,	0.079922
273,	0.000005,	0.000095,	0.000085,	0.079956
274,	0.000005,	0.000095,	0.000095,	0.079986
301,	0.000015,	0.000005,	0.000005,	0.079568
302,	0.000015,	0.000005,	0.000015,	0.079598
303,	0.000015,	0.000005,	0.000025,	0.079651
304,	0.000015,	0.000005,	0.000035,	0.079713
305,	0.000015,	0.000005,	0.000045,	0.079775
306,	0.000015,	0.000005,	0.000055,	0.079831
307,	0.000015,	0.000005,	0.000065,	0.079880
308,	0.000015,	0.000005,	0.000075,	0.079920
309,	0.000015,	0.000005,	0.000085,	0.079955
310,	0.000015,	0.000005,	0.000095,	0.079985
313,	0.000015,	0.000015,	0.000005,	0.079529
314,	0.000015,	0.000015,	0.000015,	0.079566
315,	0.000015,	0.000015,	0.000025,	0.079627
316,	0.000015,	0.000015,	0.000035,	0.079697
317,	0.000015,	0.000015,	0.000045,	0.079765
318,	0.000015,	0.000015,	0.000055,	0.079826
319,	0.000015,	0.000015,	0.000065,	0.079877
320,	0.000015,	0.000015,	0.000075,	0.079919
321,	0.000015,	0.000015,	0.000085,	0.079954
322,	0.000015,	0.000015,	0.000095,	0.079985
325,	0.000015,	0.000025,	0.000005,	0.079450
326,	0.000015,	0.000025,	0.000015,	0.079501
327,	0.000015,	0.000025,	0.000025,	0.079581
328,	0.000015,	0.000025,	0.000035,	0.079667
329,	0.000015,	0.000025,	0.000045,	0.079747
330,	0.000015,	0.000025,	0.000055,	0.079815
331,	0.000015,	0.000025,	0.000065,	0.079871
332,	0.000015,	0.000025,	0.000075,	0.079916
333,	0.000015,	0.000025,	0.000085,	0.079953
334,	0.000015,	0.000025,	0.000095,	0.079985
337,	0.000015,	0.000035,	0.000005,	0.079346
338,	0.000015,	0.000035,	0.000015,	0.079419
339,	0.000015,	0.000035,	0.000025,	0.079525
340,	0.000015,	0.000035,	0.000035,	0.079633
341,	0.000015,	0.000035,	0.000045,	0.079727
342,	0.000015,	0.000035,	0.000055,	0.079804
343,	0.000015,	0.000035,	0.000065,	0.079864
344,	0.000015,	0.000035,	0.000075,	0.079912
345,	0.000015,	0.000035,	0.000085,	0.079951
346,	0.000015,	0.000035,	0.000095,	0.079984
349,	0.000015,	0.000045,	0.000005,	0.079255
350,	0.000015,	0.000045,	0.000015,	0.079350
351,	0.000015,	0.000045,	0.000025,	0.079481
352,	0.000015,	0.000045,	0.000035,	0.079607
353,	0.000015,	0.000045,	0.000045,	0.079712
354,	0.000015,	0.000045,	0.000055,	0.079796
355,	0.000015,	0.000045,	0.000065,	0.079860
356,	0.000015,	0.000045,	0.000075,	0.079910
357,	0.000015,	0.000045,	0.000085,	0.079950
358,	0.000015,	0.000045,	0.000095,	0.079984
361,	0.000015,	0.000055,	0.000005,	0.079238
362,	0.000015,	0.000055,	0.000015,	0.079338
363,	0.000015,	0.000055,	0.000025,	0.079474
364,	0.000015,	0.000055,	0.000035,	0.079603
365,	0.000015,	0.000055,	0.000045,	0.079710
366,	0.000015,	0.000055,	0.000055,	0.079794
367,	0.000015,	0.000055,	0.000065,	0.079859
368,	0.000015,	0.000055,	0.000075,	0.079910
369,	0.000015,	0.000055,	0.000085,	0.079950
370,	0.000015,	0.000055,	0.000095,	0.079984
373,	0.000015,	0.000065,	0.000005,	0.079315
374,	0.000015,	0.000065,	0.000015,	0.079395
375,	0.000015,	0.000065,	0.000025,	0.079510
376,	0.000015,	0.000065,	0.000035,	0.079623
377,	0.000015,	0.000065,	0.000045,	0.079722
378,	0.000015,	0.000065,	0.000055,	0.079801
379,	0.000015,	0.000065,	0.000065,	0.079863
380,	0.000015,	0.000065,	0.000075,	0.079911
381,	0.000015,	0.000065,	0.000085,	0.079951
382,	0.000015,	0.000065,	0.000095,	0.079984
385,	0.000015,	0.000075,	0.000005,	0.079422
386,	0.000015,	0.000075,	0.000015,	0.079478
387,	0.000015,	0.000075,	0.000025,	0.079565
388,	0.000015,	0.000075,	0.000035,	0.079657
389,	0.000015,	0.000075,	0.000045,	0.079741
390,	0.000015,	0.000075,	0.000055,	0.079812
391,	0.000015,	0.000075,	0.000065,	0.079869
392,	0.000015,	0.000075,	0.000075,	0.079915
393,	0.000015,	0.000075,	0.000085,	0.079952
394,	0.000015,	0.000075,	0.000095,	0.079985
397,	0.000015,	0.000085,	0.000005,	0.079511
398,	0.000015,	0.000085,	0.000015,	0.079551
399,	0.000015,	0.000085,	0.000025,	0.079616
400,	0.000015,	0.000085,	0.000035,	0.079690
401,	0.000015,	0.000085,	0.000045,	0.079761
402,	0.000015,	0.000085,	0.000055,	0.079823
403,	0.000015,	0.000085,	0.000065,	0.079875
404,	0.000015,	0.000085,	0.000075,	0.079918
405,	0.000015,	0.000085,	0.000085,	0.079954
406,	0.000015,	0.000085,	0.000095,	0.079985
409,	0.000015,	0.000095,	0.000005,	0.079561
410,	0.000015,	0.000095,	0.000015,	0.079593
411,	0.000015,	0.000095,	0.000025,	0.079647
412,	0.000015,	0.000095,	0.000035,	0.079710
413,	0.000015,	0.000095,	0.000045,	0.079773
414,	0.000015,	0.000095,	0.000055,	0.079830
415,	0.000015,	0.000095,	0.000065,	0.079879
416,	0.000015,	0.000095,	0.000075,	0.079920
417,	0.000015,	0.000095,	0.000085,	0.079955
418,	0.000015,	0.000095,	0.000095,	0.079985
445,	0.000025,	0.000005,	0.000005,	0.079512
446,	0.000025,	0.000005,	0.000015,	0.079551
447,	0.000025,	0.000005,	0.000025,	0.079616
448,	0.000025,	0.000005,	0.000035,	0.079689
449,	0.000025,	0.000005,	0.000045,	0.079760
450,	0.000025,	0.000005,	0.000055,	0.079822
451,	0.000025,	0.000005,	0.000065,	0.079874
452,	0.000025,	0.000005,	0.000075,	0.079918
453,	0.000025,	0.000005,	0.000085,	0.079953
454,	0.000025,	0.000005,	0.000095,	0.079985
457,	0.000025,	0.000015,	0.000005,	0.079450
458,	0.000025,	0.000015,	0.000015,	0.079501
459,	0.000025,	0.000015,	0.000025,	0.079581
460,	0.000025,	0.000015,	0.000035,	0.079667
461,	0.000025,	0.000015,	0.000045,	0.079747
462,	0.000025,	0.000015,	0.000055,	0.079815
463,	0.000025,	0.000015,	0.000065,	0.079871
464,	0.000025,	0.000015,	0.000075,	0.079916
465,	0.000025,	0.000015,	0.000085,	0.079953
466,	0.000025,	0.000015,	0.000095,	0.079985
469,	0.000025,	0.000025,	0.000005,	0.079312
470,	0.000025,	0.000025,	0.000015,	0.079394
471,	0.000025,	0.000025,	0.000025,	0.079511
472,	0.000025,	0.000025,	0.000035,	0.079625
473,	0.000025,	0.000025,	0.000045,	0.079723
474,	0.000025,	0.000025,	0.000055,	0.079802
475,	0.000025,	0.000025,	0.000065,	0.079864
476,	0.000025,	0.000025,	0.000075,	0.079912
477,	0.000025,	0.000025,	0.000085,	0.079951
478,	0.000025,	0.000025,	0.000095,	0.079984
481,	0.000025,	0.000035,	0.000005,	0.079103
482,	0.000025,	0.000035,	0.000015,	0.079244
483,	0.000025,	0.000035,	0.000025,	0.079419
484,	0.000025,	0.000035,	0.000035,	0.079574
485,	0.000025,	0.000035,	0.000045,	0.079695
486,	0.000025,	0.000035,	0.000055,	0.079787
487,	0.000025,	0.000035,	0.000065,	0.079856
488,	0.000025,	0.000035,	0.000075,	0.079908
489,	0.000025,	0.000035,	0.000085,	0.079949
490,	0.000025,	0.000035,	0.000095,	0.079984
493,	0.000025,	0.000045,	0.000005,	0.078886
494,	0.000025,	0.000045,	0.000015,	0.079100
495,	0.000025,	0.000045,	0.000025,	0.079340
496,	0.000025,	0.000045,	0.000035,	0.079533
497,	0.000025,	0.000045,	0.000045,	0.079674
498,	0.000025,	0.000045,	0.000055,	0.079777
499,	0.000025,	0.000045,	0.000065,	0.079851
500,	0.000025,	0.000045,	0.000075,	0.079905
501,	0.000025,	0.000045,	0.000085,	0.079948
502,	0.000025,	0.000045,	0.000095,	0.079983
505,	0.000025,	0.000055,	0.000005,	0.078836
506,	0.000025,	0.000055,	0.000015,	0.079071
507,	0.000025,	0.000055,	0.000025,	0.079326
508,	0.000025,	0.000055,	0.000035,	0.079526
509,	0.000025,	0.000055,	0.000045,	0.079671
510,	0.000025,	0.000055,	0.000055,	0.079775
511,	0.000025,	0.000055,	0.000065,	0.079850
512,	0.000025,	0.000055,	0.000075,	0.079905
513,	0.000025,	0.000055,	0.000085,	0.079948
514,	0.000025,	0.000055,	0.000095,	0.079983
517,	0.000025,	0.000065,	0.000005,	0.079035
518,	0.000025,	0.000065,	0.000015,	0.079196
519,	0.000025,	0.000065,	0.000025,	0.079392
520,	0.000025,	0.000065,	0.000035,	0.079559
521,	0.000025,	0.000065,	0.000045,	0.079688
522,	0.000025,	0.000065,	0.000055,	0.079783
523,	0.000025,	0.000065,	0.000065,	0.079854
524,	0.000025,	0.000065,	0.000075,	0.079907
525,	0.000025,	0.000065,	0.000085,	0.079949
526,	0.000025,	0.000065,	0.000095,	0.079984
529,	0.000025,	0.000075,	0.000005,	0.079261
530,	0.000025,	0.000075,	0.000015,	0.079355
531,	0.000025,	0.000075,	0.000025,	0.079485
532,	0.000025,	0.000075,	0.000035,	0.079610
533,	0.000025,	0.000075,	0.000045,	0.079715
534,	0.000025,	0.000075,	0.000055,	0.079798
535,	0.000025,	0.000075,	0.000065,	0.079861
536,	0.000025,	0.000075,	0.000075,	0.079911
537,	0.000025,	0.000075,	0.000085,	0.079950
538,	0.000025,	0.000075,	0.000095,	0.079984
541,	0.000025,	0.000085,	0.000005,	0.079420
542,	0.000025,	0.000085,	0.000015,	0.079477
543,	0.000025,	0.000085,	0.000025,	0.079565
544,	0.000025,	0.000085,	0.000035,	0.079657
545,	0.000025,	0.000085,	0.000045,	0.079741
546,	0.000025,	0.000085,	0.000055,	0.079812
547,	0.000025,	0.000085,	0.000065,	0.079869
548,	0.000025,	0.000085,	0.000075,	0.079915
549,	0.000025,	0.000085,	0.000085,	0.079952
550,	0.000025,	0.000085,	0.000095,	0.079985
553,	0.000025,	0.000095,	0.000005,	0.079503
554,	0.000025,	0.000095,	0.000015,	0.079543
555,	0.000025,	0.000095,	0.000025,	0.079610
556,	0.000025,	0.000095,	0.000035,	0.079685
557,	0.000025,	0.000095,	0.000045,	0.079757
558,	0.000025,	0.000095,	0.000055,	0.079821
559,	0.000025,	0.000095,	0.000065,	0.079874
560,	0.000025,	0.000095,	0.000075,	0.079917
561,	0.000025,	0.000095,	0.000085,	0.079953
562,	0.000025,	0.000095,	0.000095,	0.079985
589,	0.000035,	0.000005,	0.000005,	0.079449
590,	0.000035,	0.000005,	0.000015,	0.079499
591,	0.000035,	0.000005,	0.000025,	0.079577
592,	0.000035,	0.000005,	0.000035,	0.079663
593,	0.000035,	0.000005,	0.000045,	0.079744
594,	0.000035,	0.000005,	0.000055,	0.079813
595,	0.000035,	0.000005,	0.000065,	0.079869
596,	0.000035,	0.000005,	0.000075,	0.079915
597,	0.000035,	0.000005,	0.000085,	0.079952
598,	0.000035,	0.000005,	0.000095,	0.079985
601,	0.000035,	0.000015,	0.000005,	0.079351
602,	0.000035,	0.000015,	0.000015,	0.079423
603,	0.000035,	0.000015,	0.000025,	0.079528
604,	0.000035,	0.000015,	0.000035,	0.079635
605,	0.000035,	0.000015,	0.000045,	0.079728
606,	0.000035,	0.000015,	0.000055,	0.079804
607,	0.000035,	0.000015,	0.000065,	0.079865
608,	0.000035,	0.000015,	0.000075,	0.079912
609,	0.000035,	0.000015,	0.000085,	0.079951
610,	0.000035,	0.000015,	0.000095,	0.079984
613,	0.000035,	0.000025,	0.000005,	0.079113
614,	0.000035,	0.000025,	0.000015,	0.079251
615,	0.000035,	0.000025,	0.000025,	0.079424
616,	0.000035,	0.000025,	0.000035,	0.079576
617,	0.000035,	0.000025,	0.000045,	0.079697
618,	0.000035,	0.000025,	0.000055,	0.079788
619,	0.000035,	0.000025,	0.000065,	0.079856
620,	0.000035,	0.000025,	0.000075,	0.079908
621,	0.000035,	0.000025,	0.000085,	0.079949
622,	0.000035,	0.000025,	0.000095,	0.079984
625,	0.000035,	0.000035,	0.000005,	0.078673
626,	0.000035,	0.000035,	0.000015,	0.078974
627,	0.000035,	0.000035,	0.000025,	0.079276
628,	0.000035,	0.000035,	0.000035,	0.079501
629,	0.000035,	0.000035,	0.000045,	0.079659
630,	0.000035,	0.000035,	0.000055,	0.079769
631,	0.000035,	0.000035,	0.000065,	0.079847
632,	0.000035,	0.000035,	0.000075,	0.079904
633,	0.000035,	0.000035,	0.000085,	0.079947
634,	0.000035,	0.000035,	0.000095,	0.079983
637,	0.000035,	0.000045,	0.000005,	0.077886
638,	0.000035,	0.000045,	0.000015,	0.078652
639,	0.000035,	0.000045,	0.000025,	0.079135
640,	0.000035,	0.000045,	0.000035,	0.079439
641,	0.000035,	0.000045,	0.000045,	0.079631
642,	0.000035,	0.000045,	0.000055,	0.079756
643,	0.000035,	0.000045,	0.000065,	0.079841
644,	0.000035,	0.000045,	0.000075,	0.079901
645,	0.000035,	0.000045,	0.000085,	0.079946
646,	0.000035,	0.000045,	0.000095,	0.079983
649,	0.000035,	0.000055,	0.000005,	0.077553
650,	0.000035,	0.000055,	0.000015,	0.078563
651,	0.000035,	0.000055,	0.000025,	0.079105
652,	0.000035,	0.000055,	0.000035,	0.079427
653,	0.000035,	0.000055,	0.000045,	0.079626
654,	0.000035,	0.000055,	0.000055,	0.079754
655,	0.000035,	0.000055,	0.000065,	0.079840
656,	0.000035,	0.000055,	0.000075,	0.079900
657,	0.000035,	0.000055,	0.000085,	0.079945
658,	0.000035,	0.000055,	0.000095,	0.079983
661,	0.000035,	0.000065,	0.000005,	0.078503
662,	0.000035,	0.000065,	0.000015,	0.078878
663,	0.000035,	0.000065,	0.000025,	0.079229
664,	0.000035,	0.000065,	0.000035,	0.079480
665,	0.000035,	0.000065,	0.000045,	0.079649
666,	0.000035,	0.000065,	0.000055,	0.079764
667,	0.000035,	0.000065,	0.000065,	0.079845
668,	0.000035,	0.000065,	0.000075,	0.079903
669,	0.000035,	0.000065,	0.000085,	0.079947
670,	0.000035,	0.000065,	0.000095,	0.079983
673,	0.000035,	0.000075,	0.000005,	0.079020
674,	0.000035,	0.000075,	0.000015,	0.079186
675,	0.000035,	0.000075,	0.000025,	0.079385
676,	0.000035,	0.000075,	0.000035,	0.079556
677,	0.000035,	0.000075,	0.000045,	0.079686
678,	0.000035,	0.000075,	0.000055,	0.079783
679,	0.000035,	0.000075,	0.000065,	0.079854
680,	0.000035,	0.000075,	0.000075,	0.079907
681,	0.000035,	0.000075,	0.000085,	0.079949
682,	0.000035,	0.000075,	0.000095,	0.079984
685,	0.000035,	0.000085,	0.000005,	0.079305
686,	0.000035,	0.000085,	0.000015,	0.079387
687,	0.000035,	0.000085,	0.000025,	0.079505
688,	0.000035,	0.000085,	0.000035,	0.079621
689,	0.000035,	0.000085,	0.000045,	0.079720
690,	0.000035,	0.000085,	0.000055,	0.079800
691,	0.000035,	0.000085,	0.000065,	0.079863
692,	0.000035,	0.000085,	0.000075,	0.079911
693,	0.000035,	0.000085,	0.000085,	0.079951
694,	0.000035,	0.000085,	0.000095,	0.079984
697,	0.000035,	0.000095,	0.000005,	0.079435
698,	0.000035,	0.000095,	0.000015,	0.079487
699,	0.000035,	0.000095,	0.000025,	0.079569
700,	0.000035,	0.000095,	0.000035,	0.079659
701,	0.000035,	0.000095,	0.000045,	0.079741
702,	0.000035,	0.000095,	0.000055,	0.079811
703,	0.000035,	0.000095,	0.000065,	0.079868
704,	0.000035,	0.000095,	0.000075,	0.079914
705,	0.000035,	0.000095,	0.000085,	0.079952
706,	0.000035,	0.000095,	0.000095,	0.079985
733,	0.000045,	0.000005,	0.000005,	0.079404
734,	0.000045,	0.000005,	0.000015,	0.079462
735,	0.000045,	0.000005,	0.000025,	0.079551
736,	0.000045,	0.000005,	0.000035,	0.079647
737,	0.000045,	0.000005,	0.000045,	0.079734
738,	0.000045,	0.000005,	0.000055,	0.079807
739,	0.000045,	0.000005,	0.000065,	0.079866
740,	0.000045,	0.000005,	0.000075,	0.079913
741,	0.000045,	0.000005,	0.000085,	0.079951
742,	0.000045,	0.000005,	0.000095,	0.079984
745,	0.000045,	0.000015,	0.000005,	0.079273
746,	0.000045,	0.000015,	0.000015,	0.079365
747,	0.000045,	0.000015,	0.000025,	0.079491
748,	0.000045,	0.000015,	0.000035,	0.079612
749,	0.000045,	0.000015,	0.000045,	0.079715
750,	0.000045,	0.000015,	0.000055,	0.079797
751,	0.000045,	0.000015,	0.000065,	0.079861
752,	0.000045,	0.000015,	0.000075,	0.079910
753,	0.000045,	0.000015,	0.000085,	0.079950
754,	0.000045,	0.000015,	0.000095,	0.079984
757,	0.000045,	0.000025,	0.000005,	0.078919
758,	0.000045,	0.000025,	0.000015,	0.079127
759,	0.000045,	0.000025,	0.000025,	0.079356
760,	0.000045,	0.000025,	0.000035,	0.079541
761,	0.000045,	0.000025,	0.000045,	0.079679
762,	0.000045,	0.000025,	0.000055,	0.079779
763,	0.000045,	0.000025,	0.000065,	0.079852
764,	0.000045,	0.000025,	0.000075,	0.079906
765,	0.000045,	0.000025,	0.000085,	0.079948
766,	0.000045,	0.000025,	0.000095,	0.079983
769,	0.000045,	0.000035,	0.000005,	0.077992
770,	0.000045,	0.000035,	0.000015,	0.078689
771,	0.000045,	0.000035,	0.000025,	0.079153
772,	0.000045,	0.000035,	0.000035,	0.079447
773,	0.000045,	0.000035,	0.000045,	0.079634
774,	0.000045,	0.000035,	0.000055,	0.079758
775,	0.000045,	0.000035,	0.000065,	0.079841
776,	0.000045,	0.000035,	0.000075,	0.079901
777,	0.000045,	0.000035,	0.000085,	0.079946
778,	0.000045,	0.000035,	0.000095,	0.079983
781,	0.000045,	0.000045,	0.000005,	0.073635
782,	0.000045,	0.000045,	0.000015,	0.077812
783,	0.000045,	0.000045,	0.000025,	0.078944
784,	0.000045,	0.000045,	0.000035,	0.079364
785,	0.000045,	0.000045,	0.000045,	0.079599
786,	0.000045,	0.000045,	0.000055,	0.079742
787,	0.000045,	0.000045,	0.000065,	0.079834
788,	0.000045,	0.000045,	0.000075,	0.079897
789,	0.000045,	0.000045,	0.000085,	0.079944
790,	0.000045,	0.000045,	0.000095,	0.079982
793,	0.000045,	0.000055,	0.000005,	0.070841
794,	0.000045,	0.000055,	0.000015,	0.077429
795,	0.000045,	0.000055,	0.000025,	0.078889
796,	0.000045,	0.000055,	0.000035,	0.079347
797,	0.000045,	0.000055,	0.000045,	0.079593
798,	0.000045,	0.000055,	0.000055,	0.079739
799,	0.000045,	0.000055,	0.000065,	0.079833
800,	0.000045,	0.000055,	0.000075,	0.079897
801,	0.000045,	0.000055,	0.000085,	0.079944
802,	0.000045,	0.000055,	0.000095,	0.079982
805,	0.000045,	0.000065,	0.000005,	0.077366
806,	0.000045,	0.000065,	0.000015,	0.078510
807,	0.000045,	0.000065,	0.000025,	0.079085
808,	0.000045,	0.000065,	0.000035,	0.079418
809,	0.000045,	0.000065,	0.000045,	0.079622
810,	0.000045,	0.000065,	0.000055,	0.079752
811,	0.000045,	0.000065,	0.000065,	0.079839
812,	0.000045,	0.000065,	0.000075,	0.079900
813,	0.000045,	0.000065,	0.000085,	0.079945
814,	0.000045,	0.000065,	0.000095,	0.079983
817,	0.000045,	0.000075,	0.000005,	0.078783
818,	0.000045,	0.000075,	0.000015,	0.079035
819,	0.000045,	0.000075,	0.000025,	0.079306
820,	0.000045,	0.000075,	0.000035,	0.079516
821,	0.000045,	0.000075,	0.000045,	0.079666
822,	0.000045,	0.000075,	0.000055,	0.079773
823,	0.000045,	0.000075,	0.000065,	0.079849
824,	0.000045,	0.000075,	0.000075,	0.079904
825,	0.000045,	0.000075,	0.000085,	0.079947
826,	0.000045,	0.000075,	0.000095,	0.079983
829,	0.000045,	0.000085,	0.000005,	0.079211
830,	0.000045,	0.000085,	0.000015,	0.079318
831,	0.000045,	0.000085,	0.000025,	0.079462
832,	0.000045,	0.000085,	0.000035,	0.079596
833,	0.000045,	0.000085,	0.000045,	0.079706
834,	0.000045,	0.000085,	0.000055,	0.079793
835,	0.000045,	0.000085,	0.000065,	0.079859
836,	0.000045,	0.000085,	0.000075,	0.079909
837,	0.000045,	0.000085,	0.000085,	0.079950
838,	0.000045,	0.000085,	0.000095,	0.079984
841,	0.000045,	0.000095,	0.000005,	0.079386
842,	0.000045,	0.000095,	0.000015,	0.079448
843,	0.000045,	0.000095,	0.000025,	0.079542
844,	0.000045,	0.000095,	0.000035,	0.079641
845,	0.000045,	0.000095,	0.000045,	0.079731
846,	0.000045,	0.000095,	0.000055,	0.079805
847,	0.000045,	0.000095,	0.000065,	0.079865
848,	0.000045,	0.000095,	0.000075,	0.079912
849,	0.000045,	0.000095,	0.000085,	0.079951
850,	0.000045,	0.000095,	0.000095,	0.079984
877,	0.000055,	0.000005,	0.000005,	0.079404
878,	0.000055,	0.000005,	0.000015,	0.079462
879,	0.000055,	0.000005,	0.000025,	0.079551
880,	0.000055,	0.000005,	0.000035,	0.079646
881,	0.000055,	0.000005,	0.000045,	0.079734
882,	0.000055,	0.000005,	0.000055,	0.079807
883,	0.000055,	0.000005,	0.000065,	0.079866
884,	0.000055,	0.000005,	0.000075,	0.079913
885,	0.000055,	0.000005,	0.000085,	0.079951
886,	0.000055,	0.000005,	0.000095,	0.079984
889,	0.000055,	0.000015,	0.000005,	0.079273
890,	0.000055,	0.000015,	0.000015,	0.079364
891,	0.000055,	0.000015,	0.000025,	0.079491
892,	0.000055,	0.000015,	0.000035,	0.079612
893,	0.000055,	0.000015,	0.000045,	0.079715
894,	0.000055,	0.000015,	0.000055,	0.079797
895,	0.000055,	0.000015,	0.000065,	0.079861
896,	0.000055,	0.000015,	0.000075,	0.079910
897,	0.000055,	0.000015,	0.000085,	0.079950
898,	0.000055,	0.000015,	0.000095,	0.079984
901,	0.000055,	0.000025,	0.000005,	0.078919
902,	0.000055,	0.000025,	0.000015,	0.079127
903,	0.000055,	0.000025,	0.000025,	0.079356
904,	0.000055,	0.000025,	0.000035,	0.079541
905,	0.000055,	0.000025,	0.000045,	0.079679
906,	0.000055,	0.000025,	0.000055,	0.079779
907,	0.000055,	0.000025,	0.000065,	0.079852
908,	0.000055,	0.000025,	0.000075,	0.079906
909,	0.000055,	0.000025,	0.000085,	0.079948
910,	0.000055,	0.000025,	0.000095,	0.079983
913,	0.000055,	0.000035,	0.000005,	0.077985
914,	0.000055,	0.000035,	0.000015,	0.078688
915,	0.000055,	0.000035,	0.000025,	0.079153
916,	0.000055,	0.000035,	0.000035,	0.079447
917,	0.000055,	0.000035,	0.000045,	0.079634
918,	0.000055,	0.000035,	0.000055,	0.079757
919,	0.000055,	0.000035,	0.000065,	0.079841
920,	0.000055,	0.000035,	0.000075,	0.079901
921,	0.000055,	0.000035,	0.000085,	0.079946
922,	0.000055,	0.000035,	0.000095,	0.079983
925,	0.000055,	0.000045,	0.000005,	0.073549
926,	0.000055,	0.000045,	0.000015,	0.077810
927,	0.000055,	0.000045,	0.000025,	0.078943
928,	0.000055,	0.000045,	0.000035,	0.079363
929,	0.000055,	0.000045,	0.000045,	0.079599
930,	0.000055,	0.000045,	0.000055,	0.079742
931,	0.000055,	0.000045,	0.000065,	0.079834
932,	0.000055,	0.000045,	0.000075,	0.079897
933,	0.000055,	0.000045,	0.000085,	0.079944
934,	0.000055,	0.000045,	0.000095,	0.079982
937,	0.000055,	0.000055,	0.000005,	0.070782
938,	0.000055,	0.000055,	0.000015,	0.077444
939,	0.000055,	0.000055,	0.000025,	0.078889
940,	0.000055,	0.000055,	0.000035,	0.079347
941,	0.000055,	0.000055,	0.000045,	0.079593
942,	0.000055,	0.000055,	0.000055,	0.079739
943,	0.000055,	0.000055,	0.000065,	0.079833
944,	0.000055,	0.000055,	0.000075,	0.079897
945,	0.000055,	0.000055,	0.000085,	0.079944
946,	0.000055,	0.000055,	0.000095,	0.079982
949,	0.000055,	0.000065,	0.000005,	0.077343
950,	0.000055,	0.000065,	0.000015,	0.078507
951,	0.000055,	0.000065,	0.000025,	0.079085
952,	0.000055,	0.000065,	0.000035,	0.079418
953,	0.000055,	0.000065,	0.000045,	0.079622
954,	0.000055,	0.000065,	0.000055,	0.079752
955,	0.000055,	0.000065,	0.000065,	0.079839
956,	0.000055,	0.000065,	0.000075,	0.079900
957,	0.000055,	0.000065,	0.000085,	0.079945
958,	0.000055,	0.000065,	0.000095,	0.079983
961,	0.000055,	0.000075,	0.000005,	0.078781
962,	0.000055,	0.000075,	0.000015,	0.079035
963,	0.000055,	0.000075,	0.000025,	0.079306
964,	0.000055,	0.000075,	0.000035,	0.079516
965,	0.000055,	0.000075,	0.000045,	0.079666
966,	0.000055,	0.000075,	0.000055,	0.079773
967,	0.000055,	0.000075,	0.000065,	0.079849
968,	0.000055,	0.000075,	0.000075,	0.079904
969,	0.000055,	0.000075,	0.000085,	0.079947
970,	0.000055,	0.000075,	0.000095,	0.079983
973,	0.000055,	0.000085,	0.000005,	0.079211
974,	0.000055,	0.000085,	0.000015,	0.079318
975,	0.000055,	0.000085,	0.000025,	0.079462
976,	0.000055,	0.000085,	0.000035,	0.079596
977,	0.000055,	0.000085,	0.000045,	0.079706
978,	0.000055,	0.000085,	0.000055,	0.079793
979,	0.000055,	0.000085,	0.000065,	0.079859
980,	0.000055,	0.000085,	0.000075,	0.079909
981,	0.000055,	0.000085,	0.000085,	0.079950
982,	0.000055,	0.000085,	0.000095,	0.079984
985,	0.000055,	0.000095,	0.000005,	0.079386
986,	0.000055,	0.000095,	0.000015,	0.079448
987,	0.000055,	0.000095,	0.000025,	0.079542
988,	0.000055,	0.000095,	0.000035,	0.079641
989,	0.000055,	0.000095,	0.000045,	0.079730
990,	0.000055,	0.000095,	0.000055,	0.079805
991,	0.000055,	0.000095,	0.000065,	0.079865
992,	0.000055,	0.000095,	0.000075,	0.079912
993,	0.000055,	0.000095,	0.000085,	0.079951
994,	0.000055,	0.000095,	0.000095,	0.079984
1021,	0.000065,	0.000005,	0.000005,	0.079449
1022,	0.000065,	0.000005,	0.000015,	0.079498
1023,	0.000065,	0.000005,	0.000025,	0.079577
1024,	0.000065,	0.000005,	0.000035,	0.079663
1025,	0.000065,	0.000005,	0.000045,	0.079744
1026,	0.000065,	0.000005,	0.000055,	0.079813
1027,	0.000065,	0.000005,	0.000065,	0.079869
1028,	0.000065,	0.000005,	0.000075,	0.079915
1029,	0.000065,	0.000005,	0.000085,	0.079952
1030,	0.000065,	0.000005,	0.000095,	0.079985
1033,	0.000065,	0.000015,	0.000005,	0.079351
1034,	0.000065,	0.000015,	0.000015,	0.079423
1035,	0.000065,	0.000015,	0.000025,	0.079528
1036,	0.000065,	0.000015,	0.000035,	0.079634
1037,	0.000065,	0.000015,	0.000045,	0.079728
1038,	0.000065,	0.000015,	0.000055,	0.079804
1039,	0.000065,	0.000015,	0.000065,	0.079865
1040,	0.000065,	0.000015,	0.000075,	0.079912
1041,	0.000065,	0.000015,	0.000085,	0.079951
1042,	0.000065,	0.000015,	0.000095,	0.079984
1045,	0.000065,	0.000025,	0.000005,	0.079112
1046,	0.000065,	0.000025,	0.000015,	0.079251
1047,	0.000065,	0.000025,	0.000025,	0.079423
1048,	0.000065,	0.000025,	0.000035,	0.079576
1049,	0.000065,	0.000025,	0.000045,	0.079697
1050,	0.000065,	0.000025,	0.000055,	0.079788
1051,	0.000065,	0.000025,	0.000065,	0.079856
1052,	0.000065,	0.000025,	0.000075,	0.079908
1053,	0.000065,	0.000025,	0.000085,	0.079949
1054,	0.000065,	0.000025,	0.000095,	0.079984
1057,	0.000065,	0.000035,	0.000005,	0.078671
1058,	0.000065,	0.000035,	0.000015,	0.078973
1059,	0.000065,	0.000035,	0.000025,	0.079275
1060,	0.000065,	0.000035,	0.000035,	0.079501
1061,	0.000065,	0.000035,	0.000045,	0.079659
1062,	0.000065,	0.000035,	0.000055,	0.079769
1063,	0.000065,	0.000035,	0.000065,	0.079847
1064,	0.000065,	0.000035,	0.000075,	0.079904
1065,	0.000065,	0.000035,	0.000085,	0.079947
1066,	0.000065,	0.000035,	0.000095,	0.079983
1069,	0.000065,	0.000045,	0.000005,	0.077863
1070,	0.000065,	0.000045,	0.000015,	0.078649
1071,	0.000065,	0.000045,	0.000025,	0.079134
1072,	0.000065,	0.000045,	0.000035,	0.079438
1073,	0.000065,	0.000045,	0.000045,	0.079630
1074,	0.000065,	0.000045,	0.000055,	0.079756
1075,	0.000065,	0.000045,	0.000065,	0.079840
1076,	0.000065,	0.000045,	0.000075,	0.079901
1077,	0.000065,	0.000045,	0.000085,	0.079946
1078,	0.000065,	0.000045,	0.000095,	0.079983
1081,	0.000065,	0.000055,	0.000005,	0.077545
1082,	0.000065,	0.000055,	0.000015,	0.078562
1083,	0.000065,	0.000055,	0.000025,	0.079104
1084,	0.000065,	0.000055,	0.000035,	0.079427
1085,	0.000065,	0.000055,	0.000045,	0.079626
1086,	0.000065,	0.000055,	0.000055,	0.079754
1087,	0.000065,	0.000055,	0.000065,	0.079840
1088,	0.000065,	0.000055,	0.000075,	0.079900
1089,	0.000065,	0.000055,	0.000085,	0.079945
1090,	0.000065,	0.000055,	0.000095,	0.079983
1093,	0.000065,	0.000065,	0.000005,	0.078498
1094,	0.000065,	0.000065,	0.000015,	0.078876
1095,	0.000065,	0.000065,	0.000025,	0.079228
1096,	0.000065,	0.000065,	0.000035,	0.079479
1097,	0.000065,	0.000065,	0.000045,	0.079649
1098,	0.000065,	0.000065,	0.000055,	0.079764
1099,	0.000065,	0.000065,	0.000065,	0.079845
1100,	0.000065,	0.000065,	0.000075,	0.079903
1101,	0.000065,	0.000065,	0.000085,	0.079947
1102,	0.000065,	0.000065,	0.000095,	0.079983
1105,	0.000065,	0.000075,	0.000005,	0.079019
1106,	0.000065,	0.000075,	0.000015,	0.079185
1107,	0.000065,	0.000075,	0.000025,	0.079385
1108,	0.000065,	0.000075,	0.000035,	0.079555
1109,	0.000065,	0.000075,	0.000045,	0.079686
1110,	0.000065,	0.000075,	0.000055,	0.079782
1111,	0.000065,	0.000075,	0.000065,	0.079854
1112,	0.000065,	0.000075,	0.000075,	0.079907
1113,	0.000065,	0.000075,	0.000085,	0.079948
1114,	0.000065,	0.000075,	0.000095,	0.079984
1117,	0.000065,	0.000085,	0.000005,	0.079304
1118,	0.000065,	0.000085,	0.000015,	0.079387
1119,	0.000065,	0.000085,	0.000025,	0.079505
1120,	0.000065,	0.000085,	0.000035,	0.079621
1121,	0.000065,	0.000085,	0.000045,	0.079720
1122,	0.000065,	0.000085,	0.000055,	0.079800
1123,	0.000065,	0.000085,	0.000065,	0.079863
1124,	0.000065,	0.000085,	0.000075,	0.079911
1125,	0.000065,	0.000085,	0.000085,	0.079951
1126,	0.000065,	0.000085,	0.000095,	0.079984
1129,	0.000065,	0.000095,	0.000005,	0.079435
1130,	0.000065,	0.000095,	0.000015,	0.079487
1131,	0.000065,	0.000095,	0.000025,	0.079569
1132,	0.000065,	0.000095,	0.000035,	0.079658
1133,	0.000065,	0.000095,	0.000045,	0.079741
1134,	0.000065,	0.000095,	0.000055,	0.079811
1135,	0.000065,	0.000095,	0.000065,	0.079868
1136,	0.000065,	0.000095,	0.000075,	0.079914
1137,	0.000065,	0.000095,	0.000085,	0.079952
1138,	0.000065,	0.000095,	0.000095,	0.079985
1165,	0.000075,	0.000005,	0.000005,	0.079512
1166,	0.000075,	0.000005,	0.000015,	0.079551
1167,	0.000075,	0.000005,	0.000025,	0.079615
1168,	0.000075,	0.000005,	0.000035,	0.079689
1169,	0.000075,	0.000005,	0.000045,	0.079760
1170,	0.000075,	0.000005,	0.000055,	0.079822
1171,	0.000075,	0.000005,	0.000065,	0.079874
1172,	0.000075,	0.000005,	0.000075,	0.079918
1173,	0.000075,	0.000005,	0.000085,	0.079953
1174,	0.000075,	0.000005,	0.000095,	0.079985
1177,	0.000075,	0.000015,	0.000005,	0.079450
1178,	0.000075,	0.000015,	0.000015,	0.079501
1179,	0.000075,	0.000015,	0.000025,	0.079581
1180,	0.000075,	0.000015,	0.000035,	0.079667
1181,	0.000075,	0.000015,	0.000045,	0.079747
1182,	0.000075,	0.000015,	0.000055,	0.079815
1183,	0.000075,	0.000015,	0.000065,	0.079871
1184,	0.000075,	0.000015,	0.000075,	0.079916
1185,	0.000075,	0.000015,	0.000085,	0.079953
1186,	0.000075,	0.000015,	0.000095,	0.079985
1189,	0.000075,	0.000025,	0.000005,	0.079311
1190,	0.000075,	0.000025,	0.000015,	0.079394
1191,	0.000075,	0.000025,	0.000025,	0.079510
1192,	0.000075,	0.000025,	0.000035,	0.079625
1193,	0.000075,	0.000025,	0.000045,	0.079723
1194,	0.000075,	0.000025,	0.000055,	0.079802
1195,	0.000075,	0.000025,	0.000065,	0.079864
1196,	0.000075,	0.000025,	0.000075,	0.079912
1197,	0.000075,	0.000025,	0.000085,	0.079951
1198,	0.000075,	0.000025,	0.000095,	0.079984
1201,	0.000075,	0.000035,	0.000005,	0.079102
1202,	0.000075,	0.000035,	0.000015,	0.079242
1203,	0.000075,	0.000035,	0.000025,	0.079418
1204,	0.000075,	0.000035,	0.000035,	0.079573
1205,	0.000075,	0.000035,	0.000045,	0.079695
1206,	0.000075,	0.000035,	0.000055,	0.079787
1207,	0.000075,	0.000035,	0.000065,	0.079856
1208,	0.000075,	0.000035,	0.000075,	0.079908
1209,	0.000075,	0.000035,	0.000085,	0.079949
1210,	0.000075,	0.000035,	0.000095,	0.079984
1213,	0.000075,	0.000045,	0.000005,	0.078884
1214,	0.000075,	0.000045,	0.000015,	0.079098
1215,	0.000075,	0.000045,	0.000025,	0.079339
1216,	0.000075,	0.000045,	0.000035,	0.079532
1217,	0.000075,	0.000045,	0.000045,	0.079674
1218,	0.000075,	0.000045,	0.000055,	0.079776
1219,	0.000075,	0.000045,	0.000065,	0.079851
1220,	0.000075,	0.000045,	0.000075,	0.079905
1221,	0.000075,	0.000045,	0.000085,	0.079948
1222,	0.000075,	0.000045,	0.000095,	0.079983
1225,	0.000075,	0.000055,	0.000005,	0.078832
1226,	0.000075,	0.000055,	0.000015,	0.079068
1227,	0.000075,	0.000055,	0.000025,	0.079325
1228,	0.000075,	0.000055,	0.000035,	0.079525
1229,	0.000075,	0.000055,	0.000045,	0.079671
1230,	0.000075,	0.000055,	0.000055,	0.079775
1231,	0.000075,	0.000055,	0.000065,	0.079850
1232,	0.000075,	0.000055,	0.000075,	0.079905
1233,	0.000075,	0.000055,	0.000085,	0.079948
1234,	0.000075,	0.000055,	0.000095,	0.079983
1237,	0.000075,	0.000065,	0.000005,	0.079033
1238,	0.000075,	0.000065,	0.000015,	0.079195
1239,	0.000075,	0.000065,	0.000025,	0.079391
1240,	0.000075,	0.000065,	0.000035,	0.079559
1241,	0.000075,	0.000065,	0.000045,	0.079688
1242,	0.000075,	0.000065,	0.000055,	0.079783
1243,	0.000075,	0.000065,	0.000065,	0.079854
1244,	0.000075,	0.000065,	0.000075,	0.079907
1245,	0.000075,	0.000065,	0.000085,	0.079949
1246,	0.000075,	0.000065,	0.000095,	0.079984
1249,	0.000075,	0.000075,	0.000005,	0.079260
1250,	0.000075,	0.000075,	0.000015,	0.079354
1251,	0.000075,	0.000075,	0.000025,	0.079485
1252,	0.000075,	0.000075,	0.000035,	0.079610
1253,	0.000075,	0.000075,	0.000045,	0.079715
1254,	0.000075,	0.000075,	0.000055,	0.079798
1255,	0.000075,	0.000075,	0.000065,	0.079861
1256,	0.000075,	0.000075,	0.000075,	0.079911
1257,	0.000075,	0.000075,	0.000085,	0.079950
1258,	0.000075,	0.000075,	0.000095,	0.079984
1261,	0.000075,	0.000085,	0.000005,	0.079420
1262,	0.000075,	0.000085,	0.000015,	0.079477
1263,	0.000075,	0.000085,	0.000025,	0.079564
1264,	0.000075,	0.000085,	0.000035,	0.079657
1265,	0.000075,	0.000085,	0.000045,	0.079741
1266,	0.000075,	0.000085,	0.000055,	0.079812
1267,	0.000075,	0.000085,	0.000065,	0.079869
1268,	0.000075,	0.000085,	0.000075,	0.079915
1269,	0.000075,	0.000085,	0.000085,	0.079952
1270,	0.000075,	0.000085,	0.000095,	0.079985
1273,	0.000075,	0.000095,	0.000005,	0.079502
1274,	0.000075,	0.000095,	0.000015,	0.079543
1275,	0.000075,	0.000095,	0.000025,	0.079610
1276,	0.000075,	0.000095,	0.000035,	0.079685
1277,	0.000075,	0.000095,	0.000045,	0.079757
1278,	0.000075,	0.000095,	0.000055,	0.079821
1279,	0.000075,	0.000095,	0.000065,	0.079874
1280,	0.000075,	0.000095,	0.000075,	0.079917
1281,	0.000075,	0.000095,	0.000085,	0.079953
1282,	0.000075,	0.000095,	0.000095,	0.079985
1309,	0.000085,	0.000005,	0.000005,	0.079567
1310,	0.000085,	0.000005,	0.000015,	0.079598
1311,	0.000085,	0.000005,	0.000025,	0.079650
1312,	0.000085,	0.000005,	0.000035,	0.079712
1313,	0.000085,	0.000005,	0.000045,	0.079775
1314,	0.000085,	0.000005,	0.000055,	0.079831
1315,	0.000085,	0.000005,	0.000065,	0.079880
1316,	0.000085,	0.000005,	0.000075,	0.079920
1317,	0.000085,	0.000005,	0.000085,	0.079955
1318,	0.000085,	0.000005,	0.000095,	0.079985
1321,	0.000085,	0.000015,	0.000005,	0.079529
1322,	0.000085,	0.000015,	0.000015,	0.079566
1323,	0.000085,	0.000015,	0.000025,	0.079627
1324,	0.000085,	0.000015,	0.000035,	0.079697
1325,	0.000085,	0.000015,	0.000045,	0.079765
1326,	0.000085,	0.000015,	0.000055,	0.079825
1327,	0.000085,	0.000015,	0.000065,	0.079876
1328,	0.000085,	0.000015,	0.000075,	0.079919
1329,	0.000085,	0.000015,	0.000085,	0.079954
1330,	0.000085,	0.000015,	0.000095,	0.079985
1333,	0.000085,	0.000025,	0.000005,	0.079449
1334,	0.000085,	0.000025,	0.000015,	0.079501
1335,	0.000085,	0.000025,	0.000025,	0.079581
1336,	0.000085,	0.000025,	0.000035,	0.079667
1337,	0.000085,	0.000025,	0.000045,	0.079747
1338,	0.000085,	0.000025,	0.000055,	0.079815
1339,	0.000085,	0.000025,	0.000065,	0.079871
1340,	0.000085,	0.000025,	0.000075,	0.079916
1341,	0.000085,	0.000025,	0.000085,	0.079953
1342,	0.000085,	0.000025,	0.000095,	0.079985
1345,	0.000085,	0.000035,	0.000005,	0.079345
1346,	0.000085,	0.000035,	0.000015,	0.079418
1347,	0.000085,	0.000035,	0.000025,	0.079525
1348,	0.000085,	0.000035,	0.000035,	0.079632
1349,	0.000085,	0.000035,	0.000045,	0.079727
1350,	0.000085,	0.000035,	0.000055,	0.079804
1351,	0.000085,	0.000035,	0.000065,	0.079864
1352,	0.000085,	0.000035,	0.000075,	0.079912
1353,	0.000085,	0.000035,	0.000085,	0.079951
1354,	0.000085,	0.000035,	0.000095,	0.079984
1357,	0.000085,	0.000045,	0.000005,	0.079253
1358,	0.000085,	0.000045,	0.000015,	0.079349
1359,	0.000085,	0.000045,	0.000025,	0.079480
1360,	0.000085,	0.000045,	0.000035,	0.079606
1361,	0.000085,	0.000045,	0.000045,	0.079712
1362,	0.000085,	0.000045,	0.000055,	0.079795
1363,	0.000085,	0.000045,	0.000065,	0.079860
1364,	0.000085,	0.000045,	0.000075,	0.079910
1365,	0.000085,	0.000045,	0.000085,	0.079950
1366,	0.000085,	0.000045,	0.000095,	0.079984
1369,	0.000085,	0.000055,	0.000005,	0.079236
1370,	0.000085,	0.000055,	0.000015,	0.079337
1371,	0.000085,	0.000055,	0.000025,	0.079473
1372,	0.000085,	0.000055,	0.000035,	0.079602
1373,	0.000085,	0.000055,	0.000045,	0.079710
1374,	0.000085,	0.000055,	0.000055,	0.079794
1375,	0.000085,	0.000055,	0.000065,	0.079859
1376,	0.000085,	0.000055,	0.000075,	0.079910
1377,	0.000085,	0.000055,	0.000085,	0.079950
1378,	0.000085,	0.000055,	0.000095,	0.079984
1381,	0.000085,	0.000065,	0.000005,	0.079314
1382,	0.000085,	0.000065,	0.000015,	0.079394
1383,	0.000085,	0.000065,	0.000025,	0.079509
1384,	0.000085,	0.000065,	0.000035,	0.079623
1385,	0.000085,	0.000065,	0.000045,	0.079721
1386,	0.000085,	0.000065,	0.000055,	0.079801
1387,	0.000085,	0.000065,	0.000065,	0.079863
1388,	0.000085,	0.000065,	0.000075,	0.079911
1389,	0.000085,	0.000065,	0.000085,	0.079951
1390,	0.000085,	0.000065,	0.000095,	0.079984
1393,	0.000085,	0.000075,	0.000005,	0.079421
1394,	0.000085,	0.000075,	0.000015,	0.079478
1395,	0.000085,	0.000075,	0.000025,	0.079565
1396,	0.000085,	0.000075,	0.000035,	0.079657
1397,	0.000085,	0.000075,	0.000045,	0.079741
1398,	0.000085,	0.000075,	0.000055,	0.079812
1399,	0.000085,	0.000075,	0.000065,	0.079869
1400,	0.000085,	0.000075,	0.000075,	0.079915
1401,	0.000085,	0.000075,	0.000085,	0.079952
1402,	0.000085,	0.000075,	0.000095,	0.079985
1405,	0.000085,	0.000085,	0.000005,	0.079510
1406,	0.000085,	0.000085,	0.000015,	0.079550
1407,	0.000085,	0.000085,	0.000025,	0.079616
1408,	0.000085,	0.000085,	0.000035,	0.079690
1409,	0.000085,	0.000085,	0.000045,	0.079761
1410,	0.000085,	0.000085,	0.000055,	0.079823
1411,	0.000085,	0.000085,	0.000065,	0.079875
1412,	0.000085,	0.000085,	0.000075,	0.079918
1413,	0.000085,	0.000085,	0.000085,	0.079954
1414,	0.000085,	0.000085,	0.000095,	0.079985
1417,	0.000085,	0.000095,	0.000005,	0.079561
1418,	0.000085,	0.000095,	0.000015,	0.079593
1419,	0.000085,	0.000095,	0.000025,	0.079646
1420,	0.000085,	0.000095,	0.000035,	0.079710
1421,	0.000085,	0.000095,	0.000045,	0.079773
1422,	0.000085,	0.000095,	0.000055,	0.079830
1423,	0.000085,	0.000095,	0.000065,	0.079879
1424,	0.000085,	0.000095,	0.000075,	0.079920
1425,	0.000085,	0.000095,	0.000085,	0.079955
1426,	0.000085,	0.000095,	0.000095,	0.079985
1453,	0.000095,	0.000005,	0.000005,	0.079598
1454,	0.000095,	0.000005,	0.000015,	0.079625
1455,	0.000095,	0.000005,	0.000025,	0.079671
1456,	0.000095,	0.000005,	0.000035,	0.079726
1457,	0.000095,	0.000005,	0.000045,	0.079784
1458,	0.000095,	0.000005,	0.000055,	0.079837
1459,	0.000095,	0.000005,	0.000065,	0.079883
1460,	0.000095,	0.000005,	0.000075,	0.079922
1461,	0.000095,	0.000005,	0.000085,	0.079956
1462,	0.000095,	0.000005,	0.000095,	0.079986
1465,	0.000095,	0.000015,	0.000005,	0.079571
1466,	0.000095,	0.000015,	0.000015,	0.079601
1467,	0.000095,	0.000015,	0.000025,	0.079653
1468,	0.000095,	0.000015,	0.000035,	0.079714
1469,	0.000095,	0.000015,	0.000045,	0.079776
1470,	0.000095,	0.000015,	0.000055,	0.079832
1471,	0.000095,	0.000015,	0.000065,	0.079880
1472,	0.000095,	0.000015,	0.000075,	0.079921
1473,	0.000095,	0.000015,	0.000085,	0.079955
1474,	0.000095,	0.000015,	0.000095,	0.079985
1477,	0.000095,	0.000025,	0.000005,	0.079517
1478,	0.000095,	0.000025,	0.000015,	0.079555
1479,	0.000095,	0.000025,	0.000025,	0.079619
1480,	0.000095,	0.000025,	0.000035,	0.079691
1481,	0.000095,	0.000025,	0.000045,	0.079761
1482,	0.000095,	0.000025,	0.000055,	0.079823
1483,	0.000095,	0.000025,	0.000065,	0.079875
1484,	0.000095,	0.000025,	0.000075,	0.079918
1485,	0.000095,	0.000025,	0.000085,	0.079954
1486,	0.000095,	0.000025,	0.000095,	0.079985
1489,	0.000095,	0.000035,	0.000005,	0.079452
1490,	0.000095,	0.000035,	0.000015,	0.079501
1491,	0.000095,	0.000035,	0.000025,	0.079579
1492,	0.000095,	0.000035,	0.000035,	0.079665
1493,	0.000095,	0.000035,	0.000045,	0.079745
1494,	0.000095,	0.000035,	0.000055,	0.079813
1495,	0.000095,	0.000035,	0.000065,	0.079869
1496,	0.000095,	0.000035,	0.000075,	0.079915
1497,	0.000095,	0.000035,	0.000085,	0.079952
1498,	0.000095,	0.000035,	0.000095,	0.079985
1501,	0.000095,	0.000045,	0.000005,	0.079401
1502,	0.000095,	0.000045,	0.000015,	0.079459
1503,	0.000095,	0.000045,	0.000025,	0.079549
1504,	0.000095,	0.000045,	0.000035,	0.079646
1505,	0.000095,	0.000045,	0.000045,	0.079733
1506,	0.000095,	0.000045,	0.000055,	0.079806
1507,	0.000095,	0.000045,	0.000065,	0.079866
1508,	0.000095,	0.000045,	0.000075,	0.079913
1509,	0.000095,	0.000045,	0.000085,	0.079951
1510,	0.000095,	0.000045,	0.000095,	0.079984
1513,	0.000095,	0.000055,	0.000005,	0.079393
1514,	0.000095,	0.000055,	0.000015,	0.079453
1515,	0.000095,	0.000055,	0.000025,	0.079545
1516,	0.000095,	0.000055,	0.000035,	0.079643
1517,	0.000095,	0.000055,	0.000045,	0.079731
1518,	0.000095,	0.000055,	0.000055,	0.079806
1519,	0.000095,	0.000055,	0.000065,	0.079865
1520,	0.000095,	0.000055,	0.000075,	0.079912
1521,	0.000095,	0.000055,	0.000085,	0.079951
1522,	0.000095,	0.000055,	0.000095,	0.079984
1525,	0.000095,	0.000065,	0.000005,	0.079434
1526,	0.000095,	0.000065,	0.000015,	0.079486
1527,	0.000095,	0.000065,	0.000025,	0.079568
1528,	0.000095,	0.000065,	0.000035,	0.079658
1529,	0.000095,	0.000065,	0.000045,	0.079740
1530,	0.000095,	0.000065,	0.000055,	0.079811
1531,	0.000095,	0.000065,	0.000065,	0.079868
1532,	0.000095,	0.000065,	0.000075,	0.079914
1533,	0.000095,	0.000065,	0.000085,	0.079952
1534,	0.000095,	0.000065,	0.000095,	0.079984
1537,	0.000095,	0.000075,	0.000005,	0.079499
1538,	0.000095,	0.000075,	0.000015,	0.079540
1539,	0.000095,	0.000075,	0.000025,	0.079607
1540,	0.000095,	0.000075,	0.000035,	0.079683
1541,	0.000095,	0.000075,	0.000045,	0.079756
1542,	0.000095,	0.000075,	0.000055,	0.079820
1543,	0.000095,	0.000075,	0.000065,	0.079873
1544,	0.000095,	0.000075,	0.000075,	0.079917
1545,	0.000095,	0.000075,	0.000085,	0.079953
1546,	0.000095,	0.000075,	0.000095,	0.079985
1549,	0.000095,	0.000085,	0.000005,	0.079558
1550,	0.000095,	0.000085,	0.000015,	0.079590
1551,	0.000095,	0.000085,	0.000025,	0.079644
1552,	0.000095,	0.000085,	0.000035,	0.079708
1553,	0.000095,	0.000085,	0.000045,	0.079772
1554,	0.000095,	0.000085,	0.000055,	0.079829
1555,	0.000095,	0.000085,	0.000065,	0.079879
1556,	0.000095,	0.000085,	0.000075,	0.079920
1557,	0.000095,	0.000085,	0.000085,	0.079955
1558,	0.000095,	0.000085,	0.000095,	0.079985
1561,	0.000095,	0.000095,	0.000005,	0.079594
1562,	0.000095,	0.000095,	0.000015,	0.079621
1563,	0.000095,	0.000095,	0.000025,	0.079668
1564,	0.000095,	0.000095,	0.000035,	0.079724
1565,	0.000095,	0.000095,	0.000045,	0.079782
1566,	0.000095,	0.000095,	0.000055,	0.079836
1567,	0.000095,	0.000095,	0.000065,	0.079882
1568,	0.000095,	0.000095,	0.000075,	0.079922
1569,	0.000095,	0.000095,	0.000085,	0.079956
1570,	0.000095,	0.000095,	0.000095,	0.079986
