,x,y,z,scalar,1,1,1,0.5
157,	0.000005,	0.000005,	0.000005,	0.079929
158,	0.000005,	0.000005,	0.000015,	0.079936
159,	0.000005,	0.000005,	0.000025,	0.079947
160,	0.000005,	0.000005,	0.000035,	0.079960
161,	0.000005,	0.000005,	0.000045,	0.079972
162,	0.000005,	0.000005,	0.000055,	0.079981
163,	0.000005,	0.000005,	0.000065,	0.079988
164,	0.000005,	0.000005,	0.000075,	0.079993
165,	0.000005,	0.000005,	0.000085,	0.079996
166,	0.000005,	0.000005,	0.000095,	0.079999
169,	0.000005,	0.000015,	0.000005,	0.079919
170,	0.000005,	0.000015,	0.000015,	0.079927
171,	0.000005,	0.000015,	0.000025,	0.079941
172,	0.000005,	0.000015,	0.000035,	0.079956
173,	0.000005,	0.000015,	0.000045,	0.079969
174,	0.000005,	0.000015,	0.000055,	0.079979
175,	0.000005,	0.000015,	0.000065,	0.079987
176,	0.000005,	0.000015,	0.000075,	0.079993
177,	0.000005,	0.000015,	0.000085,	0.079996
178,	0.000005,	0.000015,	0.000095,	0.079999
181,	0.000005,	0.000025,	0.000005,	0.079898
182,	0.000005,	0.000025,	0.000015,	0.079910
183,	0.000005,	0.000025,	0.000025,	0.079928
184,	0.000005,	0.000025,	0.000035,	0.079947
185,	0.000005,	0.000025,	0.000045,	0.079964
186,	0.000005,	0.000025,	0.000055,	0.079977
187,	0.000005,	0.000025,	0.000065,	0.079986
188,	0.000005,	0.000025,	0.000075,	0.079992
189,	0.000005,	0.000025,	0.000085,	0.079996
190,	0.000005,	0.000025,	0.000095,	0.079999
193,	0.000005,	0.000035,	0.000005,	0.079872
194,	0.000005,	0.000035,	0.000015,	0.079889
195,	0.000005,	0.000035,	0.000025,	0.079913
196,	0.000005,	0.000035,	0.000035,	0.079938
197,	0.000005,	0.000035,	0.000045,	0.079958
198,	0.000005,	0.000035,	0.000055,	0.079974
199,	0.000005,	0.000035,	0.000065,	0.079984
200,	0.000005,	0.000035,	0.000075,	0.079991
201,	0.000005,	0.000035,	0.000085,	0.079995
202,	0.000005,	0.000035,	0.000095,	0.079999
205,	0.000005,	0.000045,	0.000005,	0.079851
206,	0.000005,	0.000045,	0.000015,	0.079872
207,	0.000005,	0.000045,	0.000025,	0.079902
208,	0.000005,	0.000045,	0.000035,	0.079931
209,	0.000005,	0.000045,	0.000045,	0.079954
210,	0.000005,	0.000045,	0.000055,	0.079971
211,	0.000005,	0.000045,	0.000065,	0.079983
212,	0.000005,	0.000045,	0.000075,	0.079990
213,	0.000005,	0.000045,	0.000085,	0.079995
214,	0.000005,	0.000045,	0.000095,	0.079999
217,	0.000005,	0.000055,	0.000005,	0.079847
218,	0.000005,	0.000055,	0.000015,	0.079869
219,	0.000005,	0.000055,	0.000025,	0.079900
220,	0.000005,	0.000055,	0.000035,	0.079929
221,	0.000005,	0.000055,	0.000045,	0.079954
222,	0.000005,	0.000055,	0.000055,	0.079971
223,	0.000005,	0.000055,	0.000065,	0.079983
224,	0.000005,	0.000055,	0.000075,	0.079990
225,	0.000005,	0.000055,	0.000085,	0.079995
226,	0.000005,	0.000055,	0.000095,	0.079999
229,	0.000005,	0.000065,	0.000005,	0.079864
230,	0.000005,	0.000065,	0.000015,	0.079882
231,	0.000005,	0.000065,	0.000025,	0.079909
232,	0.000005,	0.000065,	0.000035,	0.079935
233,	0.000005,	0.000065,	0.000045,	0.079957
234,	0.000005,	0.000065,	0.000055,	0.079973
235,	0.000005,	0.000065,	0.000065,	0.079984
236,	0.000005,	0.000065,	0.000075,	0.079991
237,	0.000005,	0.000065,	0.000085,	0.079995
238,	0.000005,	0.000065,	0.000095,	0.079999
241,	0.000005,	0.000075,	0.000005,	0.079890
242,	0.000005,	0.000075,	0.000015,	0.079903
243,	0.000005,	0.000075,	0.000025,	0.079923
244,	0.000005,	0.000075,	0.000035,	0.079944
245,	0.000005,	0.000075,	0.000045,	0.079962
246,	0.000005,	0.000075,	0.000055,	0.079976
247,	0.000005,	0.000075,	0.000065,	0.079985
248,	0.000005,	0.000075,	0.000075,	0.079991
249,	0.000005,	0.000075,	0.000085,	0.079996
250,	0.000005,	0.000075,	0.000095,	0.079999
253,	0.000005,	0.000085,	0.000005,	0.079914
254,	0.000005,	0.000085,	0.000015,	0.079923
255,	0.000005,	0.000085,	0.000025,	0.079937
256,	0.000005,	0.000085,	0.000035,	0.079953
257,	0.000005,	0.000085,	0.000045,	0.079967
258,	0.000005,	0.000085,	0.000055,	0.079979
259,	0.000005,	0.000085,	0.000065,	0.079987
260,	0.000005,	0.000085,	0.000075,	0.079992
261,	0.000005,	0.000085,	0.000085,	0.079996
262,	0.000005,	0.000085,	0.000095,	0.079999
265,	0.000005,	0.000095,	0.000005,	0.079927
266,	0.000005,	0.000095,	0.000015,	0.079935
267,	0.000005,	0.000095,	0.000025,	0.079946
268,	0.000005,	0.000095,	0.000035,	0.079959
269,	0.000005,	0.000095,	0.000045,	0.079971
270,	0.000005,	0.000095,	0.000055,	0.079981
271,	0.000005,	0.000095,	0.000065,	0.079988
272,	0.000005,	0.000095,	0.000075,	0.079993
273,	0.000005,	0.000095,	0.000085,	0.079996
274,	0.000005,	0.000095,	0.000095,	0.079999
301,	0.000015,	0.000005,	0.000005,	0.079918
302,	0.000015,	0.000005,	0.000015,	0.079926
303,	0.000015,	0.000005,	0.000025,	0.079940
304,	0.000015,	0.000005,	0.000035,	0.079955
305,	0.000015,	0.000005,	0.000045,	0.079969
306,	0.000015,	0.000005,	0.000055,	0.079979
307,	0.000015,	0.000005,	0.000065,	0.079987
308,	0.000015,	0.000005,	0.000075,	0.079992
309,	0.000015,	0.000005,	0.000085,	0.079996
310,	0.000015,	0.000005,	0.000095,	0.079999
313,	0.000015,	0.000015,	0.000005,	0.079903
314,	0.000015,	0.000015,	0.000015,	0.079914
315,	0.000015,	0.000015,	0.000025,	0.079931
316,	0.000015,	0.000015,	0.000035,	0.079949
317,	0.000015,	0.000015,	0.000045,	0.079965
318,	0.000015,	0.000015,	0.000055,	0.079977
319,	0.000015,	0.000015,	0.000065,	0.079986
320,	0.000015,	0.000015,	0.000075,	0.079992
321,	0.000015,	0.000015,	0.000085,	0.079996
322,	0.000015,	0.000015,	0.000095,	0.079999
325,	0.000015,	0.000025,	0.000005,	0.079870
326,	0.000015,	0.000025,	0.000015,	0.079888
327,	0.000015,	0.000025,	0.000025,	0.079913
328,	0.000015,	0.000025,	0.000035,	0.079938
329,	0.000015,	0.000025,	0.000045,	0.079959
330,	0.000015,	0.000025,	0.000055,	0.079974
331,	0.000015,	0.000025,	0.000065,	0.079984
332,	0.000015,	0.000025,	0.000075,	0.079991
333,	0.000015,	0.000025,	0.000085,	0.079996
334,	0.000015,	0.000025,	0.000095,	0.079999
337,	0.000015,	0.000035,	0.000005,	0.079826
338,	0.000015,	0.000035,	0.000015,	0.079854
339,	0.000015,	0.000035,	0.000025,	0.079891
340,	0.000015,	0.000035,	0.000035,	0.079925
341,	0.000015,	0.000035,	0.000045,	0.079952
342,	0.000015,	0.000035,	0.000055,	0.079970
343,	0.000015,	0.000035,	0.000065,	0.079982
344,	0.000015,	0.000035,	0.000075,	0.079990
345,	0.000015,	0.000035,	0.000085,	0.079995
346,	0.000015,	0.000035,	0.000095,	0.079999
349,	0.000015,	0.000045,	0.000005,	0.079785
350,	0.000015,	0.000045,	0.000015,	0.079824
351,	0.000015,	0.000045,	0.000025,	0.079873
352,	0.000015,	0.000045,	0.000035,	0.079915
353,	0.000015,	0.000045,	0.000045,	0.079946
354,	0.000015,	0.000045,	0.000055,	0.079967
355,	0.000015,	0.000045,	0.000065,	0.079981
356,	0.000015,	0.000045,	0.000075,	0.079989
357,	0.000015,	0.000045,	0.000085,	0.079995
358,	0.000015,	0.000045,	0.000095,	0.079998
361,	0.000015,	0.000055,	0.000005,	0.079777
362,	0.000015,	0.000055,	0.000015,	0.079818
363,	0.000015,	0.000055,	0.000025,	0.079869
364,	0.000015,	0.000055,	0.000035,	0.079913
365,	0.000015,	0.000055,	0.000045,	0.079945
366,	0.000015,	0.000055,	0.000055,	0.079967
367,	0.000015,	0.000055,	0.000065,	0.079981
368,	0.000015,	0.000055,	0.000075,	0.079989
369,	0.000015,	0.000055,	0.000085,	0.079995
370,	0.000015,	0.000055,	0.000095,	0.079998
373,	0.000015,	0.000065,	0.000005,	0.079811
374,	0.000015,	0.000065,	0.000015,	0.079843
375,	0.000015,	0.000065,	0.000025,	0.079884
376,	0.000015,	0.000065,	0.000035,	0.079921
377,	0.000015,	0.000065,	0.000045,	0.079949
378,	0.000015,	0.000065,	0.000055,	0.079969
379,	0.000015,	0.000065,	0.000065,	0.079982
380,	0.000015,	0.000065,	0.000075,	0.079990
381,	0.000015,	0.000065,	0.000085,	0.079995
382,	0.000015,	0.000065,	0.000095,	0.079998
385,	0.000015,	0.000075,	0.000005,	0.079857
386,	0.000015,	0.000075,	0.000015,	0.079878
387,	0.000015,	0.000075,	0.000025,	0.079906
388,	0.000015,	0.000075,	0.000035,	0.079934
389,	0.000015,	0.000075,	0.000045,	0.079957
390,	0.000015,	0.000075,	0.000055,	0.079973
391,	0.000015,	0.000075,	0.000065,	0.079984
392,	0.000015,	0.000075,	0.000075,	0.079991
393,	0.000015,	0.000075,	0.000085,	0.079995
394,	0.000015,	0.000075,	0.000095,	0.079999
397,	0.000015,	0.000085,	0.000005,	0.079894
398,	0.000015,	0.000085,	0.000015,	0.079907
399,	0.000015,	0.000085,	0.000025,	0.079926
400,	0.000015,	0.000085,	0.000035,	0.079946
401,	0.000015,	0.000085,	0.000045,	0.079963
402,	0.000015,	0.000085,	0.000055,	0.079976
403,	0.000015,	0.000085,	0.000065,	0.079986
404,	0.000015,	0.000085,	0.000075,	0.079992
405,	0.000015,	0.000085,	0.000085,	0.079996
406,	0.000015,	0.000085,	0.000095,	0.079999
409,	0.000015,	0.000095,	0.000005,	0.079915
410,	0.000015,	0.000095,	0.000015,	0.079924
411,	0.000015,	0.000095,	0.000025,	0.079938
412,	0.000015,	0.000095,	0.000035,	0.079954
413,	0.000015,	0.000095,	0.000045,	0.079968
414,	0.000015,	0.000095,	0.000055,	0.079979
415,	0.000015,	0.000095,	0.000065,	0.079987
416,	0.000015,	0.000095,	0.000075,	0.079992
417,	0.000015,	0.000095,	0.000085,	0.079996
418,	0.000015,	0.000095,	0.000095,	0.079999
445,	0.000025,	0.000005,	0.000005,	0.079897
446,	0.000025,	0.000005,	0.000015,	0.079909
447,	0.000025,	0.000005,	0.000025,	0.079927
448,	0.000025,	0.000005,	0.000035,	0.079947
449,	0.000025,	0.000005,	0.000045,	0.079963
450,	0.000025,	0.000005,	0.000055,	0.079976
451,	0.000025,	0.000005,	0.000065,	0.079986
452,	0.000025,	0.000005,	0.000075,	0.079992
453,	0.000025,	0.000005,	0.000085,	0.079996
454,	0.000025,	0.000005,	0.000095,	0.079999
457,	0.000025,	0.000015,	0.000005,	0.079871
458,	0.000025,	0.000015,	0.000015,	0.079888
459,	0.000025,	0.000015,	0.000025,	0.079914
460,	0.000025,	0.000015,	0.000035,	0.079938
461,	0.000025,	0.000015,	0.000045,	0.079959
462,	0.000025,	0.000015,	0.000055,	0.079974
463,	0.000025,	0.000015,	0.000065,	0.079984
464,	0.000025,	0.000015,	0.000075,	0.079991
465,	0.000025,	0.000015,	0.000085,	0.079996
466,	0.000025,	0.000015,	0.000095,	0.079999
469,	0.000025,	0.000025,	0.000005,	0.079812
470,	0.000025,	0.000025,	0.000015,	0.079844
471,	0.000025,	0.000025,	0.000025,	0.079885
472,	0.000025,	0.000025,	0.000035,	0.079922
473,	0.000025,	0.000025,	0.000045,	0.079950
474,	0.000025,	0.000025,	0.000055,	0.079969
475,	0.000025,	0.000025,	0.000065,	0.079982
476,	0.000025,	0.000025,	0.000075,	0.079990
477,	0.000025,	0.000025,	0.000085,	0.079995
478,	0.000025,	0.000025,	0.000095,	0.079999
481,	0.000025,	0.000035,	0.000005,	0.079719
482,	0.000025,	0.000035,	0.000015,	0.079778
483,	0.000025,	0.000035,	0.000025,	0.079846
484,	0.000025,	0.000035,	0.000035,	0.079901
485,	0.000025,	0.000035,	0.000045,	0.079939
486,	0.000025,	0.000035,	0.000055,	0.079964
487,	0.000025,	0.000035,	0.000065,	0.079979
488,	0.000025,	0.000035,	0.000075,	0.079989
489,	0.000025,	0.000035,	0.000085,	0.079995
490,	0.000025,	0.000035,	0.000095,	0.079998
493,	0.000025,	0.000045,	0.000005,	0.079612
494,	0.000025,	0.000045,	0.000015,	0.079711
495,	0.000025,	0.000045,	0.000025,	0.079811
496,	0.000025,	0.000045,	0.000035,	0.079884
497,	0.000025,	0.000045,	0.000045,	0.079931
498,	0.000025,	0.000045,	0.000055,	0.079960
499,	0.000025,	0.000045,	0.000065,	0.079978
500,	0.000025,	0.000045,	0.000075,	0.079988
501,	0.000025,	0.000045,	0.000085,	0.079994
502,	0.000025,	0.000045,	0.000095,	0.079998
505,	0.000025,	0.000055,	0.000005,	0.079585
506,	0.000025,	0.000055,	0.000015,	0.079696
507,	0.000025,	0.000055,	0.000025,	0.079804
508,	0.000025,	0.000055,	0.000035,	0.079881
509,	0.000025,	0.000055,	0.000045,	0.079930
510,	0.000025,	0.000055,	0.000055,	0.079960
511,	0.000025,	0.000055,	0.000065,	0.079977
512,	0.000025,	0.000055,	0.000075,	0.079988
513,	0.000025,	0.000055,	0.000085,	0.079994
514,	0.000025,	0.000055,	0.000095,	0.079998
517,	0.000025,	0.000065,	0.000005,	0.079684
518,	0.000025,	0.000065,	0.000015,	0.079754
519,	0.000025,	0.000065,	0.000025,	0.079833
520,	0.000025,	0.000065,	0.000035,	0.079895
521,	0.000025,	0.000065,	0.000045,	0.079936
522,	0.000025,	0.000065,	0.000055,	0.079963
523,	0.000025,	0.000065,	0.000065,	0.079979
524,	0.000025,	0.000065,	0.000075,	0.079988
525,	0.000025,	0.000065,	0.000085,	0.079994
526,	0.000025,	0.000065,	0.000095,	0.079998
529,	0.000025,	0.000075,	0.000005,	0.079787
530,	0.000025,	0.000075,	0.000015,	0.079825
531,	0.000025,	0.000075,	0.000025,	0.079873
532,	0.000025,	0.000075,	0.000035,	0.079916
533,	0.000025,	0.000075,	0.000045,	0.079947
534,	0.000025,	0.000075,	0.000055,	0.079968
535,	0.000025,	0.000075,	0.000065,	0.079981
536,	0.000025,	0.000075,	0.000075,	0.079990
537,	0.000025,	0.000075,	0.000085,	0.079995
538,	0.000025,	0.000075,	0.000095,	0.079998
541,	0.000025,	0.000085,	0.000005,	0.079857
542,	0.000025,	0.000085,	0.000015,	0.079877
543,	0.000025,	0.000085,	0.000025,	0.079906
544,	0.000025,	0.000085,	0.000035,	0.079934
545,	0.000025,	0.000085,	0.000045,	0.079957
546,	0.000025,	0.000085,	0.000055,	0.079973
547,	0.000025,	0.000085,	0.000065,	0.079984
548,	0.000025,	0.000085,	0.000075,	0.079991
549,	0.000025,	0.000085,	0.000085,	0.079995
550,	0.000025,	0.000085,	0.000095,	0.079999
553,	0.000025,	0.000095,	0.000005,	0.079892
554,	0.000025,	0.000095,	0.000015,	0.079905
555,	0.000025,	0.000095,	0.000025,	0.079925
556,	0.000025,	0.000095,	0.000035,	0.079945
557,	0.000025,	0.000095,	0.000045,	0.079963
558,	0.000025,	0.000095,	0.000055,	0.079976
559,	0.000025,	0.000095,	0.000065,	0.079985
560,	0.000025,	0.000095,	0.000075,	0.079992
561,	0.000025,	0.000095,	0.000085,	0.079996
562,	0.000025,	0.000095,	0.000095,	0.079999
589,	0.000035,	0.000005,	0.000005,	0.079872
590,	0.000035,	0.000005,	0.000015,	0.079888
591,	0.000035,	0.000005,	0.000025,	0.079913
592,	0.000035,	0.000005,	0.000035,	0.079937
593,	0.000035,	0.000005,	0.000045,	0.079958
594,	0.000035,	0.000005,	0.000055,	0.079973
595,	0.000035,	0.000005,	0.000065,	0.079984
596,	0.000035,	0.000005,	0.000075,	0.079991
597,	0.000035,	0.000005,	0.000085,	0.079995
598,	0.000035,	0.000005,	0.000095,	0.079999
601,	0.000035,	0.000015,	0.000005,	0.079830
602,	0.000035,	0.000015,	0.000015,	0.079857
603,	0.000035,	0.000015,	0.000025,	0.079893
604,	0.000035,	0.000015,	0.000035,	0.079926
605,	0.000035,	0.000015,	0.000045,	0.079952
606,	0.000035,	0.000015,	0.000055,	0.079970
607,	0.000035,	0.000015,	0.000065,	0.079982
608,	0.000035,	0.000015,	0.000075,	0.079990
609,	0.000035,	0.000015,	0.000085,	0.079995
610,	0.000035,	0.000015,	0.000095,	0.079999
613,	0.000035,	0.000025,	0.000005,	0.079725
614,	0.000035,	0.000025,	0.000015,	0.079782
615,	0.000035,	0.000025,	0.000025,	0.079849
616,	0.000035,	0.000025,	0.000035,	0.079903
617,	0.000035,	0.000025,	0.000045,	0.079940
618,	0.000035,	0.000025,	0.000055,	0.079964
619,	0.000035,	0.000025,	0.000065,	0.079980
620,	0.000035,	0.000025,	0.000075,	0.079989
621,	0.000035,	0.000025,	0.000085,	0.079995
622,	0.000035,	0.000025,	0.000095,	0.079998
625,	0.000035,	0.000035,	0.000005,	0.079522
626,	0.000035,	0.000035,	0.000015,	0.079657
627,	0.000035,	0.000035,	0.000025,	0.079784
628,	0.000035,	0.000035,	0.000035,	0.079871
629,	0.000035,	0.000035,	0.000045,	0.079925
630,	0.000035,	0.000035,	0.000055,	0.079958
631,	0.000035,	0.000035,	0.000065,	0.079976
632,	0.000035,	0.000035,	0.000075,	0.079987
633,	0.000035,	0.000035,	0.000085,	0.079994
634,	0.000035,	0.000035,	0.000095,	0.079998
637,	0.000035,	0.000045,	0.000005,	0.079193
638,	0.000035,	0.000045,	0.000015,	0.079502
639,	0.000035,	0.000045,	0.000025,	0.079718
640,	0.000035,	0.000045,	0.000035,	0.079843
641,	0.000035,	0.000045,	0.000045,	0.079913
642,	0.000035,	0.000045,	0.000055,	0.079952
643,	0.000035,	0.000045,	0.000065,	0.079974
644,	0.000035,	0.000045,	0.000075,	0.079986
645,	0.000035,	0.000045,	0.000085,	0.079994
646,	0.000035,	0.000045,	0.000095,	0.079998
649,	0.000035,	0.000055,	0.000005,	0.079058
650,	0.000035,	0.000055,	0.000015,	0.079459
651,	0.000035,	0.000055,	0.000025,	0.079703
652,	0.000035,	0.000055,	0.000035,	0.079838
653,	0.000035,	0.000055,	0.000045,	0.079911
654,	0.000035,	0.000055,	0.000055,	0.079951
655,	0.000035,	0.000055,	0.000065,	0.079974
656,	0.000035,	0.000055,	0.000075,	0.079986
657,	0.000035,	0.000055,	0.000085,	0.079993
658,	0.000035,	0.000055,	0.000095,	0.079998
661,	0.000035,	0.000065,	0.000005,	0.079434
662,	0.000035,	0.000065,	0.000015,	0.079608
663,	0.000035,	0.000065,	0.000025,	0.079761
664,	0.000035,	0.000065,	0.000035,	0.079861
665,	0.000035,	0.000065,	0.000045,	0.079921
666,	0.000035,	0.000065,	0.000055,	0.079956
667,	0.000035,	0.000065,	0.000065,	0.079976
668,	0.000035,	0.000065,	0.000075,	0.079987
669,	0.000035,	0.000065,	0.000085,	0.079994
670,	0.000035,	0.000065,	0.000095,	0.079998
673,	0.000035,	0.000075,	0.000005,	0.079677
674,	0.000035,	0.000075,	0.000015,	0.079750
675,	0.000035,	0.000075,	0.000025,	0.079831
676,	0.000035,	0.000075,	0.000035,	0.079893
677,	0.000035,	0.000075,	0.000045,	0.079935
678,	0.000035,	0.000075,	0.000055,	0.079962
679,	0.000035,	0.000075,	0.000065,	0.079979
680,	0.000035,	0.000075,	0.000075,	0.079988
681,	0.000035,	0.000075,	0.000085,	0.079994
682,	0.000035,	0.000075,	0.000095,	0.079998
685,	0.000035,	0.000085,	0.000005,	0.079807
686,	0.000035,	0.000085,	0.000015,	0.079839
687,	0.000035,	0.000085,	0.000025,	0.079882
688,	0.000035,	0.000085,	0.000035,	0.079920
689,	0.000035,	0.000085,	0.000045,	0.079949
690,	0.000035,	0.000085,	0.000055,	0.079969
691,	0.000035,	0.000085,	0.000065,	0.079982
692,	0.000035,	0.000085,	0.000075,	0.079990
693,	0.000035,	0.000085,	0.000085,	0.079995
694,	0.000035,	0.000085,	0.000095,	0.079998
697,	0.000035,	0.000095,	0.000005,	0.079865
698,	0.000035,	0.000095,	0.000015,	0.079883
699,	0.000035,	0.000095,	0.000025,	0.079909
700,	0.000035,	0.000095,	0.000035,	0.079935
701,	0.000035,	0.000095,	0.000045,	0.079957
702,	0.000035,	0.000095,	0.000055,	0.079973
703,	0.000035,	0.000095,	0.000065,	0.079984
704,	0.000035,	0.000095,	0.000075,	0.079991
705,	0.000035,	0.000095,	0.000085,	0.079995
706,	0.000035,	0.000095,	0.000095,	0.079999
733,	0.000045,	0.000005,	0.000005,	0.079854
734,	0.000045,	0.000005,	0.000015,	0.079874
735,	0.000045,	0.000005,	0.000025,	0.079903
736,	0.000045,	0.000005,	0.000035,	0.079931
737,	0.000045,	0.000005,	0.000045,	0.079954
738,	0.000045,	0.000005,	0.000055,	0.079971
739,	0.000045,	0.000005,	0.000065,	0.079983
740,	0.000045,	0.000005,	0.000075,	0.079990
741,	0.000045,	0.000005,	0.000085,	0.079995
742,	0.000045,	0.000005,	0.000095,	0.079999
745,	0.000045,	0.000015,	0.000005,	0.079797
746,	0.000045,	0.000015,	0.000015,	0.079832
747,	0.000045,	0.000015,	0.000025,	0.079878
748,	0.000045,	0.000015,	0.000035,	0.079918
749,	0.000045,	0.000015,	0.000045,	0.079947
750,	0.000045,	0.000015,	0.000055,	0.079968
751,	0.000045,	0.000015,	0.000065,	0.079981
752,	0.000045,	0.000015,	0.000075,	0.079990
753,	0.000045,	0.000015,	0.000085,	0.079995
754,	0.000045,	0.000015,	0.000095,	0.079998
757,	0.000045,	0.000025,	0.000005,	0.079636
758,	0.000045,	0.000025,	0.000015,	0.079727
759,	0.000045,	0.000025,	0.000025,	0.079820
760,	0.000045,	0.000025,	0.000035,	0.079888
761,	0.000045,	0.000025,	0.000045,	0.079933
762,	0.000045,	0.000025,	0.000055,	0.079961
763,	0.000045,	0.000025,	0.000065,	0.079978
764,	0.000045,	0.000025,	0.000075,	0.079988
765,	0.000045,	0.000025,	0.000085,	0.079994
766,	0.000045,	0.000025,	0.000095,	0.079998
769,	0.000045,	0.000035,	0.000005,	0.079243
770,	0.000045,	0.000035,	0.000015,	0.079524
771,	0.000045,	0.000035,	0.000025,	0.079728
772,	0.000045,	0.000035,	0.000035,	0.079847
773,	0.000045,	0.000035,	0.000045,	0.079915
774,	0.000045,	0.000035,	0.000055,	0.079953
775,	0.000045,	0.000035,	0.000065,	0.079974
776,	0.000045,	0.000035,	0.000075,	0.079987
777,	0.000045,	0.000035,	0.000085,	0.079994
778,	0.000045,	0.000035,	0.000095,	0.079998
781,	0.000045,	0.000045,	0.000005,	0.077501
782,	0.000045,	0.000045,	0.000015,	0.079157
783,	0.000045,	0.000045,	0.000025,	0.079623
784,	0.000045,	0.000045,	0.000035,	0.079809
785,	0.000045,	0.000045,	0.000045,	0.079900
786,	0.000045,	0.000045,	0.000055,	0.079947
787,	0.000045,	0.000045,	0.000065,	0.079972
788,	0.000045,	0.000045,	0.000075,	0.079985
789,	0.000045,	0.000045,	0.000085,	0.079993
790,	0.000045,	0.000045,	0.000095,	0.079998
793,	0.000045,	0.000055,	0.000005,	0.076435
794,	0.000045,	0.000055,	0.000015,	0.079005
795,	0.000045,	0.000055,	0.000025,	0.079598
796,	0.000045,	0.000055,	0.000035,	0.079801
797,	0.000045,	0.000055,	0.000045,	0.079897
798,	0.000045,	0.000055,	0.000055,	0.079946
799,	0.000045,	0.000055,	0.000065,	0.079971
800,	0.000045,	0.000055,	0.000075,	0.079985
801,	0.000045,	0.000055,	0.000085,	0.079993
802,	0.000045,	0.000055,	0.000095,	0.079998
805,	0.000045,	0.000065,	0.000005,	0.078978
806,	0.000045,	0.000065,	0.000015,	0.079436
807,	0.000045,	0.000065,	0.000025,	0.079693
808,	0.000045,	0.000065,	0.000035,	0.079834
809,	0.000045,	0.000065,	0.000045,	0.079909
810,	0.000045,	0.000065,	0.000055,	0.079951
811,	0.000045,	0.000065,	0.000065,	0.079973
812,	0.000045,	0.000065,	0.000075,	0.079986
813,	0.000045,	0.000065,	0.000085,	0.079993
814,	0.000045,	0.000065,	0.000095,	0.079998
817,	0.000045,	0.000075,	0.000005,	0.079560
818,	0.000045,	0.000075,	0.000015,	0.079679
819,	0.000045,	0.000075,	0.000025,	0.079795
820,	0.000045,	0.000075,	0.000035,	0.079876
821,	0.000045,	0.000075,	0.000045,	0.079928
822,	0.000045,	0.000075,	0.000055,	0.079959
823,	0.000045,	0.000075,	0.000065,	0.079977
824,	0.000045,	0.000075,	0.000075,	0.079988
825,	0.000045,	0.000075,	0.000085,	0.079994
826,	0.000045,	0.000075,	0.000095,	0.079998
829,	0.000045,	0.000085,	0.000005,	0.079765
830,	0.000045,	0.000085,	0.000015,	0.079809
831,	0.000045,	0.000085,	0.000025,	0.079864
832,	0.000045,	0.000085,	0.000035,	0.079910
833,	0.000045,	0.000085,	0.000045,	0.079944
834,	0.000045,	0.000085,	0.000055,	0.079966
835,	0.000045,	0.000085,	0.000065,	0.079980
836,	0.000045,	0.000085,	0.000075,	0.079989
837,	0.000045,	0.000085,	0.000085,	0.079995
838,	0.000045,	0.000085,	0.000095,	0.079998
841,	0.000045,	0.000095,	0.000005,	0.079845
842,	0.000045,	0.000095,	0.000015,	0.079867
843,	0.000045,	0.000095,	0.000025,	0.079898
844,	0.000045,	0.000095,	0.000035,	0.079929
845,	0.000045,	0.000095,	0.000045,	0.079953
846,	0.000045,	0.000095,	0.000055,	0.079971
847,	0.000045,	0.000095,	0.000065,	0.079983
848,	0.000045,	0.000095,	0.000075,	0.079990
849,	0.000045,	0.000095,	0.000085,	0.079995
850,	0.000045,	0.000095,	0.000095,	0.079999
877,	0.000055,	0.000005,	0.000005,	0.079853
878,	0.000055,	0.000005,	0.000015,	0.079874
879,	0.000055,	0.000005,	0.000025,	0.079903
880,	0.000055,	0.000005,	0.000035,	0.079931
881,	0.000055,	0.000005,	0.000045,	0.079954
882,	0.000055,	0.000005,	0.000055,	0.079971
883,	0.000055,	0.000005,	0.000065,	0.079983
884,	0.000055,	0.000005,	0.000075,	0.079990
885,	0.000055,	0.000005,	0.000085,	0.079995
886,	0.000055,	0.000005,	0.000095,	0.079999
889,	0.000055,	0.000015,	0.000005,	0.079796
890,	0.000055,	0.000015,	0.000015,	0.079832
891,	0.000055,	0.000015,	0.000025,	0.079878
892,	0.000055,	0.000015,	0.000035,	0.079918
893,	0.000055,	0.000015,	0.000045,	0.079947
894,	0.000055,	0.000015,	0.000055,	0.079968
895,	0.000055,	0.000015,	0.000065,	0.079981
896,	0.000055,	0.000015,	0.000075,	0.079990
897,	0.000055,	0.000015,	0.000085,	0.079995
898,	0.000055,	0.000015,	0.000095,	0.079998
901,	0.000055,	0.000025,	0.000005,	0.079636
902,	0.000055,	0.000025,	0.000015,	0.079727
903,	0.000055,	0.000025,	0.000025,	0.079820
904,	0.000055,	0.000025,	0.000035,	0.079888
905,	0.000055,	0.000025,	0.000045,	0.079933
906,	0.000055,	0.000025,	0.000055,	0.079961
907,	0.000055,	0.000025,	0.000065,	0.079978
908,	0.000055,	0.000025,	0.000075,	0.079988
909,	0.000055,	0.000025,	0.000085,	0.079994
910,	0.000055,	0.000025,	0.000095,	0.079998
913,	0.000055,	0.000035,	0.000005,	0.079239
914,	0.000055,	0.000035,	0.000015,	0.079523
915,	0.000055,	0.000035,	0.000025,	0.079727
916,	0.000055,	0.000035,	0.000035,	0.079847
917,	0.000055,	0.000035,	0.000045,	0.079915
918,	0.000055,	0.000035,	0.000055,	0.079953
919,	0.000055,	0.000035,	0.000065,	0.079974
920,	0.000055,	0.000035,	0.000075,	0.079987
921,	0.000055,	0.000035,	0.000085,	0.079994
922,	0.000055,	0.000035,	0.000095,	0.079998
925,	0.000055,	0.000045,	0.000005,	0.077470
926,	0.000055,	0.000045,	0.000015,	0.079164
927,	0.000055,	0.000045,	0.000025,	0.079623
928,	0.000055,	0.000045,	0.000035,	0.079809
929,	0.000055,	0.000045,	0.000045,	0.079900
930,	0.000055,	0.000045,	0.000055,	0.079947
931,	0.000055,	0.000045,	0.000065,	0.079972
932,	0.000055,	0.000045,	0.000075,	0.079985
933,	0.000055,	0.000045,	0.000085,	0.079993
934,	0.000055,	0.000045,	0.000095,	0.079998
937,	0.000055,	0.000055,	0.000005,	0.076406
938,	0.000055,	0.000055,	0.000015,	0.079011
939,	0.000055,	0.000055,	0.000025,	0.079597
940,	0.000055,	0.000055,	0.000035,	0.079801
941,	0.000055,	0.000055,	0.000045,	0.079897
942,	0.000055,	0.000055,	0.000055,	0.079946
943,	0.000055,	0.000055,	0.000065,	0.079971
944,	0.000055,	0.000055,	0.000075,	0.079985
945,	0.000055,	0.000055,	0.000085,	0.079993
946,	0.000055,	0.000055,	0.000095,	0.079998
949,	0.000055,	0.000065,	0.000005,	0.078967
950,	0.000055,	0.000065,	0.000015,	0.079435
951,	0.000055,	0.000065,	0.000025,	0.079693
952,	0.000055,	0.000065,	0.000035,	0.079834
953,	0.000055,	0.000065,	0.000045,	0.079909
954,	0.000055,	0.000065,	0.000055,	0.079951
955,	0.000055,	0.000065,	0.000065,	0.079973
956,	0.000055,	0.000065,	0.000075,	0.079986
957,	0.000055,	0.000065,	0.000085,	0.079993
958,	0.000055,	0.000065,	0.000095,	0.079998
961,	0.000055,	0.000075,	0.000005,	0.079560
962,	0.000055,	0.000075,	0.000015,	0.079679
963,	0.000055,	0.000075,	0.000025,	0.079795
964,	0.000055,	0.000075,	0.000035,	0.079876
965,	0.000055,	0.000075,	0.000045,	0.079928
966,	0.000055,	0.000075,	0.000055,	0.079959
967,	0.000055,	0.000075,	0.000065,	0.079977
968,	0.000055,	0.000075,	0.000075,	0.079988
969,	0.000055,	0.000075,	0.000085,	0.079994
970,	0.000055,	0.000075,	0.000095,	0.079998
973,	0.000055,	0.000085,	0.000005,	0.079765
974,	0.000055,	0.000085,	0.000015,	0.079809
975,	0.000055,	0.000085,	0.000025,	0.079864
976,	0.000055,	0.000085,	0.000035,	0.079910
977,	0.000055,	0.000085,	0.000045,	0.079944
978,	0.000055,	0.000085,	0.000055,	0.079966
979,	0.000055,	0.000085,	0.000065,	0.079980
980,	0.000055,	0.000085,	0.000075,	0.079989
981,	0.000055,	0.000085,	0.000085,	0.079995
982,	0.000055,	0.000085,	0.000095,	0.079998
985,	0.000055,	0.000095,	0.000005,	0.079845
986,	0.000055,	0.000095,	0.000015,	0.079867
987,	0.000055,	0.000095,	0.000025,	0.079898
988,	0.000055,	0.000095,	0.000035,	0.079929
989,	0.000055,	0.000095,	0.000045,	0.079953
990,	0.000055,	0.000095,	0.000055,	0.079971
991,	0.000055,	0.000095,	0.000065,	0.079983
992,	0.000055,	0.000095,	0.000075,	0.079990
993,	0.000055,	0.000095,	0.000085,	0.079995
994,	0.000055,	0.000095,	0.000095,	0.079999
1021,	0.000065,	0.000005,	0.000005,	0.079872
1022,	0.000065,	0.000005,	0.000015,	0.079888
1023,	0.000065,	0.000005,	0.000025,	0.079913
1024,	0.000065,	0.000005,	0.000035,	0.079937
1025,	0.000065,	0.000005,	0.000045,	0.079958
1026,	0.000065,	0.000005,	0.000055,	0.079973
1027,	0.000065,	0.000005,	0.000065,	0.079984
1028,	0.000065,	0.000005,	0.000075,	0.079991
1029,	0.000065,	0.000005,	0.000085,	0.079995
1030,	0.000065,	0.000005,	0.000095,	0.079999
1033,	0.000065,	0.000015,	0.000005,	0.079830
1034,	0.000065,	0.000015,	0.000015,	0.079857
1035,	0.000065,	0.000015,	0.000025,	0.079893
1036,	0.000065,	0.000015,	0.000035,	0.079926
1037,	0.000065,	0.000015,	0.000045,	0.079952
1038,	0.000065,	0.000015,	0.000055,	0.079970
1039,	0.000065,	0.000015,	0.000065,	0.079982
1040,	0.000065,	0.000015,	0.000075,	0.079990
1041,	0.000065,	0.000015,	0.000085,	0.079995
1042,	0.000065,	0.000015,	0.000095,	0.079999
1045,	0.000065,	0.000025,	0.000005,	0.079724
1046,	0.000065,	0.000025,	0.000015,	0.079782
1047,	0.000065,	0.000025,	0.000025,	0.079849
1048,	0.000065,	0.000025,	0.000035,	0.079902
1049,	0.000065,	0.000025,	0.000045,	0.079940
1050,	0.000065,	0.000025,	0.000055,	0.079964
1051,	0.000065,	0.000025,	0.000065,	0.079980
1052,	0.000065,	0.000025,	0.000075,	0.079989
1053,	0.000065,	0.000025,	0.000085,	0.079995
1054,	0.000065,	0.000025,	0.000095,	0.079998
1057,	0.000065,	0.000035,	0.000005,	0.079520
1058,	0.000065,	0.000035,	0.000015,	0.079656
1059,	0.000065,	0.000035,	0.000025,	0.079783
1060,	0.000065,	0.000035,	0.000035,	0.079871
1061,	0.000065,	0.000035,	0.000045,	0.079925
1062,	0.000065,	0.000035,	0.000055,	0.079957
1063,	0.000065,	0.000035,	0.000065,	0.079976
1064,	0.000065,	0.000035,	0.000075,	0.079987
1065,	0.000065,	0.000035,	0.000085,	0.079994
1066,	0.000065,	0.000035,	0.000095,	0.079998
1069,	0.000065,	0.000045,	0.000005,	0.079183
1070,	0.000065,	0.000045,	0.000015,	0.079500
1071,	0.000065,	0.000045,	0.000025,	0.079717
1072,	0.000065,	0.000045,	0.000035,	0.079843
1073,	0.000065,	0.000045,	0.000045,	0.079913
1074,	0.000065,	0.000045,	0.000055,	0.079952
1075,	0.000065,	0.000045,	0.000065,	0.079974
1076,	0.000065,	0.000045,	0.000075,	0.079986
1077,	0.000065,	0.000045,	0.000085,	0.079994
1078,	0.000065,	0.000045,	0.000095,	0.079998
1081,	0.000065,	0.000055,	0.000005,	0.079050
1082,	0.000065,	0.000055,	0.000015,	0.079458
1083,	0.000065,	0.000055,	0.000025,	0.079703
1084,	0.000065,	0.000055,	0.000035,	0.079838
1085,	0.000065,	0.000055,	0.000045,	0.079911
1086,	0.000065,	0.000055,	0.000055,	0.079951
1087,	0.000065,	0.000055,	0.000065,	0.079974
1088,	0.000065,	0.000055,	0.000075,	0.079986
1089,	0.000065,	0.000055,	0.000085,	0.079993
1090,	0.000065,	0.000055,	0.000095,	0.079998
1093,	0.000065,	0.000065,	0.000005,	0.079432
1094,	0.000065,	0.000065,	0.000015,	0.079607
1095,	0.000065,	0.000065,	0.000025,	0.079761
1096,	0.000065,	0.000065,	0.000035,	0.079861
1097,	0.000065,	0.000065,	0.000045,	0.079921
1098,	0.000065,	0.000065,	0.000055,	0.079955
1099,	0.000065,	0.000065,	0.000065,	0.079976
1100,	0.000065,	0.000065,	0.000075,	0.079987
1101,	0.000065,	0.000065,	0.000085,	0.079994
1102,	0.000065,	0.000065,	0.000095,	0.079998
1105,	0.000065,	0.000075,	0.000005,	0.079676
1106,	0.000065,	0.000075,	0.000015,	0.079749
1107,	0.000065,	0.000075,	0.000025,	0.079830
1108,	0.000065,	0.000075,	0.000035,	0.079893
1109,	0.000065,	0.000075,	0.000045,	0.079935
1110,	0.000065,	0.000075,	0.000055,	0.079962
1111,	0.000065,	0.000075,	0.000065,	0.079979
1112,	0.000065,	0.000075,	0.000075,	0.079988
1113,	0.000065,	0.000075,	0.000085,	0.079994
1114,	0.000065,	0.000075,	0.000095,	0.079998
1117,	0.000065,	0.000085,	0.000005,	0.079807
1118,	0.000065,	0.000085,	0.000015,	0.079839
1119,	0.000065,	0.000085,	0.000025,	0.079882
1120,	0.000065,	0.000085,	0.000035,	0.079920
1121,	0.000065,	0.000085,	0.000045,	0.079949
1122,	0.000065,	0.000085,	0.000055,	0.079969
1123,	0.000065,	0.000085,	0.000065,	0.079982
1124,	0.000065,	0.000085,	0.000075,	0.079990
1125,	0.000065,	0.000085,	0.000085,	0.079995
1126,	0.000065,	0.000085,	0.000095,	0.079998
1129,	0.000065,	0.000095,	0.000005,	0.079865
1130,	0.000065,	0.000095,	0.000015,	0.079883
1131,	0.000065,	0.000095,	0.000025,	0.079909
1132,	0.000065,	0.000095,	0.000035,	0.079935
1133,	0.000065,	0.000095,	0.000045,	0.079957
1134,	0.000065,	0.000095,	0.000055,	0.079973
1135,	0.000065,	0.000095,	0.000065,	0.079984
1136,	0.000065,	0.000095,	0.000075,	0.079991
1137,	0.000065,	0.000095,	0.000085,	0.079995
1138,	0.000065,	0.000095,	0.000095,	0.079999
1165,	0.000075,	0.000005,	0.000005,	0.079896
1166,	0.000075,	0.000005,	0.000015,	0.079908
1167,	0.000075,	0.000005,	0.000025,	0.079927
1168,	0.000075,	0.000005,	0.000035,	0.079947
1169,	0.000075,	0.000005,	0.000045,	0.079963
1170,	0.000075,	0.000005,	0.000055,	0.079976
1171,	0.000075,	0.000005,	0.000065,	0.079986
1172,	0.000075,	0.000005,	0.000075,	0.079992
1173,	0.000075,	0.000005,	0.000085,	0.079996
1174,	0.000075,	0.000005,	0.000095,	0.079999
1177,	0.000075,	0.000015,	0.000005,	0.079871
1178,	0.000075,	0.000015,	0.000015,	0.079888
1179,	0.000075,	0.000015,	0.000025,	0.079913
1180,	0.000075,	0.000015,	0.000035,	0.079938
1181,	0.000075,	0.000015,	0.000045,	0.079959
1182,	0.000075,	0.000015,	0.000055,	0.079974
1183,	0.000075,	0.000015,	0.000065,	0.079984
1184,	0.000075,	0.000015,	0.000075,	0.079991
1185,	0.000075,	0.000015,	0.000085,	0.079996
1186,	0.000075,	0.000015,	0.000095,	0.079999
1189,	0.000075,	0.000025,	0.000005,	0.079812
1190,	0.000075,	0.000025,	0.000015,	0.079843
1191,	0.000075,	0.000025,	0.000025,	0.079885
1192,	0.000075,	0.000025,	0.000035,	0.079922
1193,	0.000075,	0.000025,	0.000045,	0.079950
1194,	0.000075,	0.000025,	0.000055,	0.079969
1195,	0.000075,	0.000025,	0.000065,	0.079982
1196,	0.000075,	0.000025,	0.000075,	0.079990
1197,	0.000075,	0.000025,	0.000085,	0.079995
1198,	0.000075,	0.000025,	0.000095,	0.079999
1201,	0.000075,	0.000035,	0.000005,	0.079717
1202,	0.000075,	0.000035,	0.000015,	0.079777
1203,	0.000075,	0.000035,	0.000025,	0.079846
1204,	0.000075,	0.000035,	0.000035,	0.079901
1205,	0.000075,	0.000035,	0.000045,	0.079939
1206,	0.000075,	0.000035,	0.000055,	0.079964
1207,	0.000075,	0.000035,	0.000065,	0.079979
1208,	0.000075,	0.000035,	0.000075,	0.079989
1209,	0.000075,	0.000035,	0.000085,	0.079995
1210,	0.000075,	0.000035,	0.000095,	0.079998
1213,	0.000075,	0.000045,	0.000005,	0.079610
1214,	0.000075,	0.000045,	0.000015,	0.079710
1215,	0.000075,	0.000045,	0.000025,	0.079811
1216,	0.000075,	0.000045,	0.000035,	0.079884
1217,	0.000075,	0.000045,	0.000045,	0.079931
1218,	0.000075,	0.000045,	0.000055,	0.079960
1219,	0.000075,	0.000045,	0.000065,	0.079978
1220,	0.000075,	0.000045,	0.000075,	0.079988
1221,	0.000075,	0.000045,	0.000085,	0.079994
1222,	0.000075,	0.000045,	0.000095,	0.079998
1225,	0.000075,	0.000055,	0.000005,	0.079583
1226,	0.000075,	0.000055,	0.000015,	0.079695
1227,	0.000075,	0.000055,	0.000025,	0.079804
1228,	0.000075,	0.000055,	0.000035,	0.079881
1229,	0.000075,	0.000055,	0.000045,	0.079930
1230,	0.000075,	0.000055,	0.000055,	0.079960
1231,	0.000075,	0.000055,	0.000065,	0.079977
1232,	0.000075,	0.000055,	0.000075,	0.079988
1233,	0.000075,	0.000055,	0.000085,	0.079994
1234,	0.000075,	0.000055,	0.000095,	0.079998
1237,	0.000075,	0.000065,	0.000005,	0.079683
1238,	0.000075,	0.000065,	0.000015,	0.079754
1239,	0.000075,	0.000065,	0.000025,	0.079833
1240,	0.000075,	0.000065,	0.000035,	0.079895
1241,	0.000075,	0.000065,	0.000045,	0.079936
1242,	0.000075,	0.000065,	0.000055,	0.079963
1243,	0.000075,	0.000065,	0.000065,	0.079979
1244,	0.000075,	0.000065,	0.000075,	0.079988
1245,	0.000075,	0.000065,	0.000085,	0.079994
1246,	0.000075,	0.000065,	0.000095,	0.079998
1249,	0.000075,	0.000075,	0.000005,	0.079786
1250,	0.000075,	0.000075,	0.000015,	0.079825
1251,	0.000075,	0.000075,	0.000025,	0.079873
1252,	0.000075,	0.000075,	0.000035,	0.079915
1253,	0.000075,	0.000075,	0.000045,	0.079947
1254,	0.000075,	0.000075,	0.000055,	0.079968
1255,	0.000075,	0.000075,	0.000065,	0.079981
1256,	0.000075,	0.000075,	0.000075,	0.079990
1257,	0.000075,	0.000075,	0.000085,	0.079995
1258,	0.000075,	0.000075,	0.000095,	0.079998
1261,	0.000075,	0.000085,	0.000005,	0.079857
1262,	0.000075,	0.000085,	0.000015,	0.079877
1263,	0.000075,	0.000085,	0.000025,	0.079906
1264,	0.000075,	0.000085,	0.000035,	0.079934
1265,	0.000075,	0.000085,	0.000045,	0.079956
1266,	0.000075,	0.000085,	0.000055,	0.079973
1267,	0.000075,	0.000085,	0.000065,	0.079984
1268,	0.000075,	0.000085,	0.000075,	0.079991
1269,	0.000075,	0.000085,	0.000085,	0.079995
1270,	0.000075,	0.000085,	0.000095,	0.079999
1273,	0.000075,	0.000095,	0.000005,	0.079892
1274,	0.000075,	0.000095,	0.000015,	0.079905
1275,	0.000075,	0.000095,	0.000025,	0.079925
1276,	0.000075,	0.000095,	0.000035,	0.079945
1277,	0.000075,	0.000095,	0.000045,	0.079963
1278,	0.000075,	0.000095,	0.000055,	0.079976
1279,	0.000075,	0.000095,	0.000065,	0.079985
1280,	0.000075,	0.000095,	0.000075,	0.079992
1281,	0.000075,	0.000095,	0.000085,	0.079996
1282,	0.000075,	0.000095,	0.000095,	0.079999
1309,	0.000085,	0.000005,	0.000005,	0.079918
1310,	0.000085,	0.000005,	0.000015,	0.079926
1311,	0.000085,	0.000005,	0.000025,	0.079940
1312,	0.000085,	0.000005,	0.000035,	0.079955
1313,	0.000085,	0.000005,	0.000045,	0.079968
1314,	0.000085,	0.000005,	0.000055,	0.079979
1315,	0.000085,	0.000005,	0.000065,	0.079987
1316,	0.000085,	0.000005,	0.000075,	0.079992
1317,	0.000085,	0.000005,	0.000085,	0.079996
1318,	0.000085,	0.000005,	0.000095,	0.079999
1321,	0.000085,	0.000015,	0.000005,	0.079902
1322,	0.000085,	0.000015,	0.000015,	0.079914
1323,	0.000085,	0.000015,	0.000025,	0.079931
1324,	0.000085,	0.000015,	0.000035,	0.079949
1325,	0.000085,	0.000015,	0.000045,	0.079965
1326,	0.000085,	0.000015,	0.000055,	0.079977
1327,	0.000085,	0.000015,	0.000065,	0.079986
1328,	0.000085,	0.000015,	0.000075,	0.079992
1329,	0.000085,	0.000015,	0.000085,	0.079996
1330,	0.000085,	0.000015,	0.000095,	0.079999
1333,	0.000085,	0.000025,	0.000005,	0.079870
1334,	0.000085,	0.000025,	0.000015,	0.079888
1335,	0.000085,	0.000025,	0.000025,	0.079913
1336,	0.000085,	0.000025,	0.000035,	0.079938
1337,	0.000085,	0.000025,	0.000045,	0.079959
1338,	0.000085,	0.000025,	0.000055,	0.079974
1339,	0.000085,	0.000025,	0.000065,	0.079984
1340,	0.000085,	0.000025,	0.000075,	0.079991
1341,	0.000085,	0.000025,	0.000085,	0.079996
1342,	0.000085,	0.000025,	0.000095,	0.079999
1345,	0.000085,	0.000035,	0.000005,	0.079826
1346,	0.000085,	0.000035,	0.000015,	0.079853
1347,	0.000085,	0.000035,	0.000025,	0.079891
1348,	0.000085,	0.000035,	0.000035,	0.079925
1349,	0.000085,	0.000035,	0.000045,	0.079951
1350,	0.000085,	0.000035,	0.000055,	0.079970
1351,	0.000085,	0.000035,	0.000065,	0.079982
1352,	0.000085,	0.000035,	0.000075,	0.079990
1353,	0.000085,	0.000035,	0.000085,	0.079995
1354,	0.000085,	0.000035,	0.000095,	0.079999
1357,	0.000085,	0.000045,	0.000005,	0.079784
1358,	0.000085,	0.000045,	0.000015,	0.079823
1359,	0.000085,	0.000045,	0.000025,	0.079872
1360,	0.000085,	0.000045,	0.000035,	0.079915
1361,	0.000085,	0.000045,	0.000045,	0.079946
1362,	0.000085,	0.000045,	0.000055,	0.079967
1363,	0.000085,	0.000045,	0.000065,	0.079981
1364,	0.000085,	0.000045,	0.000075,	0.079989
1365,	0.000085,	0.000045,	0.000085,	0.079995
1366,	0.000085,	0.000045,	0.000095,	0.079998
1369,	0.000085,	0.000055,	0.000005,	0.079776
1370,	0.000085,	0.000055,	0.000015,	0.079818
1371,	0.000085,	0.000055,	0.000025,	0.079869
1372,	0.000085,	0.000055,	0.000035,	0.079913
1373,	0.000085,	0.000055,	0.000045,	0.079945
1374,	0.000085,	0.000055,	0.000055,	0.079967
1375,	0.000085,	0.000055,	0.000065,	0.079981
1376,	0.000085,	0.000055,	0.000075,	0.079989
1377,	0.000085,	0.000055,	0.000085,	0.079995
1378,	0.000085,	0.000055,	0.000095,	0.079998
1381,	0.000085,	0.000065,	0.000005,	0.079811
1382,	0.000085,	0.000065,	0.000015,	0.079842
1383,	0.000085,	0.000065,	0.000025,	0.079884
1384,	0.000085,	0.000065,	0.000035,	0.079921
1385,	0.000085,	0.000065,	0.000045,	0.079949
1386,	0.000085,	0.000065,	0.000055,	0.079969
1387,	0.000085,	0.000065,	0.000065,	0.079982
1388,	0.000085,	0.000065,	0.000075,	0.079990
1389,	0.000085,	0.000065,	0.000085,	0.079995
1390,	0.000085,	0.000065,	0.000095,	0.079998
1393,	0.000085,	0.000075,	0.000005,	0.079857
1394,	0.000085,	0.000075,	0.000015,	0.079877
1395,	0.000085,	0.000075,	0.000025,	0.079906
1396,	0.000085,	0.000075,	0.000035,	0.079934
1397,	0.000085,	0.000075,	0.000045,	0.079956
1398,	0.000085,	0.000075,	0.000055,	0.079973
1399,	0.000085,	0.000075,	0.000065,	0.079984
1400,	0.000085,	0.000075,	0.000075,	0.079991
1401,	0.000085,	0.000075,	0.000085,	0.079995
1402,	0.000085,	0.000075,	0.000095,	0.079999
1405,	0.000085,	0.000085,	0.000005,	0.079894
1406,	0.000085,	0.000085,	0.000015,	0.079907
1407,	0.000085,	0.000085,	0.000025,	0.079926
1408,	0.000085,	0.000085,	0.000035,	0.079946
1409,	0.000085,	0.000085,	0.000045,	0.079963
1410,	0.000085,	0.000085,	0.000055,	0.079976
1411,	0.000085,	0.000085,	0.000065,	0.079986
1412,	0.000085,	0.000085,	0.000075,	0.079992
1413,	0.000085,	0.000085,	0.000085,	0.079996
1414,	0.000085,	0.000085,	0.000095,	0.079999
1417,	0.000085,	0.000095,	0.000005,	0.079915
1418,	0.000085,	0.000095,	0.000015,	0.079924
1419,	0.000085,	0.000095,	0.000025,	0.079938
1420,	0.000085,	0.000095,	0.000035,	0.079954
1421,	0.000085,	0.000095,	0.000045,	0.079968
1422,	0.000085,	0.000095,	0.000055,	0.079979
1423,	0.000085,	0.000095,	0.000065,	0.079987
1424,	0.000085,	0.000095,	0.000075,	0.079992
1425,	0.000085,	0.000095,	0.000085,	0.079996
1426,	0.000085,	0.000095,	0.000095,	0.079999
1453,	0.000095,	0.000005,	0.000005,	0.079929
1454,	0.000095,	0.000005,	0.000015,	0.079936
1455,	0.000095,	0.000005,	0.000025,	0.079947
1456,	0.000095,	0.000005,	0.000035,	0.079960
1457,	0.000095,	0.000005,	0.000045,	0.079972
1458,	0.000095,	0.000005,	0.000055,	0.079981
1459,	0.000095,	0.000005,	0.000065,	0.079988
1460,	0.000095,	0.000005,	0.000075,	0.079993
1461,	0.000095,	0.000005,	0.000085,	0.079996
1462,	0.000095,	0.000005,	0.000095,	0.079999
1465,	0.000095,	0.000015,	0.000005,	0.079919
1466,	0.000095,	0.000015,	0.000015,	0.079927
1467,	0.000095,	0.000015,	0.000025,	0.079941
1468,	0.000095,	0.000015,	0.000035,	0.079956
1469,	0.000095,	0.000015,	0.000045,	0.079969
1470,	0.000095,	0.000015,	0.000055,	0.079979
1471,	0.000095,	0.000015,	0.000065,	0.079987
1472,	0.000095,	0.000015,	0.000075,	0.079993
1473,	0.000095,	0.000015,	0.000085,	0.079996
1474,	0.000095,	0.000015,	0.000095,	0.079999
1477,	0.000095,	0.000025,	0.000005,	0.079898
1478,	0.000095,	0.000025,	0.000015,	0.079910
1479,	0.000095,	0.000025,	0.000025,	0.079928
1480,	0.000095,	0.000025,	0.000035,	0.079947
1481,	0.000095,	0.000025,	0.000045,	0.079964
1482,	0.000095,	0.000025,	0.000055,	0.079977
1483,	0.000095,	0.000025,	0.000065,	0.079986
1484,	0.000095,	0.000025,	0.000075,	0.079992
1485,	0.000095,	0.000025,	0.000085,	0.079996
1486,	0.000095,	0.000025,	0.000095,	0.079999
1489,	0.000095,	0.000035,	0.000005,	0.079872
1490,	0.000095,	0.000035,	0.000015,	0.079889
1491,	0.000095,	0.000035,	0.000025,	0.079913
1492,	0.000095,	0.000035,	0.000035,	0.079938
1493,	0.000095,	0.000035,	0.000045,	0.079958
1494,	0.000095,	0.000035,	0.000055,	0.079973
1495,	0.000095,	0.000035,	0.000065,	0.079984
1496,	0.000095,	0.000035,	0.000075,	0.079991
1497,	0.000095,	0.000035,	0.000085,	0.079995
1498,	0.000095,	0.000035,	0.000095,	0.079999
1501,	0.000095,	0.000045,	0.000005,	0.079851
1502,	0.000095,	0.000045,	0.000015,	0.079871
1503,	0.000095,	0.000045,	0.000025,	0.079901
1504,	0.000095,	0.000045,	0.000035,	0.079931
1505,	0.000095,	0.000045,	0.000045,	0.079954
1506,	0.000095,	0.000045,	0.000055,	0.079971
1507,	0.000095,	0.000045,	0.000065,	0.079983
1508,	0.000095,	0.000045,	0.000075,	0.079990
1509,	0.000095,	0.000045,	0.000085,	0.079995
1510,	0.000095,	0.000045,	0.000095,	0.079999
1513,	0.000095,	0.000055,	0.000005,	0.079847
1514,	0.000095,	0.000055,	0.000015,	0.079869
1515,	0.000095,	0.000055,	0.000025,	0.079900
1516,	0.000095,	0.000055,	0.000035,	0.079929
1517,	0.000095,	0.000055,	0.000045,	0.079953
1518,	0.000095,	0.000055,	0.000055,	0.079971
1519,	0.000095,	0.000055,	0.000065,	0.079983
1520,	0.000095,	0.000055,	0.000075,	0.079990
1521,	0.000095,	0.000055,	0.000085,	0.079995
1522,	0.000095,	0.000055,	0.000095,	0.079999
1525,	0.000095,	0.000065,	0.000005,	0.079864
1526,	0.000095,	0.000065,	0.000015,	0.079882
1527,	0.000095,	0.000065,	0.000025,	0.079909
1528,	0.000095,	0.000065,	0.000035,	0.079935
1529,	0.000095,	0.000065,	0.000045,	0.079957
1530,	0.000095,	0.000065,	0.000055,	0.079973
1531,	0.000095,	0.000065,	0.000065,	0.079984
1532,	0.000095,	0.000065,	0.000075,	0.079991
1533,	0.000095,	0.000065,	0.000085,	0.079995
1534,	0.000095,	0.000065,	0.000095,	0.079999
1537,	0.000095,	0.000075,	0.000005,	0.079890
1538,	0.000095,	0.000075,	0.000015,	0.079903
1539,	0.000095,	0.000075,	0.000025,	0.079923
1540,	0.000095,	0.000075,	0.000035,	0.079944
1541,	0.000095,	0.000075,	0.000045,	0.079962
1542,	0.000095,	0.000075,	0.000055,	0.079976
1543,	0.000095,	0.000075,	0.000065,	0.079985
1544,	0.000095,	0.000075,	0.000075,	0.079991
1545,	0.000095,	0.000075,	0.000085,	0.079996
1546,	0.000095,	0.000075,	0.000095,	0.079999
1549,	0.000095,	0.000085,	0.000005,	0.079914
1550,	0.000095,	0.000085,	0.000015,	0.079923
1551,	0.000095,	0.000085,	0.000025,	0.079937
1552,	0.000095,	0.000085,	0.000035,	0.079953
1553,	0.000095,	0.000085,	0.000045,	0.079967
1554,	0.000095,	0.000085,	0.000055,	0.079979
1555,	0.000095,	0.000085,	0.000065,	0.079987
1556,	0.000095,	0.000085,	0.000075,	0.079992
1557,	0.000095,	0.000085,	0.000085,	0.079996
1558,	0.000095,	0.000085,	0.000095,	0.079999
1561,	0.000095,	0.000095,	0.000005,	0.079927
1562,	0.000095,	0.000095,	0.000015,	0.079934
1563,	0.000095,	0.000095,	0.000025,	0.079946
1564,	0.000095,	0.000095,	0.000035,	0.079959
1565,	0.000095,	0.000095,	0.000045,	0.079971
1566,	0.000095,	0.000095,	0.000055,	0.079981
1567,	0.000095,	0.000095,	0.000065,	0.079988
1568,	0.000095,	0.000095,	0.000075,	0.079993
1569,	0.000095,	0.000095,	0.000085,	0.079996
1570,	0.000095,	0.000095,	0.000095,	0.079999
