,x,y,z,scalar,1,1,1,0.5
157,	0.000005,	0.000005,	0.000005,	0.079992
158,	0.000005,	0.000005,	0.000015,	0.079993
159,	0.000005,	0.000005,	0.000025,	0.079995
160,	0.000005,	0.000005,	0.000035,	0.079997
161,	0.000005,	0.000005,	0.000045,	0.079998
162,	0.000005,	0.000005,	0.000055,	0.079999
163,	0.000005,	0.000005,	0.000065,	0.079999
164,	0.000005,	0.000005,	0.000075,	0.080000
165,	0.000005,	0.000005,	0.000085,	0.080000
166,	0.000005,	0.000005,	0.000095,	0.080000
169,	0.000005,	0.000015,	0.000005,	0.079989
170,	0.000005,	0.000015,	0.000015,	0.079991
171,	0.000005,	0.000015,	0.000025,	0.079993
172,	0.000005,	0.000015,	0.000035,	0.079996
173,	0.000005,	0.000015,	0.000045,	0.079998
174,	0.000005,	0.000015,	0.000055,	0.079999
175,	0.000005,	0.000015,	0.000065,	0.079999
176,	0.000005,	0.000015,	0.000075,	0.080000
177,	0.000005,	0.000015,	0.000085,	0.080000
178,	0.000005,	0.000015,	0.000095,	0.080000
181,	0.000005,	0.000025,	0.000005,	0.079984
182,	0.000005,	0.000025,	0.000015,	0.079986
183,	0.000005,	0.000025,	0.000025,	0.079990
184,	0.000005,	0.000025,	0.000035,	0.079994
185,	0.000005,	0.000025,	0.000045,	0.079997
186,	0.000005,	0.000025,	0.000055,	0.079998
187,	0.000005,	0.000025,	0.000065,	0.079999
188,	0.000005,	0.000025,	0.000075,	0.080000
189,	0.000005,	0.000025,	0.000085,	0.080000
190,	0.000005,	0.000025,	0.000095,	0.080000
193,	0.000005,	0.000035,	0.000005,	0.079976
194,	0.000005,	0.000035,	0.000015,	0.079980
195,	0.000005,	0.000035,	0.000025,	0.079986
196,	0.000005,	0.000035,	0.000035,	0.079992
197,	0.000005,	0.000035,	0.000045,	0.079995
198,	0.000005,	0.000035,	0.000055,	0.079998
199,	0.000005,	0.000035,	0.000065,	0.079999
200,	0.000005,	0.000035,	0.000075,	0.080000
201,	0.000005,	0.000035,	0.000085,	0.080000
202,	0.000005,	0.000035,	0.000095,	0.080000
205,	0.000005,	0.000045,	0.000005,	0.079969
206,	0.000005,	0.000045,	0.000015,	0.079975
207,	0.000005,	0.000045,	0.000025,	0.079983
208,	0.000005,	0.000045,	0.000035,	0.079990
209,	0.000005,	0.000045,	0.000045,	0.079995
210,	0.000005,	0.000045,	0.000055,	0.079997
211,	0.000005,	0.000045,	0.000065,	0.079999
212,	0.000005,	0.000045,	0.000075,	0.079999
213,	0.000005,	0.000045,	0.000085,	0.080000
214,	0.000005,	0.000045,	0.000095,	0.080000
217,	0.000005,	0.000055,	0.000005,	0.079968
218,	0.000005,	0.000055,	0.000015,	0.079974
219,	0.000005,	0.000055,	0.000025,	0.079983
220,	0.000005,	0.000055,	0.000035,	0.079990
221,	0.000005,	0.000055,	0.000045,	0.079994
222,	0.000005,	0.000055,	0.000055,	0.079997
223,	0.000005,	0.000055,	0.000065,	0.079999
224,	0.000005,	0.000055,	0.000075,	0.079999
225,	0.000005,	0.000055,	0.000085,	0.080000
226,	0.000005,	0.000055,	0.000095,	0.080000
229,	0.000005,	0.000065,	0.000005,	0.079973
230,	0.000005,	0.000065,	0.000015,	0.079978
231,	0.000005,	0.000065,	0.000025,	0.079985
232,	0.000005,	0.000065,	0.000035,	0.079991
233,	0.000005,	0.000065,	0.000045,	0.079995
234,	0.000005,	0.000065,	0.000055,	0.079998
235,	0.000005,	0.000065,	0.000065,	0.079999
236,	0.000005,	0.000065,	0.000075,	0.080000
237,	0.000005,	0.000065,	0.000085,	0.080000
238,	0.000005,	0.000065,	0.000095,	0.080000
241,	0.000005,	0.000075,	0.000005,	0.079981
242,	0.000005,	0.000075,	0.000015,	0.079984
243,	0.000005,	0.000075,	0.000025,	0.079989
244,	0.000005,	0.000075,	0.000035,	0.079993
245,	0.000005,	0.000075,	0.000045,	0.079996
246,	0.000005,	0.000075,	0.000055,	0.079998
247,	0.000005,	0.000075,	0.000065,	0.079999
248,	0.000005,	0.000075,	0.000075,	0.080000
249,	0.000005,	0.000075,	0.000085,	0.080000
250,	0.000005,	0.000075,	0.000095,	0.080000
253,	0.000005,	0.000085,	0.000005,	0.079988
254,	0.000005,	0.000085,	0.000015,	0.079990
255,	0.000005,	0.000085,	0.000025,	0.079993
256,	0.000005,	0.000085,	0.000035,	0.079995
257,	0.000005,	0.000085,	0.000045,	0.079997
258,	0.000005,	0.000085,	0.000055,	0.079999
259,	0.000005,	0.000085,	0.000065,	0.079999
260,	0.000005,	0.000085,	0.000075,	0.080000
261,	0.000005,	0.000085,	0.000085,	0.080000
262,	0.000005,	0.000085,	0.000095,	0.080000
265,	0.000005,	0.000095,	0.000005,	0.079992
266,	0.000005,	0.000095,	0.000015,	0.079993
267,	0.000005,	0.000095,	0.000025,	0.079995
268,	0.000005,	0.000095,	0.000035,	0.079997
269,	0.000005,	0.000095,	0.000045,	0.079998
270,	0.000005,	0.000095,	0.000055,	0.079999
271,	0.000005,	0.000095,	0.000065,	0.079999
272,	0.000005,	0.000095,	0.000075,	0.080000
273,	0.000005,	0.000095,	0.000085,	0.080000
274,	0.000005,	0.000095,	0.000095,	0.080000
301,	0.000015,	0.000005,	0.000005,	0.079989
302,	0.000015,	0.000005,	0.000015,	0.079991
303,	0.000015,	0.000005,	0.000025,	0.079993
304,	0.000015,	0.000005,	0.000035,	0.079996
305,	0.000015,	0.000005,	0.000045,	0.079997
306,	0.000015,	0.000005,	0.000055,	0.079999
307,	0.000015,	0.000005,	0.000065,	0.079999
308,	0.000015,	0.000005,	0.000075,	0.080000
309,	0.000015,	0.000005,	0.000085,	0.080000
310,	0.000015,	0.000005,	0.000095,	0.080000
313,	0.000015,	0.000015,	0.000005,	0.079985
314,	0.000015,	0.000015,	0.000015,	0.079987
315,	0.000015,	0.000015,	0.000025,	0.079991
316,	0.000015,	0.000015,	0.000035,	0.079994
317,	0.000015,	0.000015,	0.000045,	0.079997
318,	0.000015,	0.000015,	0.000055,	0.079998
319,	0.000015,	0.000015,	0.000065,	0.079999
320,	0.000015,	0.000015,	0.000075,	0.080000
321,	0.000015,	0.000015,	0.000085,	0.080000
322,	0.000015,	0.000015,	0.000095,	0.080000
325,	0.000015,	0.000025,	0.000005,	0.079974
326,	0.000015,	0.000025,	0.000015,	0.079979
327,	0.000015,	0.000025,	0.000025,	0.079986
328,	0.000015,	0.000025,	0.000035,	0.079992
329,	0.000015,	0.000025,	0.000045,	0.079995
330,	0.000015,	0.000025,	0.000055,	0.079998
331,	0.000015,	0.000025,	0.000065,	0.079999
332,	0.000015,	0.000025,	0.000075,	0.080000
333,	0.000015,	0.000025,	0.000085,	0.080000
334,	0.000015,	0.000025,	0.000095,	0.080000
337,	0.000015,	0.000035,	0.000005,	0.079959
338,	0.000015,	0.000035,	0.000015,	0.079968
339,	0.000015,	0.000035,	0.000025,	0.079979
340,	0.000015,	0.000035,	0.000035,	0.079988
341,	0.000015,	0.000035,	0.000045,	0.079994
342,	0.000015,	0.000035,	0.000055,	0.079997
343,	0.000015,	0.000035,	0.000065,	0.079999
344,	0.000015,	0.000035,	0.000075,	0.079999
345,	0.000015,	0.000035,	0.000085,	0.080000
346,	0.000015,	0.000035,	0.000095,	0.080000
349,	0.000015,	0.000045,	0.000005,	0.079944
350,	0.000015,	0.000045,	0.000015,	0.079958
351,	0.000015,	0.000045,	0.000025,	0.079973
352,	0.000015,	0.000045,	0.000035,	0.079985
353,	0.000015,	0.000045,	0.000045,	0.079992
354,	0.000015,	0.000045,	0.000055,	0.079996
355,	0.000015,	0.000045,	0.000065,	0.079998
356,	0.000015,	0.000045,	0.000075,	0.079999
357,	0.000015,	0.000045,	0.000085,	0.080000
358,	0.000015,	0.000045,	0.000095,	0.080000
361,	0.000015,	0.000055,	0.000005,	0.079940
362,	0.000015,	0.000055,	0.000015,	0.079955
363,	0.000015,	0.000055,	0.000025,	0.079972
364,	0.000015,	0.000055,	0.000035,	0.079985
365,	0.000015,	0.000055,	0.000045,	0.079992
366,	0.000015,	0.000055,	0.000055,	0.079996
367,	0.000015,	0.000055,	0.000065,	0.079998
368,	0.000015,	0.000055,	0.000075,	0.079999
369,	0.000015,	0.000055,	0.000085,	0.080000
370,	0.000015,	0.000055,	0.000095,	0.080000
373,	0.000015,	0.000065,	0.000005,	0.079954
374,	0.000015,	0.000065,	0.000015,	0.079964
375,	0.000015,	0.000065,	0.000025,	0.079977
376,	0.000015,	0.000065,	0.000035,	0.079987
377,	0.000015,	0.000065,	0.000045,	0.079993
378,	0.000015,	0.000065,	0.000055,	0.079997
379,	0.000015,	0.000065,	0.000065,	0.079999
380,	0.000015,	0.000065,	0.000075,	0.079999
381,	0.000015,	0.000065,	0.000085,	0.080000
382,	0.000015,	0.000065,	0.000095,	0.080000
385,	0.000015,	0.000075,	0.000005,	0.079970
386,	0.000015,	0.000075,	0.000015,	0.079976
387,	0.000015,	0.000075,	0.000025,	0.079984
388,	0.000015,	0.000075,	0.000035,	0.079990
389,	0.000015,	0.000075,	0.000045,	0.079995
390,	0.000015,	0.000075,	0.000055,	0.079997
391,	0.000015,	0.000075,	0.000065,	0.079999
392,	0.000015,	0.000075,	0.000075,	0.079999
393,	0.000015,	0.000075,	0.000085,	0.080000
394,	0.000015,	0.000075,	0.000095,	0.080000
397,	0.000015,	0.000085,	0.000005,	0.079982
398,	0.000015,	0.000085,	0.000015,	0.079985
399,	0.000015,	0.000085,	0.000025,	0.079990
400,	0.000015,	0.000085,	0.000035,	0.079994
401,	0.000015,	0.000085,	0.000045,	0.079996
402,	0.000015,	0.000085,	0.000055,	0.079998
403,	0.000015,	0.000085,	0.000065,	0.079999
404,	0.000015,	0.000085,	0.000075,	0.080000
405,	0.000015,	0.000085,	0.000085,	0.080000
406,	0.000015,	0.000085,	0.000095,	0.080000
409,	0.000015,	0.000095,	0.000005,	0.079988
410,	0.000015,	0.000095,	0.000015,	0.079990
411,	0.000015,	0.000095,	0.000025,	0.079993
412,	0.000015,	0.000095,	0.000035,	0.079995
413,	0.000015,	0.000095,	0.000045,	0.079997
414,	0.000015,	0.000095,	0.000055,	0.079999
415,	0.000015,	0.000095,	0.000065,	0.079999
416,	0.000015,	0.000095,	0.000075,	0.080000
417,	0.000015,	0.000095,	0.000085,	0.080000
418,	0.000015,	0.000095,	0.000095,	0.080000
445,	0.000025,	0.000005,	0.000005,	0.079983
446,	0.000025,	0.000005,	0.000015,	0.079986
447,	0.000025,	0.000005,	0.000025,	0.079990
448,	0.000025,	0.000005,	0.000035,	0.079994
449,	0.000025,	0.000005,	0.000045,	0.079997
450,	0.000025,	0.000005,	0.000055,	0.079998
451,	0.000025,	0.000005,	0.000065,	0.079999
452,	0.000025,	0.000005,	0.000075,	0.080000
453,	0.000025,	0.000005,	0.000085,	0.080000
454,	0.000025,	0.000005,	0.000095,	0.080000
457,	0.000025,	0.000015,	0.000005,	0.079975
458,	0.000025,	0.000015,	0.000015,	0.079980
459,	0.000025,	0.000015,	0.000025,	0.079986
460,	0.000025,	0.000015,	0.000035,	0.079992
461,	0.000025,	0.000015,	0.000045,	0.079995
462,	0.000025,	0.000015,	0.000055,	0.079998
463,	0.000025,	0.000015,	0.000065,	0.079999
464,	0.000025,	0.000015,	0.000075,	0.080000
465,	0.000025,	0.000015,	0.000085,	0.080000
466,	0.000025,	0.000015,	0.000095,	0.080000
469,	0.000025,	0.000025,	0.000005,	0.079954
470,	0.000025,	0.000025,	0.000015,	0.079964
471,	0.000025,	0.000025,	0.000025,	0.079977
472,	0.000025,	0.000025,	0.000035,	0.079987
473,	0.000025,	0.000025,	0.000045,	0.079993
474,	0.000025,	0.000025,	0.000055,	0.079997
475,	0.000025,	0.000025,	0.000065,	0.079999
476,	0.000025,	0.000025,	0.000075,	0.079999
477,	0.000025,	0.000025,	0.000085,	0.080000
478,	0.000025,	0.000025,	0.000095,	0.080000
481,	0.000025,	0.000035,	0.000005,	0.079918
482,	0.000025,	0.000035,	0.000015,	0.079940
483,	0.000025,	0.000035,	0.000025,	0.079964
484,	0.000025,	0.000035,	0.000035,	0.079981
485,	0.000025,	0.000035,	0.000045,	0.079990
486,	0.000025,	0.000035,	0.000055,	0.079996
487,	0.000025,	0.000035,	0.000065,	0.079998
488,	0.000025,	0.000035,	0.000075,	0.079999
489,	0.000025,	0.000035,	0.000085,	0.080000
490,	0.000025,	0.000035,	0.000095,	0.080000
493,	0.000025,	0.000045,	0.000005,	0.079873
494,	0.000025,	0.000045,	0.000015,	0.079914
495,	0.000025,	0.000045,	0.000025,	0.079951
496,	0.000025,	0.000045,	0.000035,	0.079975
497,	0.000025,	0.000045,	0.000045,	0.079988
498,	0.000025,	0.000045,	0.000055,	0.079995
499,	0.000025,	0.000045,	0.000065,	0.079998
500,	0.000025,	0.000045,	0.000075,	0.079999
501,	0.000025,	0.000045,	0.000085,	0.080000
502,	0.000025,	0.000045,	0.000095,	0.080000
505,	0.000025,	0.000055,	0.000005,	0.079860
506,	0.000025,	0.000055,	0.000015,	0.079907
507,	0.000025,	0.000055,	0.000025,	0.079948
508,	0.000025,	0.000055,	0.000035,	0.079974
509,	0.000025,	0.000055,	0.000045,	0.079988
510,	0.000025,	0.000055,	0.000055,	0.079994
511,	0.000025,	0.000055,	0.000065,	0.079998
512,	0.000025,	0.000055,	0.000075,	0.079999
513,	0.000025,	0.000055,	0.000085,	0.080000
514,	0.000025,	0.000055,	0.000095,	0.080000
517,	0.000025,	0.000065,	0.000005,	0.079903
518,	0.000025,	0.000065,	0.000015,	0.079931
519,	0.000025,	0.000065,	0.000025,	0.079959
520,	0.000025,	0.000065,	0.000035,	0.079978
521,	0.000025,	0.000065,	0.000045,	0.079989
522,	0.000025,	0.000065,	0.000055,	0.079995
523,	0.000025,	0.000065,	0.000065,	0.079998
524,	0.000025,	0.000065,	0.000075,	0.079999
525,	0.000025,	0.000065,	0.000085,	0.080000
526,	0.000025,	0.000065,	0.000095,	0.080000
529,	0.000025,	0.000075,	0.000005,	0.079944
530,	0.000025,	0.000075,	0.000015,	0.079957
531,	0.000025,	0.000075,	0.000025,	0.079973
532,	0.000025,	0.000075,	0.000035,	0.079985
533,	0.000025,	0.000075,	0.000045,	0.079992
534,	0.000025,	0.000075,	0.000055,	0.079996
535,	0.000025,	0.000075,	0.000065,	0.079998
536,	0.000025,	0.000075,	0.000075,	0.079999
537,	0.000025,	0.000075,	0.000085,	0.080000
538,	0.000025,	0.000075,	0.000095,	0.080000
541,	0.000025,	0.000085,	0.000005,	0.079970
542,	0.000025,	0.000085,	0.000015,	0.079976
543,	0.000025,	0.000085,	0.000025,	0.079984
544,	0.000025,	0.000085,	0.000035,	0.079990
545,	0.000025,	0.000085,	0.000045,	0.079995
546,	0.000025,	0.000085,	0.000055,	0.079997
547,	0.000025,	0.000085,	0.000065,	0.079999
548,	0.000025,	0.000085,	0.000075,	0.079999
549,	0.000025,	0.000085,	0.000085,	0.080000
550,	0.000025,	0.000085,	0.000095,	0.080000
553,	0.000025,	0.000095,	0.000005,	0.079982
554,	0.000025,	0.000095,	0.000015,	0.079985
555,	0.000025,	0.000095,	0.000025,	0.079989
556,	0.000025,	0.000095,	0.000035,	0.079993
557,	0.000025,	0.000095,	0.000045,	0.079996
558,	0.000025,	0.000095,	0.000055,	0.079998
559,	0.000025,	0.000095,	0.000065,	0.079999
560,	0.000025,	0.000095,	0.000075,	0.080000
561,	0.000025,	0.000095,	0.000085,	0.080000
562,	0.000025,	0.000095,	0.000095,	0.080000
589,	0.000035,	0.000005,	0.000005,	0.079976
590,	0.000035,	0.000005,	0.000015,	0.079980
591,	0.000035,	0.000005,	0.000025,	0.079986
592,	0.000035,	0.000005,	0.000035,	0.079992
593,	0.000035,	0.000005,	0.000045,	0.079995
594,	0.000035,	0.000005,	0.000055,	0.079998
595,	0.000035,	0.000005,	0.000065,	0.079999
596,	0.000035,	0.000005,	0.000075,	0.080000
597,	0.000035,	0.000005,	0.000085,	0.080000
598,	0.000035,	0.000005,	0.000095,	0.080000
601,	0.000035,	0.000015,	0.000005,	0.079961
602,	0.000035,	0.000015,	0.000015,	0.079970
603,	0.000035,	0.000015,	0.000025,	0.079980
604,	0.000035,	0.000015,	0.000035,	0.079988
605,	0.000035,	0.000015,	0.000045,	0.079994
606,	0.000035,	0.000015,	0.000055,	0.079997
607,	0.000035,	0.000015,	0.000065,	0.079999
608,	0.000035,	0.000015,	0.000075,	0.079999
609,	0.000035,	0.000015,	0.000085,	0.080000
610,	0.000035,	0.000015,	0.000095,	0.080000
613,	0.000035,	0.000025,	0.000005,	0.079921
614,	0.000035,	0.000025,	0.000015,	0.079942
615,	0.000035,	0.000025,	0.000025,	0.079965
616,	0.000035,	0.000025,	0.000035,	0.079981
617,	0.000035,	0.000025,	0.000045,	0.079991
618,	0.000035,	0.000025,	0.000055,	0.079996
619,	0.000035,	0.000025,	0.000065,	0.079998
620,	0.000035,	0.000025,	0.000075,	0.079999
621,	0.000035,	0.000025,	0.000085,	0.080000
622,	0.000035,	0.000025,	0.000095,	0.080000
625,	0.000035,	0.000035,	0.000005,	0.079836
626,	0.000035,	0.000035,	0.000015,	0.079892
627,	0.000035,	0.000035,	0.000025,	0.079941
628,	0.000035,	0.000035,	0.000035,	0.079970
629,	0.000035,	0.000035,	0.000045,	0.079986
630,	0.000035,	0.000035,	0.000055,	0.079994
631,	0.000035,	0.000035,	0.000065,	0.079997
632,	0.000035,	0.000035,	0.000075,	0.079999
633,	0.000035,	0.000035,	0.000085,	0.080000
634,	0.000035,	0.000035,	0.000095,	0.080000
637,	0.000035,	0.000045,	0.000005,	0.079691
638,	0.000035,	0.000045,	0.000015,	0.079824
639,	0.000035,	0.000045,	0.000025,	0.079914
640,	0.000035,	0.000045,	0.000035,	0.079960
641,	0.000035,	0.000045,	0.000045,	0.079982
642,	0.000035,	0.000045,	0.000055,	0.079992
643,	0.000035,	0.000045,	0.000065,	0.079997
644,	0.000035,	0.000045,	0.000075,	0.079999
645,	0.000035,	0.000045,	0.000085,	0.080000
646,	0.000035,	0.000045,	0.000095,	0.080000
649,	0.000035,	0.000055,	0.000005,	0.079635
650,	0.000035,	0.000055,	0.000015,	0.079804
651,	0.000035,	0.000055,	0.000025,	0.079907
652,	0.000035,	0.000055,	0.000035,	0.079958
653,	0.000035,	0.000055,	0.000045,	0.079982
654,	0.000035,	0.000055,	0.000055,	0.079992
655,	0.000035,	0.000055,	0.000065,	0.079997
656,	0.000035,	0.000055,	0.000075,	0.079999
657,	0.000035,	0.000055,	0.000085,	0.080000
658,	0.000035,	0.000055,	0.000095,	0.080000
661,	0.000035,	0.000065,	0.000005,	0.079795
662,	0.000035,	0.000065,	0.000015,	0.079870
663,	0.000035,	0.000065,	0.000025,	0.079931
664,	0.000035,	0.000065,	0.000035,	0.079967
665,	0.000035,	0.000065,	0.000045,	0.079985
666,	0.000035,	0.000065,	0.000055,	0.079993
667,	0.000035,	0.000065,	0.000065,	0.079997
668,	0.000035,	0.000065,	0.000075,	0.079999
669,	0.000035,	0.000065,	0.000085,	0.080000
670,	0.000035,	0.000065,	0.000095,	0.080000
673,	0.000035,	0.000075,	0.000005,	0.079900
674,	0.000035,	0.000075,	0.000015,	0.079929
675,	0.000035,	0.000075,	0.000025,	0.079958
676,	0.000035,	0.000075,	0.000035,	0.079978
677,	0.000035,	0.000075,	0.000045,	0.079989
678,	0.000035,	0.000075,	0.000055,	0.079995
679,	0.000035,	0.000075,	0.000065,	0.079998
680,	0.000035,	0.000075,	0.000075,	0.079999
681,	0.000035,	0.000075,	0.000085,	0.080000
682,	0.000035,	0.000075,	0.000095,	0.080000
685,	0.000035,	0.000085,	0.000005,	0.079952
686,	0.000035,	0.000085,	0.000015,	0.079963
687,	0.000035,	0.000085,	0.000025,	0.079976
688,	0.000035,	0.000085,	0.000035,	0.079986
689,	0.000035,	0.000085,	0.000045,	0.079993
690,	0.000035,	0.000085,	0.000055,	0.079997
691,	0.000035,	0.000085,	0.000065,	0.079998
692,	0.000035,	0.000085,	0.000075,	0.079999
693,	0.000035,	0.000085,	0.000085,	0.080000
694,	0.000035,	0.000085,	0.000095,	0.080000
697,	0.000035,	0.000095,	0.000005,	0.079973
698,	0.000035,	0.000095,	0.000015,	0.079978
699,	0.000035,	0.000095,	0.000025,	0.079985
700,	0.000035,	0.000095,	0.000035,	0.079991
701,	0.000035,	0.000095,	0.000045,	0.079995
702,	0.000035,	0.000095,	0.000055,	0.079998
703,	0.000035,	0.000095,	0.000065,	0.079999
704,	0.000035,	0.000095,	0.000075,	0.080000
705,	0.000035,	0.000095,	0.000085,	0.080000
706,	0.000035,	0.000095,	0.000095,	0.080000
733,	0.000045,	0.000005,	0.000005,	0.079970
734,	0.000045,	0.000005,	0.000015,	0.079976
735,	0.000045,	0.000005,	0.000025,	0.079984
736,	0.000045,	0.000005,	0.000035,	0.079990
737,	0.000045,	0.000005,	0.000045,	0.079995
738,	0.000045,	0.000005,	0.000055,	0.079997
739,	0.000045,	0.000005,	0.000065,	0.079999
740,	0.000045,	0.000005,	0.000075,	0.079999
741,	0.000045,	0.000005,	0.000085,	0.080000
742,	0.000045,	0.000005,	0.000095,	0.080000
745,	0.000045,	0.000015,	0.000005,	0.079949
746,	0.000045,	0.000015,	0.000015,	0.079961
747,	0.000045,	0.000015,	0.000025,	0.079975
748,	0.000045,	0.000015,	0.000035,	0.079986
749,	0.000045,	0.000015,	0.000045,	0.079993
750,	0.000045,	0.000015,	0.000055,	0.079997
751,	0.000045,	0.000015,	0.000065,	0.079998
752,	0.000045,	0.000015,	0.000075,	0.079999
753,	0.000045,	0.000015,	0.000085,	0.080000
754,	0.000045,	0.000015,	0.000095,	0.080000
757,	0.000045,	0.000025,	0.000005,	0.079884
758,	0.000045,	0.000025,	0.000015,	0.079921
759,	0.000045,	0.000025,	0.000025,	0.079955
760,	0.000045,	0.000025,	0.000035,	0.079976
761,	0.000045,	0.000025,	0.000045,	0.079989
762,	0.000045,	0.000025,	0.000055,	0.079995
763,	0.000045,	0.000025,	0.000065,	0.079998
764,	0.000045,	0.000025,	0.000075,	0.079999
765,	0.000045,	0.000025,	0.000085,	0.080000
766,	0.000045,	0.000025,	0.000095,	0.080000
769,	0.000045,	0.000035,	0.000005,	0.079711
770,	0.000045,	0.000035,	0.000015,	0.079834
771,	0.000045,	0.000035,	0.000025,	0.079918
772,	0.000045,	0.000035,	0.000035,	0.079962
773,	0.000045,	0.000035,	0.000045,	0.079983
774,	0.000045,	0.000035,	0.000055,	0.079993
775,	0.000045,	0.000035,	0.000065,	0.079997
776,	0.000045,	0.000035,	0.000075,	0.079999
777,	0.000045,	0.000035,	0.000085,	0.080000
778,	0.000045,	0.000035,	0.000095,	0.080000
781,	0.000045,	0.000045,	0.000005,	0.078968
782,	0.000045,	0.000045,	0.000015,	0.079676
783,	0.000045,	0.000045,	0.000025,	0.079872
784,	0.000045,	0.000045,	0.000035,	0.079947
785,	0.000045,	0.000045,	0.000045,	0.079978
786,	0.000045,	0.000045,	0.000055,	0.079991
787,	0.000045,	0.000045,	0.000065,	0.079996
788,	0.000045,	0.000045,	0.000075,	0.079999
789,	0.000045,	0.000045,	0.000085,	0.079999
790,	0.000045,	0.000045,	0.000095,	0.080000
793,	0.000045,	0.000055,	0.000005,	0.078490
794,	0.000045,	0.000055,	0.000015,	0.079616
795,	0.000045,	0.000055,	0.000025,	0.079859
796,	0.000045,	0.000055,	0.000035,	0.079943
797,	0.000045,	0.000055,	0.000045,	0.079977
798,	0.000045,	0.000055,	0.000055,	0.079991
799,	0.000045,	0.000055,	0.000065,	0.079996
800,	0.000045,	0.000055,	0.000075,	0.079999
801,	0.000045,	0.000055,	0.000085,	0.079999
802,	0.000045,	0.000055,	0.000095,	0.080000
805,	0.000045,	0.000065,	0.000005,	0.079607
806,	0.000045,	0.000065,	0.000015,	0.079793
807,	0.000045,	0.000065,	0.000025,	0.079903
808,	0.000045,	0.000065,	0.000035,	0.079957
809,	0.000045,	0.000065,	0.000045,	0.079981
810,	0.000045,	0.000065,	0.000055,	0.079992
811,	0.000045,	0.000065,	0.000065,	0.079997
812,	0.000045,	0.000065,	0.000075,	0.079999
813,	0.000045,	0.000065,	0.000085,	0.080000
814,	0.000045,	0.000065,	0.000095,	0.080000
817,	0.000045,	0.000075,	0.000005,	0.079848
818,	0.000045,	0.000075,	0.000015,	0.079900
819,	0.000045,	0.000075,	0.000025,	0.079945
820,	0.000045,	0.000075,	0.000035,	0.079972
821,	0.000045,	0.000075,	0.000045,	0.079987
822,	0.000045,	0.000075,	0.000055,	0.079994
823,	0.000045,	0.000075,	0.000065,	0.079998
824,	0.000045,	0.000075,	0.000075,	0.079999
825,	0.000045,	0.000075,	0.000085,	0.080000
826,	0.000045,	0.000075,	0.000095,	0.080000
829,	0.000045,	0.000085,	0.000005,	0.079935
830,	0.000045,	0.000085,	0.000015,	0.079952
831,	0.000045,	0.000085,	0.000025,	0.079970
832,	0.000045,	0.000085,	0.000035,	0.079984
833,	0.000045,	0.000085,	0.000045,	0.079992
834,	0.000045,	0.000085,	0.000055,	0.079996
835,	0.000045,	0.000085,	0.000065,	0.079998
836,	0.000045,	0.000085,	0.000075,	0.079999
837,	0.000045,	0.000085,	0.000085,	0.080000
838,	0.000045,	0.000085,	0.000095,	0.080000
841,	0.000045,	0.000095,	0.000005,	0.079967
842,	0.000045,	0.000095,	0.000015,	0.079973
843,	0.000045,	0.000095,	0.000025,	0.079982
844,	0.000045,	0.000095,	0.000035,	0.079989
845,	0.000045,	0.000095,	0.000045,	0.079994
846,	0.000045,	0.000095,	0.000055,	0.079997
847,	0.000045,	0.000095,	0.000065,	0.079999
848,	0.000045,	0.000095,	0.000075,	0.079999
849,	0.000045,	0.000095,	0.000085,	0.080000
850,	0.000045,	0.000095,	0.000095,	0.080000
877,	0.000055,	0.000005,	0.000005,	0.079970
878,	0.000055,	0.000005,	0.000015,	0.079976
879,	0.000055,	0.000005,	0.000025,	0.079984
880,	0.000055,	0.000005,	0.000035,	0.079990
881,	0.000055,	0.000005,	0.000045,	0.079995
882,	0.000055,	0.000005,	0.000055,	0.079997
883,	0.000055,	0.000005,	0.000065,	0.079999
884,	0.000055,	0.000005,	0.000075,	0.079999
885,	0.000055,	0.000005,	0.000085,	0.080000
886,	0.000055,	0.000005,	0.000095,	0.080000
889,	0.000055,	0.000015,	0.000005,	0.079949
890,	0.000055,	0.000015,	0.000015,	0.079961
891,	0.000055,	0.000015,	0.000025,	0.079975
892,	0.000055,	0.000015,	0.000035,	0.079986
893,	0.000055,	0.000015,	0.000045,	0.079993
894,	0.000055,	0.000015,	0.000055,	0.079997
895,	0.000055,	0.000015,	0.000065,	0.079998
896,	0.000055,	0.000015,	0.000075,	0.079999
897,	0.000055,	0.000015,	0.000085,	0.080000
898,	0.000055,	0.000015,	0.000095,	0.080000
901,	0.000055,	0.000025,	0.000005,	0.079884
902,	0.000055,	0.000025,	0.000015,	0.079921
903,	0.000055,	0.000025,	0.000025,	0.079955
904,	0.000055,	0.000025,	0.000035,	0.079976
905,	0.000055,	0.000025,	0.000045,	0.079989
906,	0.000055,	0.000025,	0.000055,	0.079995
907,	0.000055,	0.000025,	0.000065,	0.079998
908,	0.000055,	0.000025,	0.000075,	0.079999
909,	0.000055,	0.000025,	0.000085,	0.080000
910,	0.000055,	0.000025,	0.000095,	0.080000
913,	0.000055,	0.000035,	0.000005,	0.079710
914,	0.000055,	0.000035,	0.000015,	0.079835
915,	0.000055,	0.000035,	0.000025,	0.079918
916,	0.000055,	0.000035,	0.000035,	0.079962
917,	0.000055,	0.000035,	0.000045,	0.079983
918,	0.000055,	0.000035,	0.000055,	0.079993
919,	0.000055,	0.000035,	0.000065,	0.079997
920,	0.000055,	0.000035,	0.000075,	0.079999
921,	0.000055,	0.000035,	0.000085,	0.080000
922,	0.000055,	0.000035,	0.000095,	0.080000
925,	0.000055,	0.000045,	0.000005,	0.078949
926,	0.000055,	0.000045,	0.000015,	0.079681
927,	0.000055,	0.000045,	0.000025,	0.079872
928,	0.000055,	0.000045,	0.000035,	0.079947
929,	0.000055,	0.000045,	0.000045,	0.079978
930,	0.000055,	0.000045,	0.000055,	0.079991
931,	0.000055,	0.000045,	0.000065,	0.079996
932,	0.000055,	0.000045,	0.000075,	0.079999
933,	0.000055,	0.000045,	0.000085,	0.079999
934,	0.000055,	0.000045,	0.000095,	0.080000
937,	0.000055,	0.000055,	0.000005,	0.078481
938,	0.000055,	0.000055,	0.000015,	0.079617
939,	0.000055,	0.000055,	0.000025,	0.079859
940,	0.000055,	0.000055,	0.000035,	0.079943
941,	0.000055,	0.000055,	0.000045,	0.079977
942,	0.000055,	0.000055,	0.000055,	0.079991
943,	0.000055,	0.000055,	0.000065,	0.079996
944,	0.000055,	0.000055,	0.000075,	0.079999
945,	0.000055,	0.000055,	0.000085,	0.079999
946,	0.000055,	0.000055,	0.000095,	0.080000
949,	0.000055,	0.000065,	0.000005,	0.079603
950,	0.000055,	0.000065,	0.000015,	0.079793
951,	0.000055,	0.000065,	0.000025,	0.079903
952,	0.000055,	0.000065,	0.000035,	0.079956
953,	0.000055,	0.000065,	0.000045,	0.079981
954,	0.000055,	0.000065,	0.000055,	0.079992
955,	0.000055,	0.000065,	0.000065,	0.079997
956,	0.000055,	0.000065,	0.000075,	0.079999
957,	0.000055,	0.000065,	0.000085,	0.080000
958,	0.000055,	0.000065,	0.000095,	0.080000
961,	0.000055,	0.000075,	0.000005,	0.079848
962,	0.000055,	0.000075,	0.000015,	0.079900
963,	0.000055,	0.000075,	0.000025,	0.079945
964,	0.000055,	0.000075,	0.000035,	0.079972
965,	0.000055,	0.000075,	0.000045,	0.079987
966,	0.000055,	0.000075,	0.000055,	0.079994
967,	0.000055,	0.000075,	0.000065,	0.079998
968,	0.000055,	0.000075,	0.000075,	0.079999
969,	0.000055,	0.000075,	0.000085,	0.080000
970,	0.000055,	0.000075,	0.000095,	0.080000
973,	0.000055,	0.000085,	0.000005,	0.079935
974,	0.000055,	0.000085,	0.000015,	0.079952
975,	0.000055,	0.000085,	0.000025,	0.079970
976,	0.000055,	0.000085,	0.000035,	0.079984
977,	0.000055,	0.000085,	0.000045,	0.079992
978,	0.000055,	0.000085,	0.000055,	0.079996
979,	0.000055,	0.000085,	0.000065,	0.079998
980,	0.000055,	0.000085,	0.000075,	0.079999
981,	0.000055,	0.000085,	0.000085,	0.080000
982,	0.000055,	0.000085,	0.000095,	0.080000
985,	0.000055,	0.000095,	0.000005,	0.079967
986,	0.000055,	0.000095,	0.000015,	0.079973
987,	0.000055,	0.000095,	0.000025,	0.079982
988,	0.000055,	0.000095,	0.000035,	0.079989
989,	0.000055,	0.000095,	0.000045,	0.079994
990,	0.000055,	0.000095,	0.000055,	0.079997
991,	0.000055,	0.000095,	0.000065,	0.079999
992,	0.000055,	0.000095,	0.000075,	0.079999
993,	0.000055,	0.000095,	0.000085,	0.080000
994,	0.000055,	0.000095,	0.000095,	0.080000
1021,	0.000065,	0.000005,	0.000005,	0.079976
1022,	0.000065,	0.000005,	0.000015,	0.079980
1023,	0.000065,	0.000005,	0.000025,	0.079986
1024,	0.000065,	0.000005,	0.000035,	0.079992
1025,	0.000065,	0.000005,	0.000045,	0.079995
1026,	0.000065,	0.000005,	0.000055,	0.079998
1027,	0.000065,	0.000005,	0.000065,	0.079999
1028,	0.000065,	0.000005,	0.000075,	0.080000
1029,	0.000065,	0.000005,	0.000085,	0.080000
1030,	0.000065,	0.000005,	0.000095,	0.080000
1033,	0.000065,	0.000015,	0.000005,	0.079961
1034,	0.000065,	0.000015,	0.000015,	0.079970
1035,	0.000065,	0.000015,	0.000025,	0.079980
1036,	0.000065,	0.000015,	0.000035,	0.079988
1037,	0.000065,	0.000015,	0.000045,	0.079994
1038,	0.000065,	0.000015,	0.000055,	0.079997
1039,	0.000065,	0.000015,	0.000065,	0.079999
1040,	0.000065,	0.000015,	0.000075,	0.079999
1041,	0.000065,	0.000015,	0.000085,	0.080000
1042,	0.000065,	0.000015,	0.000095,	0.080000
1045,	0.000065,	0.000025,	0.000005,	0.079921
1046,	0.000065,	0.000025,	0.000015,	0.079942
1047,	0.000065,	0.000025,	0.000025,	0.079965
1048,	0.000065,	0.000025,	0.000035,	0.079981
1049,	0.000065,	0.000025,	0.000045,	0.079991
1050,	0.000065,	0.000025,	0.000055,	0.079996
1051,	0.000065,	0.000025,	0.000065,	0.079998
1052,	0.000065,	0.000025,	0.000075,	0.079999
1053,	0.000065,	0.000025,	0.000085,	0.080000
1054,	0.000065,	0.000025,	0.000095,	0.080000
1057,	0.000065,	0.000035,	0.000005,	0.079836
1058,	0.000065,	0.000035,	0.000015,	0.079892
1059,	0.000065,	0.000035,	0.000025,	0.079941
1060,	0.000065,	0.000035,	0.000035,	0.079971
1061,	0.000065,	0.000035,	0.000045,	0.079986
1062,	0.000065,	0.000035,	0.000055,	0.079994
1063,	0.000065,	0.000035,	0.000065,	0.079997
1064,	0.000065,	0.000035,	0.000075,	0.079999
1065,	0.000065,	0.000035,	0.000085,	0.080000
1066,	0.000065,	0.000035,	0.000095,	0.080000
1069,	0.000065,	0.000045,	0.000005,	0.079690
1070,	0.000065,	0.000045,	0.000015,	0.079824
1071,	0.000065,	0.000045,	0.000025,	0.079914
1072,	0.000065,	0.000045,	0.000035,	0.079960
1073,	0.000065,	0.000045,	0.000045,	0.079982
1074,	0.000065,	0.000045,	0.000055,	0.079992
1075,	0.000065,	0.000045,	0.000065,	0.079997
1076,	0.000065,	0.000045,	0.000075,	0.079999
1077,	0.000065,	0.000045,	0.000085,	0.080000
1078,	0.000065,	0.000045,	0.000095,	0.080000
1081,	0.000065,	0.000055,	0.000005,	0.079633
1082,	0.000065,	0.000055,	0.000015,	0.079804
1083,	0.000065,	0.000055,	0.000025,	0.079907
1084,	0.000065,	0.000055,	0.000035,	0.079958
1085,	0.000065,	0.000055,	0.000045,	0.079982
1086,	0.000065,	0.000055,	0.000055,	0.079992
1087,	0.000065,	0.000055,	0.000065,	0.079997
1088,	0.000065,	0.000055,	0.000075,	0.079999
1089,	0.000065,	0.000055,	0.000085,	0.080000
1090,	0.000065,	0.000055,	0.000095,	0.080000
1093,	0.000065,	0.000065,	0.000005,	0.079794
1094,	0.000065,	0.000065,	0.000015,	0.079870
1095,	0.000065,	0.000065,	0.000025,	0.079931
1096,	0.000065,	0.000065,	0.000035,	0.079967
1097,	0.000065,	0.000065,	0.000045,	0.079985
1098,	0.000065,	0.000065,	0.000055,	0.079993
1099,	0.000065,	0.000065,	0.000065,	0.079997
1100,	0.000065,	0.000065,	0.000075,	0.079999
1101,	0.000065,	0.000065,	0.000085,	0.080000
1102,	0.000065,	0.000065,	0.000095,	0.080000
1105,	0.000065,	0.000075,	0.000005,	0.079900
1106,	0.000065,	0.000075,	0.000015,	0.079929
1107,	0.000065,	0.000075,	0.000025,	0.079958
1108,	0.000065,	0.000075,	0.000035,	0.079978
1109,	0.000065,	0.000075,	0.000045,	0.079989
1110,	0.000065,	0.000075,	0.000055,	0.079995
1111,	0.000065,	0.000075,	0.000065,	0.079998
1112,	0.000065,	0.000075,	0.000075,	0.079999
1113,	0.000065,	0.000075,	0.000085,	0.080000
1114,	0.000065,	0.000075,	0.000095,	0.080000
1117,	0.000065,	0.000085,	0.000005,	0.079952
1118,	0.000065,	0.000085,	0.000015,	0.079963
1119,	0.000065,	0.000085,	0.000025,	0.079976
1120,	0.000065,	0.000085,	0.000035,	0.079986
1121,	0.000065,	0.000085,	0.000045,	0.079993
1122,	0.000065,	0.000085,	0.000055,	0.079997
1123,	0.000065,	0.000085,	0.000065,	0.079998
1124,	0.000065,	0.000085,	0.000075,	0.079999
1125,	0.000065,	0.000085,	0.000085,	0.080000
1126,	0.000065,	0.000085,	0.000095,	0.080000
1129,	0.000065,	0.000095,	0.000005,	0.079973
1130,	0.000065,	0.000095,	0.000015,	0.079978
1131,	0.000065,	0.000095,	0.000025,	0.079985
1132,	0.000065,	0.000095,	0.000035,	0.079991
1133,	0.000065,	0.000095,	0.000045,	0.079995
1134,	0.000065,	0.000095,	0.000055,	0.079998
1135,	0.000065,	0.000095,	0.000065,	0.079999
1136,	0.000065,	0.000095,	0.000075,	0.080000
1137,	0.000065,	0.000095,	0.000085,	0.080000
1138,	0.000065,	0.000095,	0.000095,	0.080000
1165,	0.000075,	0.000005,	0.000005,	0.079983
1166,	0.000075,	0.000005,	0.000015,	0.079986
1167,	0.000075,	0.000005,	0.000025,	0.079990
1168,	0.000075,	0.000005,	0.000035,	0.079994
1169,	0.000075,	0.000005,	0.000045,	0.079997
1170,	0.000075,	0.000005,	0.000055,	0.079998
1171,	0.000075,	0.000005,	0.000065,	0.079999
1172,	0.000075,	0.000005,	0.000075,	0.080000
1173,	0.000075,	0.000005,	0.000085,	0.080000
1174,	0.000075,	0.000005,	0.000095,	0.080000
1177,	0.000075,	0.000015,	0.000005,	0.079975
1178,	0.000075,	0.000015,	0.000015,	0.079980
1179,	0.000075,	0.000015,	0.000025,	0.079986
1180,	0.000075,	0.000015,	0.000035,	0.079992
1181,	0.000075,	0.000015,	0.000045,	0.079995
1182,	0.000075,	0.000015,	0.000055,	0.079998
1183,	0.000075,	0.000015,	0.000065,	0.079999
1184,	0.000075,	0.000015,	0.000075,	0.080000
1185,	0.000075,	0.000015,	0.000085,	0.080000
1186,	0.000075,	0.000015,	0.000095,	0.080000
1189,	0.000075,	0.000025,	0.000005,	0.079954
1190,	0.000075,	0.000025,	0.000015,	0.079965
1191,	0.000075,	0.000025,	0.000025,	0.079977
1192,	0.000075,	0.000025,	0.000035,	0.079987
1193,	0.000075,	0.000025,	0.000045,	0.079993
1194,	0.000075,	0.000025,	0.000055,	0.079997
1195,	0.000075,	0.000025,	0.000065,	0.079999
1196,	0.000075,	0.000025,	0.000075,	0.079999
1197,	0.000075,	0.000025,	0.000085,	0.080000
1198,	0.000075,	0.000025,	0.000095,	0.080000
1201,	0.000075,	0.000035,	0.000005,	0.079918
1202,	0.000075,	0.000035,	0.000015,	0.079940
1203,	0.000075,	0.000035,	0.000025,	0.079964
1204,	0.000075,	0.000035,	0.000035,	0.079981
1205,	0.000075,	0.000035,	0.000045,	0.079990
1206,	0.000075,	0.000035,	0.000055,	0.079996
1207,	0.000075,	0.000035,	0.000065,	0.079998
1208,	0.000075,	0.000035,	0.000075,	0.079999
1209,	0.000075,	0.000035,	0.000085,	0.080000
1210,	0.000075,	0.000035,	0.000095,	0.080000
1213,	0.000075,	0.000045,	0.000005,	0.079872
1214,	0.000075,	0.000045,	0.000015,	0.079914
1215,	0.000075,	0.000045,	0.000025,	0.079951
1216,	0.000075,	0.000045,	0.000035,	0.079975
1217,	0.000075,	0.000045,	0.000045,	0.079988
1218,	0.000075,	0.000045,	0.000055,	0.079995
1219,	0.000075,	0.000045,	0.000065,	0.079998
1220,	0.000075,	0.000045,	0.000075,	0.079999
1221,	0.000075,	0.000045,	0.000085,	0.080000
1222,	0.000075,	0.000045,	0.000095,	0.080000
1225,	0.000075,	0.000055,	0.000005,	0.079859
1226,	0.000075,	0.000055,	0.000015,	0.079907
1227,	0.000075,	0.000055,	0.000025,	0.079948
1228,	0.000075,	0.000055,	0.000035,	0.079974
1229,	0.000075,	0.000055,	0.000045,	0.079988
1230,	0.000075,	0.000055,	0.000055,	0.079994
1231,	0.000075,	0.000055,	0.000065,	0.079998
1232,	0.000075,	0.000055,	0.000075,	0.079999
1233,	0.000075,	0.000055,	0.000085,	0.080000
1234,	0.000075,	0.000055,	0.000095,	0.080000
1237,	0.000075,	0.000065,	0.000005,	0.079903
1238,	0.000075,	0.000065,	0.000015,	0.079931
1239,	0.000075,	0.000065,	0.000025,	0.079959
1240,	0.000075,	0.000065,	0.000035,	0.079978
1241,	0.000075,	0.000065,	0.000045,	0.079989
1242,	0.000075,	0.000065,	0.000055,	0.079995
1243,	0.000075,	0.000065,	0.000065,	0.079998
1244,	0.000075,	0.000065,	0.000075,	0.079999
1245,	0.000075,	0.000065,	0.000085,	0.080000
1246,	0.000075,	0.000065,	0.000095,	0.080000
1249,	0.000075,	0.000075,	0.000005,	0.079944
1250,	0.000075,	0.000075,	0.000015,	0.079957
1251,	0.000075,	0.000075,	0.000025,	0.079973
1252,	0.000075,	0.000075,	0.000035,	0.079985
1253,	0.000075,	0.000075,	0.000045,	0.079992
1254,	0.000075,	0.000075,	0.000055,	0.079996
1255,	0.000075,	0.000075,	0.000065,	0.079998
1256,	0.000075,	0.000075,	0.000075,	0.079999
1257,	0.000075,	0.000075,	0.000085,	0.080000
1258,	0.000075,	0.000075,	0.000095,	0.080000
1261,	0.000075,	0.000085,	0.000005,	0.079970
1262,	0.000075,	0.000085,	0.000015,	0.079976
1263,	0.000075,	0.000085,	0.000025,	0.079984
1264,	0.000075,	0.000085,	0.000035,	0.079990
1265,	0.000075,	0.000085,	0.000045,	0.079995
1266,	0.000075,	0.000085,	0.000055,	0.079997
1267,	0.000075,	0.000085,	0.000065,	0.079999
1268,	0.000075,	0.000085,	0.000075,	0.079999
1269,	0.000075,	0.000085,	0.000085,	0.080000
1270,	0.000075,	0.000085,	0.000095,	0.080000
1273,	0.000075,	0.000095,	0.000005,	0.079982
1274,	0.000075,	0.000095,	0.000015,	0.079985
1275,	0.000075,	0.000095,	0.000025,	0.079989
1276,	0.000075,	0.000095,	0.000035,	0.079993
1277,	0.000075,	0.000095,	0.000045,	0.079996
1278,	0.000075,	0.000095,	0.000055,	0.079998
1279,	0.000075,	0.000095,	0.000065,	0.079999
1280,	0.000075,	0.000095,	0.000075,	0.080000
1281,	0.000075,	0.000095,	0.000085,	0.080000
1282,	0.000075,	0.000095,	0.000095,	0.080000
1309,	0.000085,	0.000005,	0.000005,	0.079989
1310,	0.000085,	0.000005,	0.000015,	0.079991
1311,	0.000085,	0.000005,	0.000025,	0.079993
1312,	0.000085,	0.000005,	0.000035,	0.079996
1313,	0.000085,	0.000005,	0.000045,	0.079998
1314,	0.000085,	0.000005,	0.000055,	0.079999
1315,	0.000085,	0.000005,	0.000065,	0.079999
1316,	0.000085,	0.000005,	0.000075,	0.080000
1317,	0.000085,	0.000005,	0.000085,	0.080000
1318,	0.000085,	0.000005,	0.000095,	0.080000
1321,	0.000085,	0.000015,	0.000005,	0.079985
1322,	0.000085,	0.000015,	0.000015,	0.079987
1323,	0.000085,	0.000015,	0.000025,	0.079991
1324,	0.000085,	0.000015,	0.000035,	0.079994
1325,	0.000085,	0.000015,	0.000045,	0.079997
1326,	0.000085,	0.000015,	0.000055,	0.079998
1327,	0.000085,	0.000015,	0.000065,	0.079999
1328,	0.000085,	0.000015,	0.000075,	0.080000
1329,	0.000085,	0.000015,	0.000085,	0.080000
1330,	0.000085,	0.000015,	0.000095,	0.080000
1333,	0.000085,	0.000025,	0.000005,	0.079975
1334,	0.000085,	0.000025,	0.000015,	0.079979
1335,	0.000085,	0.000025,	0.000025,	0.079986
1336,	0.000085,	0.000025,	0.000035,	0.079992
1337,	0.000085,	0.000025,	0.000045,	0.079995
1338,	0.000085,	0.000025,	0.000055,	0.079998
1339,	0.000085,	0.000025,	0.000065,	0.079999
1340,	0.000085,	0.000025,	0.000075,	0.080000
1341,	0.000085,	0.000025,	0.000085,	0.080000
1342,	0.000085,	0.000025,	0.000095,	0.080000
1345,	0.000085,	0.000035,	0.000005,	0.079959
1346,	0.000085,	0.000035,	0.000015,	0.079968
1347,	0.000085,	0.000035,	0.000025,	0.079979
1348,	0.000085,	0.000035,	0.000035,	0.079988
1349,	0.000085,	0.000035,	0.000045,	0.079994
1350,	0.000085,	0.000035,	0.000055,	0.079997
1351,	0.000085,	0.000035,	0.000065,	0.079999
1352,	0.000085,	0.000035,	0.000075,	0.079999
1353,	0.000085,	0.000035,	0.000085,	0.080000
1354,	0.000085,	0.000035,	0.000095,	0.080000
1357,	0.000085,	0.000045,	0.000005,	0.079944
1358,	0.000085,	0.000045,	0.000015,	0.079958
1359,	0.000085,	0.000045,	0.000025,	0.079973
1360,	0.000085,	0.000045,	0.000035,	0.079985
1361,	0.000085,	0.000045,	0.000045,	0.079992
1362,	0.000085,	0.000045,	0.000055,	0.079996
1363,	0.000085,	0.000045,	0.000065,	0.079998
1364,	0.000085,	0.000045,	0.000075,	0.079999
1365,	0.000085,	0.000045,	0.000085,	0.080000
1366,	0.000085,	0.000045,	0.000095,	0.080000
1369,	0.000085,	0.000055,	0.000005,	0.079940
1370,	0.000085,	0.000055,	0.000015,	0.079955
1371,	0.000085,	0.000055,	0.000025,	0.079972
1372,	0.000085,	0.000055,	0.000035,	0.079985
1373,	0.000085,	0.000055,	0.000045,	0.079992
1374,	0.000085,	0.000055,	0.000055,	0.079996
1375,	0.000085,	0.000055,	0.000065,	0.079998
1376,	0.000085,	0.000055,	0.000075,	0.079999
1377,	0.000085,	0.000055,	0.000085,	0.080000
1378,	0.000085,	0.000055,	0.000095,	0.080000
1381,	0.000085,	0.000065,	0.000005,	0.079954
1382,	0.000085,	0.000065,	0.000015,	0.079964
1383,	0.000085,	0.000065,	0.000025,	0.079977
1384,	0.000085,	0.000065,	0.000035,	0.079987
1385,	0.000085,	0.000065,	0.000045,	0.079993
1386,	0.000085,	0.000065,	0.000055,	0.079997
1387,	0.000085,	0.000065,	0.000065,	0.079999
1388,	0.000085,	0.000065,	0.000075,	0.079999
1389,	0.000085,	0.000065,	0.000085,	0.080000
1390,	0.000085,	0.000065,	0.000095,	0.080000
1393,	0.000085,	0.000075,	0.000005,	0.079970
1394,	0.000085,	0.000075,	0.000015,	0.079976
1395,	0.000085,	0.000075,	0.000025,	0.079984
1396,	0.000085,	0.000075,	0.000035,	0.079990
1397,	0.000085,	0.000075,	0.000045,	0.079995
1398,	0.000085,	0.000075,	0.000055,	0.079997
1399,	0.000085,	0.000075,	0.000065,	0.079999
1400,	0.000085,	0.000075,	0.000075,	0.079999
1401,	0.000085,	0.000075,	0.000085,	0.080000
1402,	0.000085,	0.000075,	0.000095,	0.080000
1405,	0.000085,	0.000085,	0.000005,	0.079982
1406,	0.000085,	0.000085,	0.000015,	0.079985
1407,	0.000085,	0.000085,	0.000025,	0.079990
1408,	0.000085,	0.000085,	0.000035,	0.079994
1409,	0.000085,	0.000085,	0.000045,	0.079996
1410,	0.000085,	0.000085,	0.000055,	0.079998
1411,	0.000085,	0.000085,	0.000065,	0.079999
1412,	0.000085,	0.000085,	0.000075,	0.080000
1413,	0.000085,	0.000085,	0.000085,	0.080000
1414,	0.000085,	0.000085,	0.000095,	0.080000
1417,	0.000085,	0.000095,	0.000005,	0.079988
1418,	0.000085,	0.000095,	0.000015,	0.079990
1419,	0.000085,	0.000095,	0.000025,	0.079993
1420,	0.000085,	0.000095,	0.000035,	0.079995
1421,	0.000085,	0.000095,	0.000045,	0.079997
1422,	0.000085,	0.000095,	0.000055,	0.079999
1423,	0.000085,	0.000095,	0.000065,	0.079999
1424,	0.000085,	0.000095,	0.000075,	0.080000
1425,	0.000085,	0.000095,	0.000085,	0.080000
1426,	0.000085,	0.000095,	0.000095,	0.080000
1453,	0.000095,	0.000005,	0.000005,	0.079992
1454,	0.000095,	0.000005,	0.000015,	0.079993
1455,	0.000095,	0.000005,	0.000025,	0.079995
1456,	0.000095,	0.000005,	0.000035,	0.079997
1457,	0.000095,	0.000005,	0.000045,	0.079998
1458,	0.000095,	0.000005,	0.000055,	0.079999
1459,	0.000095,	0.000005,	0.000065,	0.079999
1460,	0.000095,	0.000005,	0.000075,	0.080000
1461,	0.000095,	0.000005,	0.000085,	0.080000
1462,	0.000095,	0.000005,	0.000095,	0.080000
1465,	0.000095,	0.000015,	0.000005,	0.079989
1466,	0.000095,	0.000015,	0.000015,	0.079991
1467,	0.000095,	0.000015,	0.000025,	0.079993
1468,	0.000095,	0.000015,	0.000035,	0.079996
1469,	0.000095,	0.000015,	0.000045,	0.079998
1470,	0.000095,	0.000015,	0.000055,	0.079999
1471,	0.000095,	0.000015,	0.000065,	0.079999
1472,	0.000095,	0.000015,	0.000075,	0.080000
1473,	0.000095,	0.000015,	0.000085,	0.080000
1474,	0.000095,	0.000015,	0.000095,	0.080000
1477,	0.000095,	0.000025,	0.000005,	0.079984
1478,	0.000095,	0.000025,	0.000015,	0.079986
1479,	0.000095,	0.000025,	0.000025,	0.079990
1480,	0.000095,	0.000025,	0.000035,	0.079994
1481,	0.000095,	0.000025,	0.000045,	0.079997
1482,	0.000095,	0.000025,	0.000055,	0.079998
1483,	0.000095,	0.000025,	0.000065,	0.079999
1484,	0.000095,	0.000025,	0.000075,	0.080000
1485,	0.000095,	0.000025,	0.000085,	0.080000
1486,	0.000095,	0.000025,	0.000095,	0.080000
1489,	0.000095,	0.000035,	0.000005,	0.079976
1490,	0.000095,	0.000035,	0.000015,	0.079980
1491,	0.000095,	0.000035,	0.000025,	0.079986
1492,	0.000095,	0.000035,	0.000035,	0.079992
1493,	0.000095,	0.000035,	0.000045,	0.079995
1494,	0.000095,	0.000035,	0.000055,	0.079998
1495,	0.000095,	0.000035,	0.000065,	0.079999
1496,	0.000095,	0.000035,	0.000075,	0.080000
1497,	0.000095,	0.000035,	0.000085,	0.080000
1498,	0.000095,	0.000035,	0.000095,	0.080000
1501,	0.000095,	0.000045,	0.000005,	0.079969
1502,	0.000095,	0.000045,	0.000015,	0.079975
1503,	0.000095,	0.000045,	0.000025,	0.079983
1504,	0.000095,	0.000045,	0.000035,	0.079990
1505,	0.000095,	0.000045,	0.000045,	0.079995
1506,	0.000095,	0.000045,	0.000055,	0.079997
1507,	0.000095,	0.000045,	0.000065,	0.079999
1508,	0.000095,	0.000045,	0.000075,	0.079999
1509,	0.000095,	0.000045,	0.000085,	0.080000
1510,	0.000095,	0.000045,	0.000095,	0.080000
1513,	0.000095,	0.000055,	0.000005,	0.079968
1514,	0.000095,	0.000055,	0.000015,	0.079974
1515,	0.000095,	0.000055,	0.000025,	0.079983
1516,	0.000095,	0.000055,	0.000035,	0.079990
1517,	0.000095,	0.000055,	0.000045,	0.079994
1518,	0.000095,	0.000055,	0.000055,	0.079997
1519,	0.000095,	0.000055,	0.000065,	0.079999
1520,	0.000095,	0.000055,	0.000075,	0.079999
1521,	0.000095,	0.000055,	0.000085,	0.080000
1522,	0.000095,	0.000055,	0.000095,	0.080000
1525,	0.000095,	0.000065,	0.000005,	0.079973
1526,	0.000095,	0.000065,	0.000015,	0.079978
1527,	0.000095,	0.000065,	0.000025,	0.079985
1528,	0.000095,	0.000065,	0.000035,	0.079991
1529,	0.000095,	0.000065,	0.000045,	0.079995
1530,	0.000095,	0.000065,	0.000055,	0.079998
1531,	0.000095,	0.000065,	0.000065,	0.079999
1532,	0.000095,	0.000065,	0.000075,	0.080000
1533,	0.000095,	0.000065,	0.000085,	0.080000
1534,	0.000095,	0.000065,	0.000095,	0.080000
1537,	0.000095,	0.000075,	0.000005,	0.079981
1538,	0.000095,	0.000075,	0.000015,	0.079984
1539,	0.000095,	0.000075,	0.000025,	0.079989
1540,	0.000095,	0.000075,	0.000035,	0.079993
1541,	0.000095,	0.000075,	0.000045,	0.079996
1542,	0.000095,	0.000075,	0.000055,	0.079998
1543,	0.000095,	0.000075,	0.000065,	0.079999
1544,	0.000095,	0.000075,	0.000075,	0.080000
1545,	0.000095,	0.000075,	0.000085,	0.080000
1546,	0.000095,	0.000075,	0.000095,	0.080000
1549,	0.000095,	0.000085,	0.000005,	0.079988
1550,	0.000095,	0.000085,	0.000015,	0.079990
1551,	0.000095,	0.000085,	0.000025,	0.079993
1552,	0.000095,	0.000085,	0.000035,	0.079995
1553,	0.000095,	0.000085,	0.000045,	0.079997
1554,	0.000095,	0.000085,	0.000055,	0.079999
1555,	0.000095,	0.000085,	0.000065,	0.079999
1556,	0.000095,	0.000085,	0.000075,	0.080000
1557,	0.000095,	0.000085,	0.000085,	0.080000
1558,	0.000095,	0.000085,	0.000095,	0.080000
1561,	0.000095,	0.000095,	0.000005,	0.079992
1562,	0.000095,	0.000095,	0.000015,	0.079993
1563,	0.000095,	0.000095,	0.000025,	0.079995
1564,	0.000095,	0.000095,	0.000035,	0.079997
1565,	0.000095,	0.000095,	0.000045,	0.079998
1566,	0.000095,	0.000095,	0.000055,	0.079999
1567,	0.000095,	0.000095,	0.000065,	0.079999
1568,	0.000095,	0.000095,	0.000075,	0.080000
1569,	0.000095,	0.000095,	0.000085,	0.080000
1570,	0.000095,	0.000095,	0.000095,	0.080000
