,x,y,z,scalar,1,1,1,0.5
0,	0.000005,	0.000005,	0.000005,	0.000500
1,	0.000015,	0.000005,	0.000005,	0.000500
2,	0.000025,	0.000005,	0.000005,	0.000500
3,	0.000035,	0.000005,	0.000005,	0.000500
4,	0.000045,	0.000005,	0.000005,	0.000500
5,	0.000055,	0.000005,	0.000005,	0.000500
6,	0.000065,	0.000005,	0.000005,	0.000500
7,	0.000075,	0.000005,	0.000005,	0.000500
8,	0.000085,	0.000005,	0.000005,	0.000500
9,	0.000095,	0.000005,	0.000005,	0.000500
10,	0.000005,	0.000015,	0.000005,	0.000500
11,	0.000015,	0.000015,	0.000005,	0.000500
12,	0.000025,	0.000015,	0.000005,	0.000500
13,	0.000035,	0.000015,	0.000005,	0.000500
14,	0.000045,	0.000015,	0.000005,	0.000500
15,	0.000055,	0.000015,	0.000005,	0.000500
16,	0.000065,	0.000015,	0.000005,	0.000500
17,	0.000075,	0.000015,	0.000005,	0.000500
18,	0.000085,	0.000015,	0.000005,	0.000500
19,	0.000095,	0.000015,	0.000005,	0.000500
20,	0.000005,	0.000025,	0.000005,	0.000500
21,	0.000015,	0.000025,	0.000005,	0.000500
22,	0.000025,	0.000025,	0.000005,	0.000500
23,	0.000035,	0.000025,	0.000005,	0.000500
24,	0.000045,	0.000025,	0.000005,	0.000500
25,	0.000055,	0.000025,	0.000005,	0.000500
26,	0.000065,	0.000025,	0.000005,	0.000500
27,	0.000075,	0.000025,	0.000005,	0.000500
28,	0.000085,	0.000025,	0.000005,	0.000500
29,	0.000095,	0.000025,	0.000005,	0.000500
30,	0.000005,	0.000035,	0.000005,	0.000500
31,	0.000015,	0.000035,	0.000005,	0.000500
32,	0.000025,	0.000035,	0.000005,	0.000500
33,	0.000035,	0.000035,	0.000005,	0.000500
34,	0.000045,	0.000035,	0.000005,	0.000500
35,	0.000055,	0.000035,	0.000005,	0.000500
36,	0.000065,	0.000035,	0.000005,	0.000500
37,	0.000075,	0.000035,	0.000005,	0.000500
38,	0.000085,	0.000035,	0.000005,	0.000500
39,	0.000095,	0.000035,	0.000005,	0.000500
40,	0.000005,	0.000045,	0.000005,	0.000500
41,	0.000015,	0.000045,	0.000005,	0.000500
42,	0.000025,	0.000045,	0.000005,	0.000500
43,	0.000035,	0.000045,	0.000005,	0.000500
44,	0.000045,	0.000045,	0.000005,	0.000500
45,	0.000055,	0.000045,	0.000005,	0.000500
46,	0.000065,	0.000045,	0.000005,	0.000500
47,	0.000075,	0.000045,	0.000005,	0.000500
48,	0.000085,	0.000045,	0.000005,	0.000500
49,	0.000095,	0.000045,	0.000005,	0.000500
50,	0.000005,	0.000055,	0.000005,	0.000500
51,	0.000015,	0.000055,	0.000005,	0.000500
52,	0.000025,	0.000055,	0.000005,	0.000500
53,	0.000035,	0.000055,	0.000005,	0.000500
54,	0.000045,	0.000055,	0.000005,	0.000500
55,	0.000055,	0.000055,	0.000005,	0.000500
56,	0.000065,	0.000055,	0.000005,	0.000500
57,	0.000075,	0.000055,	0.000005,	0.000500
58,	0.000085,	0.000055,	0.000005,	0.000500
59,	0.000095,	0.000055,	0.000005,	0.000500
60,	0.000005,	0.000065,	0.000005,	0.000500
61,	0.000015,	0.000065,	0.000005,	0.000500
62,	0.000025,	0.000065,	0.000005,	0.000500
63,	0.000035,	0.000065,	0.000005,	0.000500
64,	0.000045,	0.000065,	0.000005,	0.000500
65,	0.000055,	0.000065,	0.000005,	0.000500
66,	0.000065,	0.000065,	0.000005,	0.000500
67,	0.000075,	0.000065,	0.000005,	0.000500
68,	0.000085,	0.000065,	0.000005,	0.000500
69,	0.000095,	0.000065,	0.000005,	0.000500
70,	0.000005,	0.000075,	0.000005,	0.000500
71,	0.000015,	0.000075,	0.000005,	0.000500
72,	0.000025,	0.000075,	0.000005,	0.000500
73,	0.000035,	0.000075,	0.000005,	0.000500
74,	0.000045,	0.000075,	0.000005,	0.000500
75,	0.000055,	0.000075,	0.000005,	0.000500
76,	0.000065,	0.000075,	0.000005,	0.000500
77,	0.000075,	0.000075,	0.000005,	0.000500
78,	0.000085,	0.000075,	0.000005,	0.000500
79,	0.000095,	0.000075,	0.000005,	0.000500
80,	0.000005,	0.000085,	0.000005,	0.000500
81,	0.000015,	0.000085,	0.000005,	0.000500
82,	0.000025,	0.000085,	0.000005,	0.000500
83,	0.000035,	0.000085,	0.000005,	0.000500
84,	0.000045,	0.000085,	0.000005,	0.000500
85,	0.000055,	0.000085,	0.000005,	0.000500
86,	0.000065,	0.000085,	0.000005,	0.000500
87,	0.000075,	0.000085,	0.000005,	0.000500
88,	0.000085,	0.000085,	0.000005,	0.000500
89,	0.000095,	0.000085,	0.000005,	0.000500
90,	0.000005,	0.000095,	0.000005,	0.000500
91,	0.000015,	0.000095,	0.000005,	0.000500
92,	0.000025,	0.000095,	0.000005,	0.000500
93,	0.000035,	0.000095,	0.000005,	0.000500
94,	0.000045,	0.000095,	0.000005,	0.000500
95,	0.000055,	0.000095,	0.000005,	0.000500
96,	0.000065,	0.000095,	0.000005,	0.000500
97,	0.000075,	0.000095,	0.000005,	0.000500
98,	0.000085,	0.000095,	0.000005,	0.000500
99,	0.000095,	0.000095,	0.000005,	0.000500
100,	0.000005,	0.000005,	0.000015,	0.000500
101,	0.000015,	0.000005,	0.000015,	0.000500
102,	0.000025,	0.000005,	0.000015,	0.000500
103,	0.000035,	0.000005,	0.000015,	0.000500
104,	0.000045,	0.000005,	0.000015,	0.000500
105,	0.000055,	0.000005,	0.000015,	0.000500
106,	0.000065,	0.000005,	0.000015,	0.000500
107,	0.000075,	0.000005,	0.000015,	0.000500
108,	0.000085,	0.000005,	0.000015,	0.000500
109,	0.000095,	0.000005,	0.000015,	0.000500
110,	0.000005,	0.000015,	0.000015,	0.000500
111,	0.000015,	0.000015,	0.000015,	0.000500
112,	0.000025,	0.000015,	0.000015,	0.000500
113,	0.000035,	0.000015,	0.000015,	0.000500
114,	0.000045,	0.000015,	0.000015,	0.000500
115,	0.000055,	0.000015,	0.000015,	0.000500
116,	0.000065,	0.000015,	0.000015,	0.000500
117,	0.000075,	0.000015,	0.000015,	0.000500
118,	0.000085,	0.000015,	0.000015,	0.000500
119,	0.000095,	0.000015,	0.000015,	0.000500
120,	0.000005,	0.000025,	0.000015,	0.000500
121,	0.000015,	0.000025,	0.000015,	0.000500
122,	0.000025,	0.000025,	0.000015,	0.000500
123,	0.000035,	0.000025,	0.000015,	0.000500
124,	0.000045,	0.000025,	0.000015,	0.000500
125,	0.000055,	0.000025,	0.000015,	0.000500
126,	0.000065,	0.000025,	0.000015,	0.000500
127,	0.000075,	0.000025,	0.000015,	0.000500
128,	0.000085,	0.000025,	0.000015,	0.000500
129,	0.000095,	0.000025,	0.000015,	0.000500
130,	0.000005,	0.000035,	0.000015,	0.000500
131,	0.000015,	0.000035,	0.000015,	0.000500
132,	0.000025,	0.000035,	0.000015,	0.000500
133,	0.000035,	0.000035,	0.000015,	0.000500
134,	0.000045,	0.000035,	0.000015,	0.000500
135,	0.000055,	0.000035,	0.000015,	0.000500
136,	0.000065,	0.000035,	0.000015,	0.000500
137,	0.000075,	0.000035,	0.000015,	0.000500
138,	0.000085,	0.000035,	0.000015,	0.000500
139,	0.000095,	0.000035,	0.000015,	0.000500
140,	0.000005,	0.000045,	0.000015,	0.000500
141,	0.000015,	0.000045,	0.000015,	0.000500
142,	0.000025,	0.000045,	0.000015,	0.000500
143,	0.000035,	0.000045,	0.000015,	0.000500
144,	0.000045,	0.000045,	0.000015,	0.000500
145,	0.000055,	0.000045,	0.000015,	0.000500
146,	0.000065,	0.000045,	0.000015,	0.000500
147,	0.000075,	0.000045,	0.000015,	0.000500
148,	0.000085,	0.000045,	0.000015,	0.000500
149,	0.000095,	0.000045,	0.000015,	0.000500
150,	0.000005,	0.000055,	0.000015,	0.000500
151,	0.000015,	0.000055,	0.000015,	0.000500
152,	0.000025,	0.000055,	0.000015,	0.000500
153,	0.000035,	0.000055,	0.000015,	0.000500
154,	0.000045,	0.000055,	0.000015,	0.000500
155,	0.000055,	0.000055,	0.000015,	0.000500
156,	0.000065,	0.000055,	0.000015,	0.000500
157,	0.000075,	0.000055,	0.000015,	0.000500
158,	0.000085,	0.000055,	0.000015,	0.000500
159,	0.000095,	0.000055,	0.000015,	0.000500
160,	0.000005,	0.000065,	0.000015,	0.000500
161,	0.000015,	0.000065,	0.000015,	0.000500
162,	0.000025,	0.000065,	0.000015,	0.000500
163,	0.000035,	0.000065,	0.000015,	0.000500
164,	0.000045,	0.000065,	0.000015,	0.000500
165,	0.000055,	0.000065,	0.000015,	0.000500
166,	0.000065,	0.000065,	0.000015,	0.000500
167,	0.000075,	0.000065,	0.000015,	0.000500
168,	0.000085,	0.000065,	0.000015,	0.000500
169,	0.000095,	0.000065,	0.000015,	0.000500
170,	0.000005,	0.000075,	0.000015,	0.000500
171,	0.000015,	0.000075,	0.000015,	0.000500
172,	0.000025,	0.000075,	0.000015,	0.000500
173,	0.000035,	0.000075,	0.000015,	0.000500
174,	0.000045,	0.000075,	0.000015,	0.000500
175,	0.000055,	0.000075,	0.000015,	0.000500
176,	0.000065,	0.000075,	0.000015,	0.000500
177,	0.000075,	0.000075,	0.000015,	0.000500
178,	0.000085,	0.000075,	0.000015,	0.000500
179,	0.000095,	0.000075,	0.000015,	0.000500
180,	0.000005,	0.000085,	0.000015,	0.000500
181,	0.000015,	0.000085,	0.000015,	0.000500
182,	0.000025,	0.000085,	0.000015,	0.000500
183,	0.000035,	0.000085,	0.000015,	0.000500
184,	0.000045,	0.000085,	0.000015,	0.000500
185,	0.000055,	0.000085,	0.000015,	0.000500
186,	0.000065,	0.000085,	0.000015,	0.000500
187,	0.000075,	0.000085,	0.000015,	0.000500
188,	0.000085,	0.000085,	0.000015,	0.000500
189,	0.000095,	0.000085,	0.000015,	0.000500
190,	0.000005,	0.000095,	0.000015,	0.000500
191,	0.000015,	0.000095,	0.000015,	0.000500
192,	0.000025,	0.000095,	0.000015,	0.000500
193,	0.000035,	0.000095,	0.000015,	0.000500
194,	0.000045,	0.000095,	0.000015,	0.000500
195,	0.000055,	0.000095,	0.000015,	0.000500
196,	0.000065,	0.000095,	0.000015,	0.000500
197,	0.000075,	0.000095,	0.000015,	0.000500
198,	0.000085,	0.000095,	0.000015,	0.000500
199,	0.000095,	0.000095,	0.000015,	0.000500
200,	0.000005,	0.000005,	0.000025,	0.000500
201,	0.000015,	0.000005,	0.000025,	0.000500
202,	0.000025,	0.000005,	0.000025,	0.000500
203,	0.000035,	0.000005,	0.000025,	0.000500
204,	0.000045,	0.000005,	0.000025,	0.000500
205,	0.000055,	0.000005,	0.000025,	0.000500
206,	0.000065,	0.000005,	0.000025,	0.000500
207,	0.000075,	0.000005,	0.000025,	0.000500
208,	0.000085,	0.000005,	0.000025,	0.000500
209,	0.000095,	0.000005,	0.000025,	0.000500
210,	0.000005,	0.000015,	0.000025,	0.000500
211,	0.000015,	0.000015,	0.000025,	0.000500
212,	0.000025,	0.000015,	0.000025,	0.000500
213,	0.000035,	0.000015,	0.000025,	0.000500
214,	0.000045,	0.000015,	0.000025,	0.000500
215,	0.000055,	0.000015,	0.000025,	0.000500
216,	0.000065,	0.000015,	0.000025,	0.000500
217,	0.000075,	0.000015,	0.000025,	0.000500
218,	0.000085,	0.000015,	0.000025,	0.000500
219,	0.000095,	0.000015,	0.000025,	0.000500
220,	0.000005,	0.000025,	0.000025,	0.000500
221,	0.000015,	0.000025,	0.000025,	0.000500
222,	0.000025,	0.000025,	0.000025,	0.000500
223,	0.000035,	0.000025,	0.000025,	0.000500
224,	0.000045,	0.000025,	0.000025,	0.000500
225,	0.000055,	0.000025,	0.000025,	0.000500
226,	0.000065,	0.000025,	0.000025,	0.000500
227,	0.000075,	0.000025,	0.000025,	0.000500
228,	0.000085,	0.000025,	0.000025,	0.000500
229,	0.000095,	0.000025,	0.000025,	0.000500
230,	0.000005,	0.000035,	0.000025,	0.000500
231,	0.000015,	0.000035,	0.000025,	0.000500
232,	0.000025,	0.000035,	0.000025,	0.000500
233,	0.000035,	0.000035,	0.000025,	0.000500
234,	0.000045,	0.000035,	0.000025,	0.000500
235,	0.000055,	0.000035,	0.000025,	0.000500
236,	0.000065,	0.000035,	0.000025,	0.000500
237,	0.000075,	0.000035,	0.000025,	0.000500
238,	0.000085,	0.000035,	0.000025,	0.000500
239,	0.000095,	0.000035,	0.000025,	0.000500
240,	0.000005,	0.000045,	0.000025,	0.000500
241,	0.000015,	0.000045,	0.000025,	0.000500
242,	0.000025,	0.000045,	0.000025,	0.000500
243,	0.000035,	0.000045,	0.000025,	0.000500
244,	0.000045,	0.000045,	0.000025,	0.000500
245,	0.000055,	0.000045,	0.000025,	0.000500
246,	0.000065,	0.000045,	0.000025,	0.000500
247,	0.000075,	0.000045,	0.000025,	0.000500
248,	0.000085,	0.000045,	0.000025,	0.000500
249,	0.000095,	0.000045,	0.000025,	0.000500
250,	0.000005,	0.000055,	0.000025,	0.000500
251,	0.000015,	0.000055,	0.000025,	0.000500
252,	0.000025,	0.000055,	0.000025,	0.000500
253,	0.000035,	0.000055,	0.000025,	0.000500
254,	0.000045,	0.000055,	0.000025,	0.000500
255,	0.000055,	0.000055,	0.000025,	0.000500
256,	0.000065,	0.000055,	0.000025,	0.000500
257,	0.000075,	0.000055,	0.000025,	0.000500
258,	0.000085,	0.000055,	0.000025,	0.000500
259,	0.000095,	0.000055,	0.000025,	0.000500
260,	0.000005,	0.000065,	0.000025,	0.000500
261,	0.000015,	0.000065,	0.000025,	0.000500
262,	0.000025,	0.000065,	0.000025,	0.000500
263,	0.000035,	0.000065,	0.000025,	0.000500
264,	0.000045,	0.000065,	0.000025,	0.000500
265,	0.000055,	0.000065,	0.000025,	0.000500
266,	0.000065,	0.000065,	0.000025,	0.000500
267,	0.000075,	0.000065,	0.000025,	0.000500
268,	0.000085,	0.000065,	0.000025,	0.000500
269,	0.000095,	0.000065,	0.000025,	0.000500
270,	0.000005,	0.000075,	0.000025,	0.000500
271,	0.000015,	0.000075,	0.000025,	0.000500
272,	0.000025,	0.000075,	0.000025,	0.000500
273,	0.000035,	0.000075,	0.000025,	0.000500
274,	0.000045,	0.000075,	0.000025,	0.000500
275,	0.000055,	0.000075,	0.000025,	0.000500
276,	0.000065,	0.000075,	0.000025,	0.000500
277,	0.000075,	0.000075,	0.000025,	0.000500
278,	0.000085,	0.000075,	0.000025,	0.000500
279,	0.000095,	0.000075,	0.000025,	0.000500
280,	0.000005,	0.000085,	0.000025,	0.000500
281,	0.000015,	0.000085,	0.000025,	0.000500
282,	0.000025,	0.000085,	0.000025,	0.000500
283,	0.000035,	0.000085,	0.000025,	0.000500
284,	0.000045,	0.000085,	0.000025,	0.000500
285,	0.000055,	0.000085,	0.000025,	0.000500
286,	0.000065,	0.000085,	0.000025,	0.000500
287,	0.000075,	0.000085,	0.000025,	0.000500
288,	0.000085,	0.000085,	0.000025,	0.000500
289,	0.000095,	0.000085,	0.000025,	0.000500
290,	0.000005,	0.000095,	0.000025,	0.000500
291,	0.000015,	0.000095,	0.000025,	0.000500
292,	0.000025,	0.000095,	0.000025,	0.000500
293,	0.000035,	0.000095,	0.000025,	0.000500
294,	0.000045,	0.000095,	0.000025,	0.000500
295,	0.000055,	0.000095,	0.000025,	0.000500
296,	0.000065,	0.000095,	0.000025,	0.000500
297,	0.000075,	0.000095,	0.000025,	0.000500
298,	0.000085,	0.000095,	0.000025,	0.000500
299,	0.000095,	0.000095,	0.000025,	0.000500
300,	0.000005,	0.000005,	0.000035,	0.000500
301,	0.000015,	0.000005,	0.000035,	0.000500
302,	0.000025,	0.000005,	0.000035,	0.000500
303,	0.000035,	0.000005,	0.000035,	0.000500
304,	0.000045,	0.000005,	0.000035,	0.000500
305,	0.000055,	0.000005,	0.000035,	0.000500
306,	0.000065,	0.000005,	0.000035,	0.000500
307,	0.000075,	0.000005,	0.000035,	0.000500
308,	0.000085,	0.000005,	0.000035,	0.000500
309,	0.000095,	0.000005,	0.000035,	0.000500
310,	0.000005,	0.000015,	0.000035,	0.000500
311,	0.000015,	0.000015,	0.000035,	0.000500
312,	0.000025,	0.000015,	0.000035,	0.000500
313,	0.000035,	0.000015,	0.000035,	0.000500
314,	0.000045,	0.000015,	0.000035,	0.000500
315,	0.000055,	0.000015,	0.000035,	0.000500
316,	0.000065,	0.000015,	0.000035,	0.000500
317,	0.000075,	0.000015,	0.000035,	0.000500
318,	0.000085,	0.000015,	0.000035,	0.000500
319,	0.000095,	0.000015,	0.000035,	0.000500
320,	0.000005,	0.000025,	0.000035,	0.000500
321,	0.000015,	0.000025,	0.000035,	0.000500
322,	0.000025,	0.000025,	0.000035,	0.000500
323,	0.000035,	0.000025,	0.000035,	0.000500
324,	0.000045,	0.000025,	0.000035,	0.000500
325,	0.000055,	0.000025,	0.000035,	0.000500
326,	0.000065,	0.000025,	0.000035,	0.000500
327,	0.000075,	0.000025,	0.000035,	0.000500
328,	0.000085,	0.000025,	0.000035,	0.000500
329,	0.000095,	0.000025,	0.000035,	0.000500
330,	0.000005,	0.000035,	0.000035,	0.000500
331,	0.000015,	0.000035,	0.000035,	0.000500
332,	0.000025,	0.000035,	0.000035,	0.000500
333,	0.000035,	0.000035,	0.000035,	0.000500
334,	0.000045,	0.000035,	0.000035,	0.000500
335,	0.000055,	0.000035,	0.000035,	0.000500
336,	0.000065,	0.000035,	0.000035,	0.000500
337,	0.000075,	0.000035,	0.000035,	0.000500
338,	0.000085,	0.000035,	0.000035,	0.000500
339,	0.000095,	0.000035,	0.000035,	0.000500
340,	0.000005,	0.000045,	0.000035,	0.000500
341,	0.000015,	0.000045,	0.000035,	0.000500
342,	0.000025,	0.000045,	0.000035,	0.000500
343,	0.000035,	0.000045,	0.000035,	0.000500
344,	0.000045,	0.000045,	0.000035,	0.000500
345,	0.000055,	0.000045,	0.000035,	0.000500
346,	0.000065,	0.000045,	0.000035,	0.000500
347,	0.000075,	0.000045,	0.000035,	0.000500
348,	0.000085,	0.000045,	0.000035,	0.000500
349,	0.000095,	0.000045,	0.000035,	0.000500
350,	0.000005,	0.000055,	0.000035,	0.000500
351,	0.000015,	0.000055,	0.000035,	0.000500
352,	0.000025,	0.000055,	0.000035,	0.000500
353,	0.000035,	0.000055,	0.000035,	0.000500
354,	0.000045,	0.000055,	0.000035,	0.000500
355,	0.000055,	0.000055,	0.000035,	0.000500
356,	0.000065,	0.000055,	0.000035,	0.000500
357,	0.000075,	0.000055,	0.000035,	0.000500
358,	0.000085,	0.000055,	0.000035,	0.000500
359,	0.000095,	0.000055,	0.000035,	0.000500
360,	0.000005,	0.000065,	0.000035,	0.000500
361,	0.000015,	0.000065,	0.000035,	0.000500
362,	0.000025,	0.000065,	0.000035,	0.000500
363,	0.000035,	0.000065,	0.000035,	0.000500
364,	0.000045,	0.000065,	0.000035,	0.000500
365,	0.000055,	0.000065,	0.000035,	0.000500
366,	0.000065,	0.000065,	0.000035,	0.000500
367,	0.000075,	0.000065,	0.000035,	0.000500
368,	0.000085,	0.000065,	0.000035,	0.000500
369,	0.000095,	0.000065,	0.000035,	0.000500
370,	0.000005,	0.000075,	0.000035,	0.000500
371,	0.000015,	0.000075,	0.000035,	0.000500
372,	0.000025,	0.000075,	0.000035,	0.000500
373,	0.000035,	0.000075,	0.000035,	0.000500
374,	0.000045,	0.000075,	0.000035,	0.000500
375,	0.000055,	0.000075,	0.000035,	0.000500
376,	0.000065,	0.000075,	0.000035,	0.000500
377,	0.000075,	0.000075,	0.000035,	0.000500
378,	0.000085,	0.000075,	0.000035,	0.000500
379,	0.000095,	0.000075,	0.000035,	0.000500
380,	0.000005,	0.000085,	0.000035,	0.000500
381,	0.000015,	0.000085,	0.000035,	0.000500
382,	0.000025,	0.000085,	0.000035,	0.000500
383,	0.000035,	0.000085,	0.000035,	0.000500
384,	0.000045,	0.000085,	0.000035,	0.000500
385,	0.000055,	0.000085,	0.000035,	0.000500
386,	0.000065,	0.000085,	0.000035,	0.000500
387,	0.000075,	0.000085,	0.000035,	0.000500
388,	0.000085,	0.000085,	0.000035,	0.000500
389,	0.000095,	0.000085,	0.000035,	0.000500
390,	0.000005,	0.000095,	0.000035,	0.000500
391,	0.000015,	0.000095,	0.000035,	0.000500
392,	0.000025,	0.000095,	0.000035,	0.000500
393,	0.000035,	0.000095,	0.000035,	0.000500
394,	0.000045,	0.000095,	0.000035,	0.000500
395,	0.000055,	0.000095,	0.000035,	0.000500
396,	0.000065,	0.000095,	0.000035,	0.000500
397,	0.000075,	0.000095,	0.000035,	0.000500
398,	0.000085,	0.000095,	0.000035,	0.000500
399,	0.000095,	0.000095,	0.000035,	0.000500
400,	0.000005,	0.000005,	0.000045,	0.000500
401,	0.000015,	0.000005,	0.000045,	0.000500
402,	0.000025,	0.000005,	0.000045,	0.000500
403,	0.000035,	0.000005,	0.000045,	0.000500
404,	0.000045,	0.000005,	0.000045,	0.000500
405,	0.000055,	0.000005,	0.000045,	0.000500
406,	0.000065,	0.000005,	0.000045,	0.000500
407,	0.000075,	0.000005,	0.000045,	0.000500
408,	0.000085,	0.000005,	0.000045,	0.000500
409,	0.000095,	0.000005,	0.000045,	0.000500
410,	0.000005,	0.000015,	0.000045,	0.000500
411,	0.000015,	0.000015,	0.000045,	0.000500
412,	0.000025,	0.000015,	0.000045,	0.000500
413,	0.000035,	0.000015,	0.000045,	0.000500
414,	0.000045,	0.000015,	0.000045,	0.000500
415,	0.000055,	0.000015,	0.000045,	0.000500
416,	0.000065,	0.000015,	0.000045,	0.000500
417,	0.000075,	0.000015,	0.000045,	0.000500
418,	0.000085,	0.000015,	0.000045,	0.000500
419,	0.000095,	0.000015,	0.000045,	0.000500
420,	0.000005,	0.000025,	0.000045,	0.000500
421,	0.000015,	0.000025,	0.000045,	0.000500
422,	0.000025,	0.000025,	0.000045,	0.000500
423,	0.000035,	0.000025,	0.000045,	0.000500
424,	0.000045,	0.000025,	0.000045,	0.000500
425,	0.000055,	0.000025,	0.000045,	0.000500
426,	0.000065,	0.000025,	0.000045,	0.000500
427,	0.000075,	0.000025,	0.000045,	0.000500
428,	0.000085,	0.000025,	0.000045,	0.000500
429,	0.000095,	0.000025,	0.000045,	0.000500
430,	0.000005,	0.000035,	0.000045,	0.000500
431,	0.000015,	0.000035,	0.000045,	0.000500
432,	0.000025,	0.000035,	0.000045,	0.000500
433,	0.000035,	0.000035,	0.000045,	0.000500
434,	0.000045,	0.000035,	0.000045,	0.000500
435,	0.000055,	0.000035,	0.000045,	0.000500
436,	0.000065,	0.000035,	0.000045,	0.000500
437,	0.000075,	0.000035,	0.000045,	0.000500
438,	0.000085,	0.000035,	0.000045,	0.000500
439,	0.000095,	0.000035,	0.000045,	0.000500
440,	0.000005,	0.000045,	0.000045,	0.000500
441,	0.000015,	0.000045,	0.000045,	0.000500
442,	0.000025,	0.000045,	0.000045,	0.000500
443,	0.000035,	0.000045,	0.000045,	0.000500
444,	0.000045,	0.000045,	0.000045,	0.000500
445,	0.000055,	0.000045,	0.000045,	0.000500
446,	0.000065,	0.000045,	0.000045,	0.000500
447,	0.000075,	0.000045,	0.000045,	0.000500
448,	0.000085,	0.000045,	0.000045,	0.000500
449,	0.000095,	0.000045,	0.000045,	0.000500
450,	0.000005,	0.000055,	0.000045,	0.000500
451,	0.000015,	0.000055,	0.000045,	0.000500
452,	0.000025,	0.000055,	0.000045,	0.000500
453,	0.000035,	0.000055,	0.000045,	0.000500
454,	0.000045,	0.000055,	0.000045,	0.000500
455,	0.000055,	0.000055,	0.000045,	0.000500
456,	0.000065,	0.000055,	0.000045,	0.000500
457,	0.000075,	0.000055,	0.000045,	0.000500
458,	0.000085,	0.000055,	0.000045,	0.000500
459,	0.000095,	0.000055,	0.000045,	0.000500
460,	0.000005,	0.000065,	0.000045,	0.000500
461,	0.000015,	0.000065,	0.000045,	0.000500
462,	0.000025,	0.000065,	0.000045,	0.000500
463,	0.000035,	0.000065,	0.000045,	0.000500
464,	0.000045,	0.000065,	0.000045,	0.000500
465,	0.000055,	0.000065,	0.000045,	0.000500
466,	0.000065,	0.000065,	0.000045,	0.000500
467,	0.000075,	0.000065,	0.000045,	0.000500
468,	0.000085,	0.000065,	0.000045,	0.000500
469,	0.000095,	0.000065,	0.000045,	0.000500
470,	0.000005,	0.000075,	0.000045,	0.000500
471,	0.000015,	0.000075,	0.000045,	0.000500
472,	0.000025,	0.000075,	0.000045,	0.000500
473,	0.000035,	0.000075,	0.000045,	0.000500
474,	0.000045,	0.000075,	0.000045,	0.000500
475,	0.000055,	0.000075,	0.000045,	0.000500
476,	0.000065,	0.000075,	0.000045,	0.000500
477,	0.000075,	0.000075,	0.000045,	0.000500
478,	0.000085,	0.000075,	0.000045,	0.000500
479,	0.000095,	0.000075,	0.000045,	0.000500
480,	0.000005,	0.000085,	0.000045,	0.000500
481,	0.000015,	0.000085,	0.000045,	0.000500
482,	0.000025,	0.000085,	0.000045,	0.000500
483,	0.000035,	0.000085,	0.000045,	0.000500
484,	0.000045,	0.000085,	0.000045,	0.000500
485,	0.000055,	0.000085,	0.000045,	0.000500
486,	0.000065,	0.000085,	0.000045,	0.000500
487,	0.000075,	0.000085,	0.000045,	0.000500
488,	0.000085,	0.000085,	0.000045,	0.000500
489,	0.000095,	0.000085,	0.000045,	0.000500
490,	0.000005,	0.000095,	0.000045,	0.000500
491,	0.000015,	0.000095,	0.000045,	0.000500
492,	0.000025,	0.000095,	0.000045,	0.000500
493,	0.000035,	0.000095,	0.000045,	0.000500
494,	0.000045,	0.000095,	0.000045,	0.000500
495,	0.000055,	0.000095,	0.000045,	0.000500
496,	0.000065,	0.000095,	0.000045,	0.000500
497,	0.000075,	0.000095,	0.000045,	0.000500
498,	0.000085,	0.000095,	0.000045,	0.000500
499,	0.000095,	0.000095,	0.000045,	0.000500
500,	0.000005,	0.000005,	0.000055,	0.000500
501,	0.000015,	0.000005,	0.000055,	0.000500
502,	0.000025,	0.000005,	0.000055,	0.000500
503,	0.000035,	0.000005,	0.000055,	0.000500
504,	0.000045,	0.000005,	0.000055,	0.000500
505,	0.000055,	0.000005,	0.000055,	0.000500
506,	0.000065,	0.000005,	0.000055,	0.000500
507,	0.000075,	0.000005,	0.000055,	0.000500
508,	0.000085,	0.000005,	0.000055,	0.000500
509,	0.000095,	0.000005,	0.000055,	0.000500
510,	0.000005,	0.000015,	0.000055,	0.000500
511,	0.000015,	0.000015,	0.000055,	0.000500
512,	0.000025,	0.000015,	0.000055,	0.000500
513,	0.000035,	0.000015,	0.000055,	0.000500
514,	0.000045,	0.000015,	0.000055,	0.000500
515,	0.000055,	0.000015,	0.000055,	0.000500
516,	0.000065,	0.000015,	0.000055,	0.000500
517,	0.000075,	0.000015,	0.000055,	0.000500
518,	0.000085,	0.000015,	0.000055,	0.000500
519,	0.000095,	0.000015,	0.000055,	0.000500
520,	0.000005,	0.000025,	0.000055,	0.000500
521,	0.000015,	0.000025,	0.000055,	0.000500
522,	0.000025,	0.000025,	0.000055,	0.000500
523,	0.000035,	0.000025,	0.000055,	0.000500
524,	0.000045,	0.000025,	0.000055,	0.000500
525,	0.000055,	0.000025,	0.000055,	0.000500
526,	0.000065,	0.000025,	0.000055,	0.000500
527,	0.000075,	0.000025,	0.000055,	0.000500
528,	0.000085,	0.000025,	0.000055,	0.000500
529,	0.000095,	0.000025,	0.000055,	0.000500
530,	0.000005,	0.000035,	0.000055,	0.000500
531,	0.000015,	0.000035,	0.000055,	0.000500
532,	0.000025,	0.000035,	0.000055,	0.000500
533,	0.000035,	0.000035,	0.000055,	0.000500
534,	0.000045,	0.000035,	0.000055,	0.000500
535,	0.000055,	0.000035,	0.000055,	0.000500
536,	0.000065,	0.000035,	0.000055,	0.000500
537,	0.000075,	0.000035,	0.000055,	0.000500
538,	0.000085,	0.000035,	0.000055,	0.000500
539,	0.000095,	0.000035,	0.000055,	0.000500
540,	0.000005,	0.000045,	0.000055,	0.000500
541,	0.000015,	0.000045,	0.000055,	0.000500
542,	0.000025,	0.000045,	0.000055,	0.000500
543,	0.000035,	0.000045,	0.000055,	0.000500
544,	0.000045,	0.000045,	0.000055,	0.000500
545,	0.000055,	0.000045,	0.000055,	0.000500
546,	0.000065,	0.000045,	0.000055,	0.000500
547,	0.000075,	0.000045,	0.000055,	0.000500
548,	0.000085,	0.000045,	0.000055,	0.000500
549,	0.000095,	0.000045,	0.000055,	0.000500
550,	0.000005,	0.000055,	0.000055,	0.000500
551,	0.000015,	0.000055,	0.000055,	0.000500
552,	0.000025,	0.000055,	0.000055,	0.000500
553,	0.000035,	0.000055,	0.000055,	0.000500
554,	0.000045,	0.000055,	0.000055,	0.000500
555,	0.000055,	0.000055,	0.000055,	0.000500
556,	0.000065,	0.000055,	0.000055,	0.000500
557,	0.000075,	0.000055,	0.000055,	0.000500
558,	0.000085,	0.000055,	0.000055,	0.000500
559,	0.000095,	0.000055,	0.000055,	0.000500
560,	0.000005,	0.000065,	0.000055,	0.000500
561,	0.000015,	0.000065,	0.000055,	0.000500
562,	0.000025,	0.000065,	0.000055,	0.000500
563,	0.000035,	0.000065,	0.000055,	0.000500
564,	0.000045,	0.000065,	0.000055,	0.000500
565,	0.000055,	0.000065,	0.000055,	0.000500
566,	0.000065,	0.000065,	0.000055,	0.000500
567,	0.000075,	0.000065,	0.000055,	0.000500
568,	0.000085,	0.000065,	0.000055,	0.000500
569,	0.000095,	0.000065,	0.000055,	0.000500
570,	0.000005,	0.000075,	0.000055,	0.000500
571,	0.000015,	0.000075,	0.000055,	0.000500
572,	0.000025,	0.000075,	0.000055,	0.000500
573,	0.000035,	0.000075,	0.000055,	0.000500
574,	0.000045,	0.000075,	0.000055,	0.000500
575,	0.000055,	0.000075,	0.000055,	0.000500
576,	0.000065,	0.000075,	0.000055,	0.000500
577,	0.000075,	0.000075,	0.000055,	0.000500
578,	0.000085,	0.000075,	0.000055,	0.000500
579,	0.000095,	0.000075,	0.000055,	0.000500
580,	0.000005,	0.000085,	0.000055,	0.000500
581,	0.000015,	0.000085,	0.000055,	0.000500
582,	0.000025,	0.000085,	0.000055,	0.000500
583,	0.000035,	0.000085,	0.000055,	0.000500
584,	0.000045,	0.000085,	0.000055,	0.000500
585,	0.000055,	0.000085,	0.000055,	0.000500
586,	0.000065,	0.000085,	0.000055,	0.000500
587,	0.000075,	0.000085,	0.000055,	0.000500
588,	0.000085,	0.000085,	0.000055,	0.000500
589,	0.000095,	0.000085,	0.000055,	0.000500
590,	0.000005,	0.000095,	0.000055,	0.000500
591,	0.000015,	0.000095,	0.000055,	0.000500
592,	0.000025,	0.000095,	0.000055,	0.000500
593,	0.000035,	0.000095,	0.000055,	0.000500
594,	0.000045,	0.000095,	0.000055,	0.000500
595,	0.000055,	0.000095,	0.000055,	0.000500
596,	0.000065,	0.000095,	0.000055,	0.000500
597,	0.000075,	0.000095,	0.000055,	0.000500
598,	0.000085,	0.000095,	0.000055,	0.000500
599,	0.000095,	0.000095,	0.000055,	0.000500
600,	0.000005,	0.000005,	0.000065,	0.000500
601,	0.000015,	0.000005,	0.000065,	0.000500
602,	0.000025,	0.000005,	0.000065,	0.000500
603,	0.000035,	0.000005,	0.000065,	0.000500
604,	0.000045,	0.000005,	0.000065,	0.000500
605,	0.000055,	0.000005,	0.000065,	0.000500
606,	0.000065,	0.000005,	0.000065,	0.000500
607,	0.000075,	0.000005,	0.000065,	0.000500
608,	0.000085,	0.000005,	0.000065,	0.000500
609,	0.000095,	0.000005,	0.000065,	0.000500
610,	0.000005,	0.000015,	0.000065,	0.000500
611,	0.000015,	0.000015,	0.000065,	0.000500
612,	0.000025,	0.000015,	0.000065,	0.000500
613,	0.000035,	0.000015,	0.000065,	0.000500
614,	0.000045,	0.000015,	0.000065,	0.000500
615,	0.000055,	0.000015,	0.000065,	0.000500
616,	0.000065,	0.000015,	0.000065,	0.000500
617,	0.000075,	0.000015,	0.000065,	0.000500
618,	0.000085,	0.000015,	0.000065,	0.000500
619,	0.000095,	0.000015,	0.000065,	0.000500
620,	0.000005,	0.000025,	0.000065,	0.000500
621,	0.000015,	0.000025,	0.000065,	0.000500
622,	0.000025,	0.000025,	0.000065,	0.000500
623,	0.000035,	0.000025,	0.000065,	0.000500
624,	0.000045,	0.000025,	0.000065,	0.000500
625,	0.000055,	0.000025,	0.000065,	0.000500
626,	0.000065,	0.000025,	0.000065,	0.000500
627,	0.000075,	0.000025,	0.000065,	0.000500
628,	0.000085,	0.000025,	0.000065,	0.000500
629,	0.000095,	0.000025,	0.000065,	0.000500
630,	0.000005,	0.000035,	0.000065,	0.000500
631,	0.000015,	0.000035,	0.000065,	0.000500
632,	0.000025,	0.000035,	0.000065,	0.000500
633,	0.000035,	0.000035,	0.000065,	0.000500
634,	0.000045,	0.000035,	0.000065,	0.000500
635,	0.000055,	0.000035,	0.000065,	0.000500
636,	0.000065,	0.000035,	0.000065,	0.000500
637,	0.000075,	0.000035,	0.000065,	0.000500
638,	0.000085,	0.000035,	0.000065,	0.000500
639,	0.000095,	0.000035,	0.000065,	0.000500
640,	0.000005,	0.000045,	0.000065,	0.000500
641,	0.000015,	0.000045,	0.000065,	0.000500
642,	0.000025,	0.000045,	0.000065,	0.000500
643,	0.000035,	0.000045,	0.000065,	0.000500
644,	0.000045,	0.000045,	0.000065,	0.000500
645,	0.000055,	0.000045,	0.000065,	0.000500
646,	0.000065,	0.000045,	0.000065,	0.000500
647,	0.000075,	0.000045,	0.000065,	0.000500
648,	0.000085,	0.000045,	0.000065,	0.000500
649,	0.000095,	0.000045,	0.000065,	0.000500
650,	0.000005,	0.000055,	0.000065,	0.000500
651,	0.000015,	0.000055,	0.000065,	0.000500
652,	0.000025,	0.000055,	0.000065,	0.000500
653,	0.000035,	0.000055,	0.000065,	0.000500
654,	0.000045,	0.000055,	0.000065,	0.000500
655,	0.000055,	0.000055,	0.000065,	0.000500
656,	0.000065,	0.000055,	0.000065,	0.000500
657,	0.000075,	0.000055,	0.000065,	0.000500
658,	0.000085,	0.000055,	0.000065,	0.000500
659,	0.000095,	0.000055,	0.000065,	0.000500
660,	0.000005,	0.000065,	0.000065,	0.000500
661,	0.000015,	0.000065,	0.000065,	0.000500
662,	0.000025,	0.000065,	0.000065,	0.000500
663,	0.000035,	0.000065,	0.000065,	0.000500
664,	0.000045,	0.000065,	0.000065,	0.000500
665,	0.000055,	0.000065,	0.000065,	0.000500
666,	0.000065,	0.000065,	0.000065,	0.000500
667,	0.000075,	0.000065,	0.000065,	0.000500
668,	0.000085,	0.000065,	0.000065,	0.000500
669,	0.000095,	0.000065,	0.000065,	0.000500
670,	0.000005,	0.000075,	0.000065,	0.000500
671,	0.000015,	0.000075,	0.000065,	0.000500
672,	0.000025,	0.000075,	0.000065,	0.000500
673,	0.000035,	0.000075,	0.000065,	0.000500
674,	0.000045,	0.000075,	0.000065,	0.000500
675,	0.000055,	0.000075,	0.000065,	0.000500
676,	0.000065,	0.000075,	0.000065,	0.000500
677,	0.000075,	0.000075,	0.000065,	0.000500
678,	0.000085,	0.000075,	0.000065,	0.000500
679,	0.000095,	0.000075,	0.000065,	0.000500
680,	0.000005,	0.000085,	0.000065,	0.000500
681,	0.000015,	0.000085,	0.000065,	0.000500
682,	0.000025,	0.000085,	0.000065,	0.000500
683,	0.000035,	0.000085,	0.000065,	0.000500
684,	0.000045,	0.000085,	0.000065,	0.000500
685,	0.000055,	0.000085,	0.000065,	0.000500
686,	0.000065,	0.000085,	0.000065,	0.000500
687,	0.000075,	0.000085,	0.000065,	0.000500
688,	0.000085,	0.000085,	0.000065,	0.000500
689,	0.000095,	0.000085,	0.000065,	0.000500
690,	0.000005,	0.000095,	0.000065,	0.000500
691,	0.000015,	0.000095,	0.000065,	0.000500
692,	0.000025,	0.000095,	0.000065,	0.000500
693,	0.000035,	0.000095,	0.000065,	0.000500
694,	0.000045,	0.000095,	0.000065,	0.000500
695,	0.000055,	0.000095,	0.000065,	0.000500
696,	0.000065,	0.000095,	0.000065,	0.000500
697,	0.000075,	0.000095,	0.000065,	0.000500
698,	0.000085,	0.000095,	0.000065,	0.000500
699,	0.000095,	0.000095,	0.000065,	0.000500
700,	0.000005,	0.000005,	0.000075,	0.000500
701,	0.000015,	0.000005,	0.000075,	0.000500
702,	0.000025,	0.000005,	0.000075,	0.000500
703,	0.000035,	0.000005,	0.000075,	0.000500
704,	0.000045,	0.000005,	0.000075,	0.000500
705,	0.000055,	0.000005,	0.000075,	0.000500
706,	0.000065,	0.000005,	0.000075,	0.000500
707,	0.000075,	0.000005,	0.000075,	0.000500
708,	0.000085,	0.000005,	0.000075,	0.000500
709,	0.000095,	0.000005,	0.000075,	0.000500
710,	0.000005,	0.000015,	0.000075,	0.000500
711,	0.000015,	0.000015,	0.000075,	0.000500
712,	0.000025,	0.000015,	0.000075,	0.000500
713,	0.000035,	0.000015,	0.000075,	0.000500
714,	0.000045,	0.000015,	0.000075,	0.000500
715,	0.000055,	0.000015,	0.000075,	0.000500
716,	0.000065,	0.000015,	0.000075,	0.000500
717,	0.000075,	0.000015,	0.000075,	0.000500
718,	0.000085,	0.000015,	0.000075,	0.000500
719,	0.000095,	0.000015,	0.000075,	0.000500
720,	0.000005,	0.000025,	0.000075,	0.000500
721,	0.000015,	0.000025,	0.000075,	0.000500
722,	0.000025,	0.000025,	0.000075,	0.000500
723,	0.000035,	0.000025,	0.000075,	0.000500
724,	0.000045,	0.000025,	0.000075,	0.000500
725,	0.000055,	0.000025,	0.000075,	0.000500
726,	0.000065,	0.000025,	0.000075,	0.000500
727,	0.000075,	0.000025,	0.000075,	0.000500
728,	0.000085,	0.000025,	0.000075,	0.000500
729,	0.000095,	0.000025,	0.000075,	0.000500
730,	0.000005,	0.000035,	0.000075,	0.000500
731,	0.000015,	0.000035,	0.000075,	0.000500
732,	0.000025,	0.000035,	0.000075,	0.000500
733,	0.000035,	0.000035,	0.000075,	0.000500
734,	0.000045,	0.000035,	0.000075,	0.000500
735,	0.000055,	0.000035,	0.000075,	0.000500
736,	0.000065,	0.000035,	0.000075,	0.000500
737,	0.000075,	0.000035,	0.000075,	0.000500
738,	0.000085,	0.000035,	0.000075,	0.000500
739,	0.000095,	0.000035,	0.000075,	0.000500
740,	0.000005,	0.000045,	0.000075,	0.000500
741,	0.000015,	0.000045,	0.000075,	0.000500
742,	0.000025,	0.000045,	0.000075,	0.000500
743,	0.000035,	0.000045,	0.000075,	0.000500
744,	0.000045,	0.000045,	0.000075,	0.000500
745,	0.000055,	0.000045,	0.000075,	0.000500
746,	0.000065,	0.000045,	0.000075,	0.000500
747,	0.000075,	0.000045,	0.000075,	0.000500
748,	0.000085,	0.000045,	0.000075,	0.000500
749,	0.000095,	0.000045,	0.000075,	0.000500
750,	0.000005,	0.000055,	0.000075,	0.000500
751,	0.000015,	0.000055,	0.000075,	0.000500
752,	0.000025,	0.000055,	0.000075,	0.000500
753,	0.000035,	0.000055,	0.000075,	0.000500
754,	0.000045,	0.000055,	0.000075,	0.000500
755,	0.000055,	0.000055,	0.000075,	0.000500
756,	0.000065,	0.000055,	0.000075,	0.000500
757,	0.000075,	0.000055,	0.000075,	0.000500
758,	0.000085,	0.000055,	0.000075,	0.000500
759,	0.000095,	0.000055,	0.000075,	0.000500
760,	0.000005,	0.000065,	0.000075,	0.000500
761,	0.000015,	0.000065,	0.000075,	0.000500
762,	0.000025,	0.000065,	0.000075,	0.000500
763,	0.000035,	0.000065,	0.000075,	0.000500
764,	0.000045,	0.000065,	0.000075,	0.000500
765,	0.000055,	0.000065,	0.000075,	0.000500
766,	0.000065,	0.000065,	0.000075,	0.000500
767,	0.000075,	0.000065,	0.000075,	0.000500
768,	0.000085,	0.000065,	0.000075,	0.000500
769,	0.000095,	0.000065,	0.000075,	0.000500
770,	0.000005,	0.000075,	0.000075,	0.000500
771,	0.000015,	0.000075,	0.000075,	0.000500
772,	0.000025,	0.000075,	0.000075,	0.000500
773,	0.000035,	0.000075,	0.000075,	0.000500
774,	0.000045,	0.000075,	0.000075,	0.000500
775,	0.000055,	0.000075,	0.000075,	0.000500
776,	0.000065,	0.000075,	0.000075,	0.000500
777,	0.000075,	0.000075,	0.000075,	0.000500
778,	0.000085,	0.000075,	0.000075,	0.000500
779,	0.000095,	0.000075,	0.000075,	0.000500
780,	0.000005,	0.000085,	0.000075,	0.000500
781,	0.000015,	0.000085,	0.000075,	0.000500
782,	0.000025,	0.000085,	0.000075,	0.000500
783,	0.000035,	0.000085,	0.000075,	0.000500
784,	0.000045,	0.000085,	0.000075,	0.000500
785,	0.000055,	0.000085,	0.000075,	0.000500
786,	0.000065,	0.000085,	0.000075,	0.000500
787,	0.000075,	0.000085,	0.000075,	0.000500
788,	0.000085,	0.000085,	0.000075,	0.000500
789,	0.000095,	0.000085,	0.000075,	0.000500
790,	0.000005,	0.000095,	0.000075,	0.000500
791,	0.000015,	0.000095,	0.000075,	0.000500
792,	0.000025,	0.000095,	0.000075,	0.000500
793,	0.000035,	0.000095,	0.000075,	0.000500
794,	0.000045,	0.000095,	0.000075,	0.000500
795,	0.000055,	0.000095,	0.000075,	0.000500
796,	0.000065,	0.000095,	0.000075,	0.000500
797,	0.000075,	0.000095,	0.000075,	0.000500
798,	0.000085,	0.000095,	0.000075,	0.000500
799,	0.000095,	0.000095,	0.000075,	0.000500
800,	0.000005,	0.000005,	0.000085,	0.000500
801,	0.000015,	0.000005,	0.000085,	0.000500
802,	0.000025,	0.000005,	0.000085,	0.000500
803,	0.000035,	0.000005,	0.000085,	0.000500
804,	0.000045,	0.000005,	0.000085,	0.000500
805,	0.000055,	0.000005,	0.000085,	0.000500
806,	0.000065,	0.000005,	0.000085,	0.000500
807,	0.000075,	0.000005,	0.000085,	0.000500
808,	0.000085,	0.000005,	0.000085,	0.000500
809,	0.000095,	0.000005,	0.000085,	0.000500
810,	0.000005,	0.000015,	0.000085,	0.000500
811,	0.000015,	0.000015,	0.000085,	0.000500
812,	0.000025,	0.000015,	0.000085,	0.000500
813,	0.000035,	0.000015,	0.000085,	0.000500
814,	0.000045,	0.000015,	0.000085,	0.000500
815,	0.000055,	0.000015,	0.000085,	0.000500
816,	0.000065,	0.000015,	0.000085,	0.000500
817,	0.000075,	0.000015,	0.000085,	0.000500
818,	0.000085,	0.000015,	0.000085,	0.000500
819,	0.000095,	0.000015,	0.000085,	0.000500
820,	0.000005,	0.000025,	0.000085,	0.000500
821,	0.000015,	0.000025,	0.000085,	0.000500
822,	0.000025,	0.000025,	0.000085,	0.000500
823,	0.000035,	0.000025,	0.000085,	0.000500
824,	0.000045,	0.000025,	0.000085,	0.000500
825,	0.000055,	0.000025,	0.000085,	0.000500
826,	0.000065,	0.000025,	0.000085,	0.000500
827,	0.000075,	0.000025,	0.000085,	0.000500
828,	0.000085,	0.000025,	0.000085,	0.000500
829,	0.000095,	0.000025,	0.000085,	0.000500
830,	0.000005,	0.000035,	0.000085,	0.000500
831,	0.000015,	0.000035,	0.000085,	0.000500
832,	0.000025,	0.000035,	0.000085,	0.000500
833,	0.000035,	0.000035,	0.000085,	0.000500
834,	0.000045,	0.000035,	0.000085,	0.000500
835,	0.000055,	0.000035,	0.000085,	0.000500
836,	0.000065,	0.000035,	0.000085,	0.000500
837,	0.000075,	0.000035,	0.000085,	0.000500
838,	0.000085,	0.000035,	0.000085,	0.000500
839,	0.000095,	0.000035,	0.000085,	0.000500
840,	0.000005,	0.000045,	0.000085,	0.000500
841,	0.000015,	0.000045,	0.000085,	0.000500
842,	0.000025,	0.000045,	0.000085,	0.000500
843,	0.000035,	0.000045,	0.000085,	0.000500
844,	0.000045,	0.000045,	0.000085,	0.000500
845,	0.000055,	0.000045,	0.000085,	0.000500
846,	0.000065,	0.000045,	0.000085,	0.000500
847,	0.000075,	0.000045,	0.000085,	0.000500
848,	0.000085,	0.000045,	0.000085,	0.000500
849,	0.000095,	0.000045,	0.000085,	0.000500
850,	0.000005,	0.000055,	0.000085,	0.000500
851,	0.000015,	0.000055,	0.000085,	0.000500
852,	0.000025,	0.000055,	0.000085,	0.000500
853,	0.000035,	0.000055,	0.000085,	0.000500
854,	0.000045,	0.000055,	0.000085,	0.000500
855,	0.000055,	0.000055,	0.000085,	0.000500
856,	0.000065,	0.000055,	0.000085,	0.000500
857,	0.000075,	0.000055,	0.000085,	0.000500
858,	0.000085,	0.000055,	0.000085,	0.000500
859,	0.000095,	0.000055,	0.000085,	0.000500
860,	0.000005,	0.000065,	0.000085,	0.000500
861,	0.000015,	0.000065,	0.000085,	0.000500
862,	0.000025,	0.000065,	0.000085,	0.000500
863,	0.000035,	0.000065,	0.000085,	0.000500
864,	0.000045,	0.000065,	0.000085,	0.000500
865,	0.000055,	0.000065,	0.000085,	0.000500
866,	0.000065,	0.000065,	0.000085,	0.000500
867,	0.000075,	0.000065,	0.000085,	0.000500
868,	0.000085,	0.000065,	0.000085,	0.000500
869,	0.000095,	0.000065,	0.000085,	0.000500
870,	0.000005,	0.000075,	0.000085,	0.000500
871,	0.000015,	0.000075,	0.000085,	0.000500
872,	0.000025,	0.000075,	0.000085,	0.000500
873,	0.000035,	0.000075,	0.000085,	0.000500
874,	0.000045,	0.000075,	0.000085,	0.000500
875,	0.000055,	0.000075,	0.000085,	0.000500
876,	0.000065,	0.000075,	0.000085,	0.000500
877,	0.000075,	0.000075,	0.000085,	0.000500
878,	0.000085,	0.000075,	0.000085,	0.000500
879,	0.000095,	0.000075,	0.000085,	0.000500
880,	0.000005,	0.000085,	0.000085,	0.000500
881,	0.000015,	0.000085,	0.000085,	0.000500
882,	0.000025,	0.000085,	0.000085,	0.000500
883,	0.000035,	0.000085,	0.000085,	0.000500
884,	0.000045,	0.000085,	0.000085,	0.000500
885,	0.000055,	0.000085,	0.000085,	0.000500
886,	0.000065,	0.000085,	0.000085,	0.000500
887,	0.000075,	0.000085,	0.000085,	0.000500
888,	0.000085,	0.000085,	0.000085,	0.000500
889,	0.000095,	0.000085,	0.000085,	0.000500
890,	0.000005,	0.000095,	0.000085,	0.000500
891,	0.000015,	0.000095,	0.000085,	0.000500
892,	0.000025,	0.000095,	0.000085,	0.000500
893,	0.000035,	0.000095,	0.000085,	0.000500
894,	0.000045,	0.000095,	0.000085,	0.000500
895,	0.000055,	0.000095,	0.000085,	0.000500
896,	0.000065,	0.000095,	0.000085,	0.000500
897,	0.000075,	0.000095,	0.000085,	0.000500
898,	0.000085,	0.000095,	0.000085,	0.000500
899,	0.000095,	0.000095,	0.000085,	0.000500
900,	0.000005,	0.000005,	0.000095,	0.000500
901,	0.000015,	0.000005,	0.000095,	0.000500
902,	0.000025,	0.000005,	0.000095,	0.000500
903,	0.000035,	0.000005,	0.000095,	0.000500
904,	0.000045,	0.000005,	0.000095,	0.000500
905,	0.000055,	0.000005,	0.000095,	0.000500
906,	0.000065,	0.000005,	0.000095,	0.000500
907,	0.000075,	0.000005,	0.000095,	0.000500
908,	0.000085,	0.000005,	0.000095,	0.000500
909,	0.000095,	0.000005,	0.000095,	0.000500
910,	0.000005,	0.000015,	0.000095,	0.000500
911,	0.000015,	0.000015,	0.000095,	0.000500
912,	0.000025,	0.000015,	0.000095,	0.000500
913,	0.000035,	0.000015,	0.000095,	0.000500
914,	0.000045,	0.000015,	0.000095,	0.000500
915,	0.000055,	0.000015,	0.000095,	0.000500
916,	0.000065,	0.000015,	0.000095,	0.000500
917,	0.000075,	0.000015,	0.000095,	0.000500
918,	0.000085,	0.000015,	0.000095,	0.000500
919,	0.000095,	0.000015,	0.000095,	0.000500
920,	0.000005,	0.000025,	0.000095,	0.000500
921,	0.000015,	0.000025,	0.000095,	0.000500
922,	0.000025,	0.000025,	0.000095,	0.000500
923,	0.000035,	0.000025,	0.000095,	0.000500
924,	0.000045,	0.000025,	0.000095,	0.000500
925,	0.000055,	0.000025,	0.000095,	0.000500
926,	0.000065,	0.000025,	0.000095,	0.000500
927,	0.000075,	0.000025,	0.000095,	0.000500
928,	0.000085,	0.000025,	0.000095,	0.000500
929,	0.000095,	0.000025,	0.000095,	0.000500
930,	0.000005,	0.000035,	0.000095,	0.000500
931,	0.000015,	0.000035,	0.000095,	0.000500
932,	0.000025,	0.000035,	0.000095,	0.000500
933,	0.000035,	0.000035,	0.000095,	0.000500
934,	0.000045,	0.000035,	0.000095,	0.000500
935,	0.000055,	0.000035,	0.000095,	0.000500
936,	0.000065,	0.000035,	0.000095,	0.000500
937,	0.000075,	0.000035,	0.000095,	0.000500
938,	0.000085,	0.000035,	0.000095,	0.000500
939,	0.000095,	0.000035,	0.000095,	0.000500
940,	0.000005,	0.000045,	0.000095,	0.000500
941,	0.000015,	0.000045,	0.000095,	0.000500
942,	0.000025,	0.000045,	0.000095,	0.000500
943,	0.000035,	0.000045,	0.000095,	0.000500
944,	0.000045,	0.000045,	0.000095,	0.000500
945,	0.000055,	0.000045,	0.000095,	0.000500
946,	0.000065,	0.000045,	0.000095,	0.000500
947,	0.000075,	0.000045,	0.000095,	0.000500
948,	0.000085,	0.000045,	0.000095,	0.000500
949,	0.000095,	0.000045,	0.000095,	0.000500
950,	0.000005,	0.000055,	0.000095,	0.000500
951,	0.000015,	0.000055,	0.000095,	0.000500
952,	0.000025,	0.000055,	0.000095,	0.000500
953,	0.000035,	0.000055,	0.000095,	0.000500
954,	0.000045,	0.000055,	0.000095,	0.000500
955,	0.000055,	0.000055,	0.000095,	0.000500
956,	0.000065,	0.000055,	0.000095,	0.000500
957,	0.000075,	0.000055,	0.000095,	0.000500
958,	0.000085,	0.000055,	0.000095,	0.000500
959,	0.000095,	0.000055,	0.000095,	0.000500
960,	0.000005,	0.000065,	0.000095,	0.000500
961,	0.000015,	0.000065,	0.000095,	0.000500
962,	0.000025,	0.000065,	0.000095,	0.000500
963,	0.000035,	0.000065,	0.000095,	0.000500
964,	0.000045,	0.000065,	0.000095,	0.000500
965,	0.000055,	0.000065,	0.000095,	0.000500
966,	0.000065,	0.000065,	0.000095,	0.000500
967,	0.000075,	0.000065,	0.000095,	0.000500
968,	0.000085,	0.000065,	0.000095,	0.000500
969,	0.000095,	0.000065,	0.000095,	0.000500
970,	0.000005,	0.000075,	0.000095,	0.000500
971,	0.000015,	0.000075,	0.000095,	0.000500
972,	0.000025,	0.000075,	0.000095,	0.000500
973,	0.000035,	0.000075,	0.000095,	0.000500
974,	0.000045,	0.000075,	0.000095,	0.000500
975,	0.000055,	0.000075,	0.000095,	0.000500
976,	0.000065,	0.000075,	0.000095,	0.000500
977,	0.000075,	0.000075,	0.000095,	0.000500
978,	0.000085,	0.000075,	0.000095,	0.000500
979,	0.000095,	0.000075,	0.000095,	0.000500
980,	0.000005,	0.000085,	0.000095,	0.000500
981,	0.000015,	0.000085,	0.000095,	0.000500
982,	0.000025,	0.000085,	0.000095,	0.000500
983,	0.000035,	0.000085,	0.000095,	0.000500
984,	0.000045,	0.000085,	0.000095,	0.000500
985,	0.000055,	0.000085,	0.000095,	0.000500
986,	0.000065,	0.000085,	0.000095,	0.000500
987,	0.000075,	0.000085,	0.000095,	0.000500
988,	0.000085,	0.000085,	0.000095,	0.000500
989,	0.000095,	0.000085,	0.000095,	0.000500
990,	0.000005,	0.000095,	0.000095,	0.000500
991,	0.000015,	0.000095,	0.000095,	0.000500
992,	0.000025,	0.000095,	0.000095,	0.000500
993,	0.000035,	0.000095,	0.000095,	0.000500
994,	0.000045,	0.000095,	0.000095,	0.000500
995,	0.000055,	0.000095,	0.000095,	0.000500
996,	0.000065,	0.000095,	0.000095,	0.000500
997,	0.000075,	0.000095,	0.000095,	0.000500
998,	0.000085,	0.000095,	0.000095,	0.000500
999,	0.000095,	0.000095,	0.000095,	0.000500
