/*--------------------------------*- C++ -*----------------------------------*\
| =========                 |                                                 |
| \\      /  F ield         | OpenFOAM: The Open Source CFD Toolbox           |
|  \\    /   O peration     | Version:  2.3.1                                 |
|   \\  /    A nd           | Web:      www.OpenFOAM.org                      |
|    \\/     M anipulation  |                                                 |
\*---------------------------------------------------------------------------*/
FoamFile
{
    version     2.0;
    format      ascii;
    class       vectorField;
    location    "constant/polyMesh";
    object      points;
}
// * * * * * * * * * * * * * * * * * * * * * * * * * * * * * * * * * * * * * //


216
(
(0 0 0)
(0.0002 0 0)
(0.0004 0 0)
(0.0006 0 0)
(0.0008 0 0)
(0.001 0 0)
(0 0.0002 0)
(0.0002 0.0002 0)
(0.0004 0.0002 0)
(0.0006 0.0002 0)
(0.0008 0.0002 0)
(0.001 0.0002 0)
(0 0.0004 0)
(0.0002 0.0004 0)
(0.0004 0.0004 0)
(0.0006 0.0004 0)
(0.0008 0.0004 0)
(0.001 0.0004 0)
(0 0.0006 0)
(0.0002 0.0006 0)
(0.0004 0.0006 0)
(0.0006 0.0006 0)
(0.0008 0.0006 0)
(0.001 0.0006 0)
(0 0.0008 0)
(0.0002 0.0008 0)
(0.0004 0.0008 0)
(0.0006 0.0008 0)
(0.0008 0.0008 0)
(0.001 0.0008 0)
(0 0.001 0)
(0.0002 0.001 0)
(0.0004 0.001 0)
(0.0006 0.001 0)
(0.0008 0.001 0)
(0.001 0.001 0)
(0 0 0.0002)
(0.0002 0 0.0002)
(0.0004 0 0.0002)
(0.0006 0 0.0002)
(0.0008 0 0.0002)
(0.001 0 0.0002)
(0 0.0002 0.0002)
(0.0002 0.0002 0.0002)
(0.0004 0.0002 0.0002)
(0.0006 0.0002 0.0002)
(0.0008 0.0002 0.0002)
(0.001 0.0002 0.0002)
(0 0.0004 0.0002)
(0.0002 0.0004 0.0002)
(0.0004 0.0004 0.0002)
(0.0006 0.0004 0.0002)
(0.0008 0.0004 0.0002)
(0.001 0.0004 0.0002)
(0 0.0006 0.0002)
(0.0002 0.0006 0.0002)
(0.0004 0.0006 0.0002)
(0.0006 0.0006 0.0002)
(0.0008 0.0006 0.0002)
(0.001 0.0006 0.0002)
(0 0.0008 0.0002)
(0.0002 0.0008 0.0002)
(0.0004 0.0008 0.0002)
(0.0006 0.0008 0.0002)
(0.0008 0.0008 0.0002)
(0.001 0.0008 0.0002)
(0 0.001 0.0002)
(0.0002 0.001 0.0002)
(0.0004 0.001 0.0002)
(0.0006 0.001 0.0002)
(0.0008 0.001 0.0002)
(0.001 0.001 0.0002)
(0 0 0.0004)
(0.0002 0 0.0004)
(0.0004 0 0.0004)
(0.0006 0 0.0004)
(0.0008 0 0.0004)
(0.001 0 0.0004)
(0 0.0002 0.0004)
(0.0002 0.0002 0.0004)
(0.0004 0.0002 0.0004)
(0.0006 0.0002 0.0004)
(0.0008 0.0002 0.0004)
(0.001 0.0002 0.0004)
(0 0.0004 0.0004)
(0.0002 0.0004 0.0004)
(0.0004 0.0004 0.0004)
(0.0006 0.0004 0.0004)
(0.0008 0.0004 0.0004)
(0.001 0.0004 0.0004)
(0 0.0006 0.0004)
(0.0002 0.0006 0.0004)
(0.0004 0.0006 0.0004)
(0.0006 0.0006 0.0004)
(0.0008 0.0006 0.0004)
(0.001 0.0006 0.0004)
(0 0.0008 0.0004)
(0.0002 0.0008 0.0004)
(0.0004 0.0008 0.0004)
(0.0006 0.0008 0.0004)
(0.0008 0.0008 0.0004)
(0.001 0.0008 0.0004)
(0 0.001 0.0004)
(0.0002 0.001 0.0004)
(0.0004 0.001 0.0004)
(0.0006 0.001 0.0004)
(0.0008 0.001 0.0004)
(0.001 0.001 0.0004)
(0 0 0.0006)
(0.0002 0 0.0006)
(0.0004 0 0.0006)
(0.0006 0 0.0006)
(0.0008 0 0.0006)
(0.001 0 0.0006)
(0 0.0002 0.0006)
(0.0002 0.0002 0.0006)
(0.0004 0.0002 0.0006)
(0.0006 0.0002 0.0006)
(0.0008 0.0002 0.0006)
(0.001 0.0002 0.0006)
(0 0.0004 0.0006)
(0.0002 0.0004 0.0006)
(0.0004 0.0004 0.0006)
(0.0006 0.0004 0.0006)
(0.0008 0.0004 0.0006)
(0.001 0.0004 0.0006)
(0 0.0006 0.0006)
(0.0002 0.0006 0.0006)
(0.0004 0.0006 0.0006)
(0.0006 0.0006 0.0006)
(0.0008 0.0006 0.0006)
(0.001 0.0006 0.0006)
(0 0.0008 0.0006)
(0.0002 0.0008 0.0006)
(0.0004 0.0008 0.0006)
(0.0006 0.0008 0.0006)
(0.0008 0.0008 0.0006)
(0.001 0.0008 0.0006)
(0 0.001 0.0006)
(0.0002 0.001 0.0006)
(0.0004 0.001 0.0006)
(0.0006 0.001 0.0006)
(0.0008 0.001 0.0006)
(0.001 0.001 0.0006)
(0 0 0.0008)
(0.0002 0 0.0008)
(0.0004 0 0.0008)
(0.0006 0 0.0008)
(0.0008 0 0.0008)
(0.001 0 0.0008)
(0 0.0002 0.0008)
(0.0002 0.0002 0.0008)
(0.0004 0.0002 0.0008)
(0.0006 0.0002 0.0008)
(0.0008 0.0002 0.0008)
(0.001 0.0002 0.0008)
(0 0.0004 0.0008)
(0.0002 0.0004 0.0008)
(0.0004 0.0004 0.0008)
(0.0006 0.0004 0.0008)
(0.0008 0.0004 0.0008)
(0.001 0.0004 0.0008)
(0 0.0006 0.0008)
(0.0002 0.0006 0.0008)
(0.0004 0.0006 0.0008)
(0.0006 0.0006 0.0008)
(0.0008 0.0006 0.0008)
(0.001 0.0006 0.0008)
(0 0.0008 0.0008)
(0.0002 0.0008 0.0008)
(0.0004 0.0008 0.0008)
(0.0006 0.0008 0.0008)
(0.0008 0.0008 0.0008)
(0.001 0.0008 0.0008)
(0 0.001 0.0008)
(0.0002 0.001 0.0008)
(0.0004 0.001 0.0008)
(0.0006 0.001 0.0008)
(0.0008 0.001 0.0008)
(0.001 0.001 0.0008)
(0 0 0.001)
(0.0002 0 0.001)
(0.0004 0 0.001)
(0.0006 0 0.001)
(0.0008 0 0.001)
(0.001 0 0.001)
(0 0.0002 0.001)
(0.0002 0.0002 0.001)
(0.0004 0.0002 0.001)
(0.0006 0.0002 0.001)
(0.0008 0.0002 0.001)
(0.001 0.0002 0.001)
(0 0.0004 0.001)
(0.0002 0.0004 0.001)
(0.0004 0.0004 0.001)
(0.0006 0.0004 0.001)
(0.0008 0.0004 0.001)
(0.001 0.0004 0.001)
(0 0.0006 0.001)
(0.0002 0.0006 0.001)
(0.0004 0.0006 0.001)
(0.0006 0.0006 0.001)
(0.0008 0.0006 0.001)
(0.001 0.0006 0.001)
(0 0.0008 0.001)
(0.0002 0.0008 0.001)
(0.0004 0.0008 0.001)
(0.0006 0.0008 0.001)
(0.0008 0.0008 0.001)
(0.001 0.0008 0.001)
(0 0.001 0.001)
(0.0002 0.001 0.001)
(0.0004 0.001 0.001)
(0.0006 0.001 0.001)
(0.0008 0.001 0.001)
(0.001 0.001 0.001)
)


// ************************************************************************* //
