,x,y,z,scalar,1,1,1,0.5
157,	0.000005,	0.000005,	0.000005,	0.080000
158,	0.000005,	0.000005,	0.000015,	0.080000
159,	0.000005,	0.000005,	0.000025,	0.080000
160,	0.000005,	0.000005,	0.000035,	0.080000
161,	0.000005,	0.000005,	0.000045,	0.080000
162,	0.000005,	0.000005,	0.000055,	0.080000
163,	0.000005,	0.000005,	0.000065,	0.080000
164,	0.000005,	0.000005,	0.000075,	0.080000
165,	0.000005,	0.000005,	0.000085,	0.080000
166,	0.000005,	0.000005,	0.000095,	0.080000
169,	0.000005,	0.000015,	0.000005,	0.080000
170,	0.000005,	0.000015,	0.000015,	0.080000
171,	0.000005,	0.000015,	0.000025,	0.080000
172,	0.000005,	0.000015,	0.000035,	0.080000
173,	0.000005,	0.000015,	0.000045,	0.080000
174,	0.000005,	0.000015,	0.000055,	0.080000
175,	0.000005,	0.000015,	0.000065,	0.080000
176,	0.000005,	0.000015,	0.000075,	0.080000
177,	0.000005,	0.000015,	0.000085,	0.080000
178,	0.000005,	0.000015,	0.000095,	0.080000
181,	0.000005,	0.000025,	0.000005,	0.080000
182,	0.000005,	0.000025,	0.000015,	0.080000
183,	0.000005,	0.000025,	0.000025,	0.080000
184,	0.000005,	0.000025,	0.000035,	0.080000
185,	0.000005,	0.000025,	0.000045,	0.080000
186,	0.000005,	0.000025,	0.000055,	0.080000
187,	0.000005,	0.000025,	0.000065,	0.080000
188,	0.000005,	0.000025,	0.000075,	0.080000
189,	0.000005,	0.000025,	0.000085,	0.080000
190,	0.000005,	0.000025,	0.000095,	0.080000
193,	0.000005,	0.000035,	0.000005,	0.080000
194,	0.000005,	0.000035,	0.000015,	0.080000
195,	0.000005,	0.000035,	0.000025,	0.080000
196,	0.000005,	0.000035,	0.000035,	0.080000
197,	0.000005,	0.000035,	0.000045,	0.080000
198,	0.000005,	0.000035,	0.000055,	0.080000
199,	0.000005,	0.000035,	0.000065,	0.080000
200,	0.000005,	0.000035,	0.000075,	0.080000
201,	0.000005,	0.000035,	0.000085,	0.080000
202,	0.000005,	0.000035,	0.000095,	0.080000
205,	0.000005,	0.000045,	0.000005,	0.080000
206,	0.000005,	0.000045,	0.000015,	0.080000
207,	0.000005,	0.000045,	0.000025,	0.080000
208,	0.000005,	0.000045,	0.000035,	0.080000
209,	0.000005,	0.000045,	0.000045,	0.080000
210,	0.000005,	0.000045,	0.000055,	0.080000
211,	0.000005,	0.000045,	0.000065,	0.080000
212,	0.000005,	0.000045,	0.000075,	0.080000
213,	0.000005,	0.000045,	0.000085,	0.080000
214,	0.000005,	0.000045,	0.000095,	0.080000
217,	0.000005,	0.000055,	0.000005,	0.080000
218,	0.000005,	0.000055,	0.000015,	0.080000
219,	0.000005,	0.000055,	0.000025,	0.080000
220,	0.000005,	0.000055,	0.000035,	0.080000
221,	0.000005,	0.000055,	0.000045,	0.080000
222,	0.000005,	0.000055,	0.000055,	0.080000
223,	0.000005,	0.000055,	0.000065,	0.080000
224,	0.000005,	0.000055,	0.000075,	0.080000
225,	0.000005,	0.000055,	0.000085,	0.080000
226,	0.000005,	0.000055,	0.000095,	0.080000
229,	0.000005,	0.000065,	0.000005,	0.080000
230,	0.000005,	0.000065,	0.000015,	0.080000
231,	0.000005,	0.000065,	0.000025,	0.080000
232,	0.000005,	0.000065,	0.000035,	0.080000
233,	0.000005,	0.000065,	0.000045,	0.080000
234,	0.000005,	0.000065,	0.000055,	0.080000
235,	0.000005,	0.000065,	0.000065,	0.080000
236,	0.000005,	0.000065,	0.000075,	0.080000
237,	0.000005,	0.000065,	0.000085,	0.080000
238,	0.000005,	0.000065,	0.000095,	0.080000
241,	0.000005,	0.000075,	0.000005,	0.080000
242,	0.000005,	0.000075,	0.000015,	0.080000
243,	0.000005,	0.000075,	0.000025,	0.080000
244,	0.000005,	0.000075,	0.000035,	0.080000
245,	0.000005,	0.000075,	0.000045,	0.080000
246,	0.000005,	0.000075,	0.000055,	0.080000
247,	0.000005,	0.000075,	0.000065,	0.080000
248,	0.000005,	0.000075,	0.000075,	0.080000
249,	0.000005,	0.000075,	0.000085,	0.080000
250,	0.000005,	0.000075,	0.000095,	0.080000
253,	0.000005,	0.000085,	0.000005,	0.080000
254,	0.000005,	0.000085,	0.000015,	0.080000
255,	0.000005,	0.000085,	0.000025,	0.080000
256,	0.000005,	0.000085,	0.000035,	0.080000
257,	0.000005,	0.000085,	0.000045,	0.080000
258,	0.000005,	0.000085,	0.000055,	0.080000
259,	0.000005,	0.000085,	0.000065,	0.080000
260,	0.000005,	0.000085,	0.000075,	0.080000
261,	0.000005,	0.000085,	0.000085,	0.080000
262,	0.000005,	0.000085,	0.000095,	0.080000
265,	0.000005,	0.000095,	0.000005,	0.080000
266,	0.000005,	0.000095,	0.000015,	0.080000
267,	0.000005,	0.000095,	0.000025,	0.080000
268,	0.000005,	0.000095,	0.000035,	0.080000
269,	0.000005,	0.000095,	0.000045,	0.080000
270,	0.000005,	0.000095,	0.000055,	0.080000
271,	0.000005,	0.000095,	0.000065,	0.080000
272,	0.000005,	0.000095,	0.000075,	0.080000
273,	0.000005,	0.000095,	0.000085,	0.080000
274,	0.000005,	0.000095,	0.000095,	0.080000
301,	0.000015,	0.000005,	0.000005,	0.080000
302,	0.000015,	0.000005,	0.000015,	0.080000
303,	0.000015,	0.000005,	0.000025,	0.080000
304,	0.000015,	0.000005,	0.000035,	0.080000
305,	0.000015,	0.000005,	0.000045,	0.080000
306,	0.000015,	0.000005,	0.000055,	0.080000
307,	0.000015,	0.000005,	0.000065,	0.080000
308,	0.000015,	0.000005,	0.000075,	0.080000
309,	0.000015,	0.000005,	0.000085,	0.080000
310,	0.000015,	0.000005,	0.000095,	0.080000
313,	0.000015,	0.000015,	0.000005,	0.080000
314,	0.000015,	0.000015,	0.000015,	0.080000
315,	0.000015,	0.000015,	0.000025,	0.080000
316,	0.000015,	0.000015,	0.000035,	0.080000
317,	0.000015,	0.000015,	0.000045,	0.080000
318,	0.000015,	0.000015,	0.000055,	0.080000
319,	0.000015,	0.000015,	0.000065,	0.080000
320,	0.000015,	0.000015,	0.000075,	0.080000
321,	0.000015,	0.000015,	0.000085,	0.080000
322,	0.000015,	0.000015,	0.000095,	0.080000
325,	0.000015,	0.000025,	0.000005,	0.080000
326,	0.000015,	0.000025,	0.000015,	0.080000
327,	0.000015,	0.000025,	0.000025,	0.080000
328,	0.000015,	0.000025,	0.000035,	0.080000
329,	0.000015,	0.000025,	0.000045,	0.080000
330,	0.000015,	0.000025,	0.000055,	0.080000
331,	0.000015,	0.000025,	0.000065,	0.080000
332,	0.000015,	0.000025,	0.000075,	0.080000
333,	0.000015,	0.000025,	0.000085,	0.080000
334,	0.000015,	0.000025,	0.000095,	0.080000
337,	0.000015,	0.000035,	0.000005,	0.080000
338,	0.000015,	0.000035,	0.000015,	0.080000
339,	0.000015,	0.000035,	0.000025,	0.080000
340,	0.000015,	0.000035,	0.000035,	0.080000
341,	0.000015,	0.000035,	0.000045,	0.080000
342,	0.000015,	0.000035,	0.000055,	0.080000
343,	0.000015,	0.000035,	0.000065,	0.080000
344,	0.000015,	0.000035,	0.000075,	0.080000
345,	0.000015,	0.000035,	0.000085,	0.080000
346,	0.000015,	0.000035,	0.000095,	0.080000
349,	0.000015,	0.000045,	0.000005,	0.080000
350,	0.000015,	0.000045,	0.000015,	0.080000
351,	0.000015,	0.000045,	0.000025,	0.080000
352,	0.000015,	0.000045,	0.000035,	0.080000
353,	0.000015,	0.000045,	0.000045,	0.080000
354,	0.000015,	0.000045,	0.000055,	0.080000
355,	0.000015,	0.000045,	0.000065,	0.080000
356,	0.000015,	0.000045,	0.000075,	0.080000
357,	0.000015,	0.000045,	0.000085,	0.080000
358,	0.000015,	0.000045,	0.000095,	0.080000
361,	0.000015,	0.000055,	0.000005,	0.080000
362,	0.000015,	0.000055,	0.000015,	0.080000
363,	0.000015,	0.000055,	0.000025,	0.080000
364,	0.000015,	0.000055,	0.000035,	0.080000
365,	0.000015,	0.000055,	0.000045,	0.080000
366,	0.000015,	0.000055,	0.000055,	0.080000
367,	0.000015,	0.000055,	0.000065,	0.080000
368,	0.000015,	0.000055,	0.000075,	0.080000
369,	0.000015,	0.000055,	0.000085,	0.080000
370,	0.000015,	0.000055,	0.000095,	0.080000
373,	0.000015,	0.000065,	0.000005,	0.080000
374,	0.000015,	0.000065,	0.000015,	0.080000
375,	0.000015,	0.000065,	0.000025,	0.080000
376,	0.000015,	0.000065,	0.000035,	0.080000
377,	0.000015,	0.000065,	0.000045,	0.080000
378,	0.000015,	0.000065,	0.000055,	0.080000
379,	0.000015,	0.000065,	0.000065,	0.080000
380,	0.000015,	0.000065,	0.000075,	0.080000
381,	0.000015,	0.000065,	0.000085,	0.080000
382,	0.000015,	0.000065,	0.000095,	0.080000
385,	0.000015,	0.000075,	0.000005,	0.080000
386,	0.000015,	0.000075,	0.000015,	0.080000
387,	0.000015,	0.000075,	0.000025,	0.080000
388,	0.000015,	0.000075,	0.000035,	0.080000
389,	0.000015,	0.000075,	0.000045,	0.080000
390,	0.000015,	0.000075,	0.000055,	0.080000
391,	0.000015,	0.000075,	0.000065,	0.080000
392,	0.000015,	0.000075,	0.000075,	0.080000
393,	0.000015,	0.000075,	0.000085,	0.080000
394,	0.000015,	0.000075,	0.000095,	0.080000
397,	0.000015,	0.000085,	0.000005,	0.080000
398,	0.000015,	0.000085,	0.000015,	0.080000
399,	0.000015,	0.000085,	0.000025,	0.080000
400,	0.000015,	0.000085,	0.000035,	0.080000
401,	0.000015,	0.000085,	0.000045,	0.080000
402,	0.000015,	0.000085,	0.000055,	0.080000
403,	0.000015,	0.000085,	0.000065,	0.080000
404,	0.000015,	0.000085,	0.000075,	0.080000
405,	0.000015,	0.000085,	0.000085,	0.080000
406,	0.000015,	0.000085,	0.000095,	0.080000
409,	0.000015,	0.000095,	0.000005,	0.080000
410,	0.000015,	0.000095,	0.000015,	0.080000
411,	0.000015,	0.000095,	0.000025,	0.080000
412,	0.000015,	0.000095,	0.000035,	0.080000
413,	0.000015,	0.000095,	0.000045,	0.080000
414,	0.000015,	0.000095,	0.000055,	0.080000
415,	0.000015,	0.000095,	0.000065,	0.080000
416,	0.000015,	0.000095,	0.000075,	0.080000
417,	0.000015,	0.000095,	0.000085,	0.080000
418,	0.000015,	0.000095,	0.000095,	0.080000
445,	0.000025,	0.000005,	0.000005,	0.080000
446,	0.000025,	0.000005,	0.000015,	0.080000
447,	0.000025,	0.000005,	0.000025,	0.080000
448,	0.000025,	0.000005,	0.000035,	0.080000
449,	0.000025,	0.000005,	0.000045,	0.080000
450,	0.000025,	0.000005,	0.000055,	0.080000
451,	0.000025,	0.000005,	0.000065,	0.080000
452,	0.000025,	0.000005,	0.000075,	0.080000
453,	0.000025,	0.000005,	0.000085,	0.080000
454,	0.000025,	0.000005,	0.000095,	0.080000
457,	0.000025,	0.000015,	0.000005,	0.080000
458,	0.000025,	0.000015,	0.000015,	0.080000
459,	0.000025,	0.000015,	0.000025,	0.080000
460,	0.000025,	0.000015,	0.000035,	0.080000
461,	0.000025,	0.000015,	0.000045,	0.080000
462,	0.000025,	0.000015,	0.000055,	0.080000
463,	0.000025,	0.000015,	0.000065,	0.080000
464,	0.000025,	0.000015,	0.000075,	0.080000
465,	0.000025,	0.000015,	0.000085,	0.080000
466,	0.000025,	0.000015,	0.000095,	0.080000
469,	0.000025,	0.000025,	0.000005,	0.080000
470,	0.000025,	0.000025,	0.000015,	0.080000
471,	0.000025,	0.000025,	0.000025,	0.080000
472,	0.000025,	0.000025,	0.000035,	0.080000
473,	0.000025,	0.000025,	0.000045,	0.080000
474,	0.000025,	0.000025,	0.000055,	0.080000
475,	0.000025,	0.000025,	0.000065,	0.080000
476,	0.000025,	0.000025,	0.000075,	0.080000
477,	0.000025,	0.000025,	0.000085,	0.080000
478,	0.000025,	0.000025,	0.000095,	0.080000
481,	0.000025,	0.000035,	0.000005,	0.080000
482,	0.000025,	0.000035,	0.000015,	0.080000
483,	0.000025,	0.000035,	0.000025,	0.080000
484,	0.000025,	0.000035,	0.000035,	0.080000
485,	0.000025,	0.000035,	0.000045,	0.080000
486,	0.000025,	0.000035,	0.000055,	0.080000
487,	0.000025,	0.000035,	0.000065,	0.080000
488,	0.000025,	0.000035,	0.000075,	0.080000
489,	0.000025,	0.000035,	0.000085,	0.080000
490,	0.000025,	0.000035,	0.000095,	0.080000
493,	0.000025,	0.000045,	0.000005,	0.080000
494,	0.000025,	0.000045,	0.000015,	0.080000
495,	0.000025,	0.000045,	0.000025,	0.080000
496,	0.000025,	0.000045,	0.000035,	0.080000
497,	0.000025,	0.000045,	0.000045,	0.080000
498,	0.000025,	0.000045,	0.000055,	0.080000
499,	0.000025,	0.000045,	0.000065,	0.080000
500,	0.000025,	0.000045,	0.000075,	0.080000
501,	0.000025,	0.000045,	0.000085,	0.080000
502,	0.000025,	0.000045,	0.000095,	0.080000
505,	0.000025,	0.000055,	0.000005,	0.080000
506,	0.000025,	0.000055,	0.000015,	0.080000
507,	0.000025,	0.000055,	0.000025,	0.080000
508,	0.000025,	0.000055,	0.000035,	0.080000
509,	0.000025,	0.000055,	0.000045,	0.080000
510,	0.000025,	0.000055,	0.000055,	0.080000
511,	0.000025,	0.000055,	0.000065,	0.080000
512,	0.000025,	0.000055,	0.000075,	0.080000
513,	0.000025,	0.000055,	0.000085,	0.080000
514,	0.000025,	0.000055,	0.000095,	0.080000
517,	0.000025,	0.000065,	0.000005,	0.080000
518,	0.000025,	0.000065,	0.000015,	0.080000
519,	0.000025,	0.000065,	0.000025,	0.080000
520,	0.000025,	0.000065,	0.000035,	0.080000
521,	0.000025,	0.000065,	0.000045,	0.080000
522,	0.000025,	0.000065,	0.000055,	0.080000
523,	0.000025,	0.000065,	0.000065,	0.080000
524,	0.000025,	0.000065,	0.000075,	0.080000
525,	0.000025,	0.000065,	0.000085,	0.080000
526,	0.000025,	0.000065,	0.000095,	0.080000
529,	0.000025,	0.000075,	0.000005,	0.080000
530,	0.000025,	0.000075,	0.000015,	0.080000
531,	0.000025,	0.000075,	0.000025,	0.080000
532,	0.000025,	0.000075,	0.000035,	0.080000
533,	0.000025,	0.000075,	0.000045,	0.080000
534,	0.000025,	0.000075,	0.000055,	0.080000
535,	0.000025,	0.000075,	0.000065,	0.080000
536,	0.000025,	0.000075,	0.000075,	0.080000
537,	0.000025,	0.000075,	0.000085,	0.080000
538,	0.000025,	0.000075,	0.000095,	0.080000
541,	0.000025,	0.000085,	0.000005,	0.080000
542,	0.000025,	0.000085,	0.000015,	0.080000
543,	0.000025,	0.000085,	0.000025,	0.080000
544,	0.000025,	0.000085,	0.000035,	0.080000
545,	0.000025,	0.000085,	0.000045,	0.080000
546,	0.000025,	0.000085,	0.000055,	0.080000
547,	0.000025,	0.000085,	0.000065,	0.080000
548,	0.000025,	0.000085,	0.000075,	0.080000
549,	0.000025,	0.000085,	0.000085,	0.080000
550,	0.000025,	0.000085,	0.000095,	0.080000
553,	0.000025,	0.000095,	0.000005,	0.080000
554,	0.000025,	0.000095,	0.000015,	0.080000
555,	0.000025,	0.000095,	0.000025,	0.080000
556,	0.000025,	0.000095,	0.000035,	0.080000
557,	0.000025,	0.000095,	0.000045,	0.080000
558,	0.000025,	0.000095,	0.000055,	0.080000
559,	0.000025,	0.000095,	0.000065,	0.080000
560,	0.000025,	0.000095,	0.000075,	0.080000
561,	0.000025,	0.000095,	0.000085,	0.080000
562,	0.000025,	0.000095,	0.000095,	0.080000
589,	0.000035,	0.000005,	0.000005,	0.080000
590,	0.000035,	0.000005,	0.000015,	0.080000
591,	0.000035,	0.000005,	0.000025,	0.080000
592,	0.000035,	0.000005,	0.000035,	0.080000
593,	0.000035,	0.000005,	0.000045,	0.080000
594,	0.000035,	0.000005,	0.000055,	0.080000
595,	0.000035,	0.000005,	0.000065,	0.080000
596,	0.000035,	0.000005,	0.000075,	0.080000
597,	0.000035,	0.000005,	0.000085,	0.080000
598,	0.000035,	0.000005,	0.000095,	0.080000
601,	0.000035,	0.000015,	0.000005,	0.080000
602,	0.000035,	0.000015,	0.000015,	0.080000
603,	0.000035,	0.000015,	0.000025,	0.080000
604,	0.000035,	0.000015,	0.000035,	0.080000
605,	0.000035,	0.000015,	0.000045,	0.080000
606,	0.000035,	0.000015,	0.000055,	0.080000
607,	0.000035,	0.000015,	0.000065,	0.080000
608,	0.000035,	0.000015,	0.000075,	0.080000
609,	0.000035,	0.000015,	0.000085,	0.080000
610,	0.000035,	0.000015,	0.000095,	0.080000
613,	0.000035,	0.000025,	0.000005,	0.080000
614,	0.000035,	0.000025,	0.000015,	0.080000
615,	0.000035,	0.000025,	0.000025,	0.080000
616,	0.000035,	0.000025,	0.000035,	0.080000
617,	0.000035,	0.000025,	0.000045,	0.080000
618,	0.000035,	0.000025,	0.000055,	0.080000
619,	0.000035,	0.000025,	0.000065,	0.080000
620,	0.000035,	0.000025,	0.000075,	0.080000
621,	0.000035,	0.000025,	0.000085,	0.080000
622,	0.000035,	0.000025,	0.000095,	0.080000
625,	0.000035,	0.000035,	0.000005,	0.080000
626,	0.000035,	0.000035,	0.000015,	0.080000
627,	0.000035,	0.000035,	0.000025,	0.080000
628,	0.000035,	0.000035,	0.000035,	0.080000
629,	0.000035,	0.000035,	0.000045,	0.080000
630,	0.000035,	0.000035,	0.000055,	0.080000
631,	0.000035,	0.000035,	0.000065,	0.080000
632,	0.000035,	0.000035,	0.000075,	0.080000
633,	0.000035,	0.000035,	0.000085,	0.080000
634,	0.000035,	0.000035,	0.000095,	0.080000
637,	0.000035,	0.000045,	0.000005,	0.080000
638,	0.000035,	0.000045,	0.000015,	0.080000
639,	0.000035,	0.000045,	0.000025,	0.080000
640,	0.000035,	0.000045,	0.000035,	0.080000
641,	0.000035,	0.000045,	0.000045,	0.080000
642,	0.000035,	0.000045,	0.000055,	0.080000
643,	0.000035,	0.000045,	0.000065,	0.080000
644,	0.000035,	0.000045,	0.000075,	0.080000
645,	0.000035,	0.000045,	0.000085,	0.080000
646,	0.000035,	0.000045,	0.000095,	0.080000
649,	0.000035,	0.000055,	0.000005,	0.080000
650,	0.000035,	0.000055,	0.000015,	0.080000
651,	0.000035,	0.000055,	0.000025,	0.080000
652,	0.000035,	0.000055,	0.000035,	0.080000
653,	0.000035,	0.000055,	0.000045,	0.080000
654,	0.000035,	0.000055,	0.000055,	0.080000
655,	0.000035,	0.000055,	0.000065,	0.080000
656,	0.000035,	0.000055,	0.000075,	0.080000
657,	0.000035,	0.000055,	0.000085,	0.080000
658,	0.000035,	0.000055,	0.000095,	0.080000
661,	0.000035,	0.000065,	0.000005,	0.080000
662,	0.000035,	0.000065,	0.000015,	0.080000
663,	0.000035,	0.000065,	0.000025,	0.080000
664,	0.000035,	0.000065,	0.000035,	0.080000
665,	0.000035,	0.000065,	0.000045,	0.080000
666,	0.000035,	0.000065,	0.000055,	0.080000
667,	0.000035,	0.000065,	0.000065,	0.080000
668,	0.000035,	0.000065,	0.000075,	0.080000
669,	0.000035,	0.000065,	0.000085,	0.080000
670,	0.000035,	0.000065,	0.000095,	0.080000
673,	0.000035,	0.000075,	0.000005,	0.080000
674,	0.000035,	0.000075,	0.000015,	0.080000
675,	0.000035,	0.000075,	0.000025,	0.080000
676,	0.000035,	0.000075,	0.000035,	0.080000
677,	0.000035,	0.000075,	0.000045,	0.080000
678,	0.000035,	0.000075,	0.000055,	0.080000
679,	0.000035,	0.000075,	0.000065,	0.080000
680,	0.000035,	0.000075,	0.000075,	0.080000
681,	0.000035,	0.000075,	0.000085,	0.080000
682,	0.000035,	0.000075,	0.000095,	0.080000
685,	0.000035,	0.000085,	0.000005,	0.080000
686,	0.000035,	0.000085,	0.000015,	0.080000
687,	0.000035,	0.000085,	0.000025,	0.080000
688,	0.000035,	0.000085,	0.000035,	0.080000
689,	0.000035,	0.000085,	0.000045,	0.080000
690,	0.000035,	0.000085,	0.000055,	0.080000
691,	0.000035,	0.000085,	0.000065,	0.080000
692,	0.000035,	0.000085,	0.000075,	0.080000
693,	0.000035,	0.000085,	0.000085,	0.080000
694,	0.000035,	0.000085,	0.000095,	0.080000
697,	0.000035,	0.000095,	0.000005,	0.080000
698,	0.000035,	0.000095,	0.000015,	0.080000
699,	0.000035,	0.000095,	0.000025,	0.080000
700,	0.000035,	0.000095,	0.000035,	0.080000
701,	0.000035,	0.000095,	0.000045,	0.080000
702,	0.000035,	0.000095,	0.000055,	0.080000
703,	0.000035,	0.000095,	0.000065,	0.080000
704,	0.000035,	0.000095,	0.000075,	0.080000
705,	0.000035,	0.000095,	0.000085,	0.080000
706,	0.000035,	0.000095,	0.000095,	0.080000
733,	0.000045,	0.000005,	0.000005,	0.080000
734,	0.000045,	0.000005,	0.000015,	0.080000
735,	0.000045,	0.000005,	0.000025,	0.080000
736,	0.000045,	0.000005,	0.000035,	0.080000
737,	0.000045,	0.000005,	0.000045,	0.080000
738,	0.000045,	0.000005,	0.000055,	0.080000
739,	0.000045,	0.000005,	0.000065,	0.080000
740,	0.000045,	0.000005,	0.000075,	0.080000
741,	0.000045,	0.000005,	0.000085,	0.080000
742,	0.000045,	0.000005,	0.000095,	0.080000
745,	0.000045,	0.000015,	0.000005,	0.080000
746,	0.000045,	0.000015,	0.000015,	0.080000
747,	0.000045,	0.000015,	0.000025,	0.080000
748,	0.000045,	0.000015,	0.000035,	0.080000
749,	0.000045,	0.000015,	0.000045,	0.080000
750,	0.000045,	0.000015,	0.000055,	0.080000
751,	0.000045,	0.000015,	0.000065,	0.080000
752,	0.000045,	0.000015,	0.000075,	0.080000
753,	0.000045,	0.000015,	0.000085,	0.080000
754,	0.000045,	0.000015,	0.000095,	0.080000
757,	0.000045,	0.000025,	0.000005,	0.080000
758,	0.000045,	0.000025,	0.000015,	0.080000
759,	0.000045,	0.000025,	0.000025,	0.080000
760,	0.000045,	0.000025,	0.000035,	0.080000
761,	0.000045,	0.000025,	0.000045,	0.080000
762,	0.000045,	0.000025,	0.000055,	0.080000
763,	0.000045,	0.000025,	0.000065,	0.080000
764,	0.000045,	0.000025,	0.000075,	0.080000
765,	0.000045,	0.000025,	0.000085,	0.080000
766,	0.000045,	0.000025,	0.000095,	0.080000
769,	0.000045,	0.000035,	0.000005,	0.080000
770,	0.000045,	0.000035,	0.000015,	0.080000
771,	0.000045,	0.000035,	0.000025,	0.080000
772,	0.000045,	0.000035,	0.000035,	0.080000
773,	0.000045,	0.000035,	0.000045,	0.080000
774,	0.000045,	0.000035,	0.000055,	0.080000
775,	0.000045,	0.000035,	0.000065,	0.080000
776,	0.000045,	0.000035,	0.000075,	0.080000
777,	0.000045,	0.000035,	0.000085,	0.080000
778,	0.000045,	0.000035,	0.000095,	0.080000
781,	0.000045,	0.000045,	0.000005,	0.080000
782,	0.000045,	0.000045,	0.000015,	0.080000
783,	0.000045,	0.000045,	0.000025,	0.080000
784,	0.000045,	0.000045,	0.000035,	0.080000
785,	0.000045,	0.000045,	0.000045,	0.080000
786,	0.000045,	0.000045,	0.000055,	0.080000
787,	0.000045,	0.000045,	0.000065,	0.080000
788,	0.000045,	0.000045,	0.000075,	0.080000
789,	0.000045,	0.000045,	0.000085,	0.080000
790,	0.000045,	0.000045,	0.000095,	0.080000
793,	0.000045,	0.000055,	0.000005,	0.080000
794,	0.000045,	0.000055,	0.000015,	0.080000
795,	0.000045,	0.000055,	0.000025,	0.080000
796,	0.000045,	0.000055,	0.000035,	0.080000
797,	0.000045,	0.000055,	0.000045,	0.080000
798,	0.000045,	0.000055,	0.000055,	0.080000
799,	0.000045,	0.000055,	0.000065,	0.080000
800,	0.000045,	0.000055,	0.000075,	0.080000
801,	0.000045,	0.000055,	0.000085,	0.080000
802,	0.000045,	0.000055,	0.000095,	0.080000
805,	0.000045,	0.000065,	0.000005,	0.080000
806,	0.000045,	0.000065,	0.000015,	0.080000
807,	0.000045,	0.000065,	0.000025,	0.080000
808,	0.000045,	0.000065,	0.000035,	0.080000
809,	0.000045,	0.000065,	0.000045,	0.080000
810,	0.000045,	0.000065,	0.000055,	0.080000
811,	0.000045,	0.000065,	0.000065,	0.080000
812,	0.000045,	0.000065,	0.000075,	0.080000
813,	0.000045,	0.000065,	0.000085,	0.080000
814,	0.000045,	0.000065,	0.000095,	0.080000
817,	0.000045,	0.000075,	0.000005,	0.080000
818,	0.000045,	0.000075,	0.000015,	0.080000
819,	0.000045,	0.000075,	0.000025,	0.080000
820,	0.000045,	0.000075,	0.000035,	0.080000
821,	0.000045,	0.000075,	0.000045,	0.080000
822,	0.000045,	0.000075,	0.000055,	0.080000
823,	0.000045,	0.000075,	0.000065,	0.080000
824,	0.000045,	0.000075,	0.000075,	0.080000
825,	0.000045,	0.000075,	0.000085,	0.080000
826,	0.000045,	0.000075,	0.000095,	0.080000
829,	0.000045,	0.000085,	0.000005,	0.080000
830,	0.000045,	0.000085,	0.000015,	0.080000
831,	0.000045,	0.000085,	0.000025,	0.080000
832,	0.000045,	0.000085,	0.000035,	0.080000
833,	0.000045,	0.000085,	0.000045,	0.080000
834,	0.000045,	0.000085,	0.000055,	0.080000
835,	0.000045,	0.000085,	0.000065,	0.080000
836,	0.000045,	0.000085,	0.000075,	0.080000
837,	0.000045,	0.000085,	0.000085,	0.080000
838,	0.000045,	0.000085,	0.000095,	0.080000
841,	0.000045,	0.000095,	0.000005,	0.080000
842,	0.000045,	0.000095,	0.000015,	0.080000
843,	0.000045,	0.000095,	0.000025,	0.080000
844,	0.000045,	0.000095,	0.000035,	0.080000
845,	0.000045,	0.000095,	0.000045,	0.080000
846,	0.000045,	0.000095,	0.000055,	0.080000
847,	0.000045,	0.000095,	0.000065,	0.080000
848,	0.000045,	0.000095,	0.000075,	0.080000
849,	0.000045,	0.000095,	0.000085,	0.080000
850,	0.000045,	0.000095,	0.000095,	0.080000
877,	0.000055,	0.000005,	0.000005,	0.080000
878,	0.000055,	0.000005,	0.000015,	0.080000
879,	0.000055,	0.000005,	0.000025,	0.080000
880,	0.000055,	0.000005,	0.000035,	0.080000
881,	0.000055,	0.000005,	0.000045,	0.080000
882,	0.000055,	0.000005,	0.000055,	0.080000
883,	0.000055,	0.000005,	0.000065,	0.080000
884,	0.000055,	0.000005,	0.000075,	0.080000
885,	0.000055,	0.000005,	0.000085,	0.080000
886,	0.000055,	0.000005,	0.000095,	0.080000
889,	0.000055,	0.000015,	0.000005,	0.080000
890,	0.000055,	0.000015,	0.000015,	0.080000
891,	0.000055,	0.000015,	0.000025,	0.080000
892,	0.000055,	0.000015,	0.000035,	0.080000
893,	0.000055,	0.000015,	0.000045,	0.080000
894,	0.000055,	0.000015,	0.000055,	0.080000
895,	0.000055,	0.000015,	0.000065,	0.080000
896,	0.000055,	0.000015,	0.000075,	0.080000
897,	0.000055,	0.000015,	0.000085,	0.080000
898,	0.000055,	0.000015,	0.000095,	0.080000
901,	0.000055,	0.000025,	0.000005,	0.080000
902,	0.000055,	0.000025,	0.000015,	0.080000
903,	0.000055,	0.000025,	0.000025,	0.080000
904,	0.000055,	0.000025,	0.000035,	0.080000
905,	0.000055,	0.000025,	0.000045,	0.080000
906,	0.000055,	0.000025,	0.000055,	0.080000
907,	0.000055,	0.000025,	0.000065,	0.080000
908,	0.000055,	0.000025,	0.000075,	0.080000
909,	0.000055,	0.000025,	0.000085,	0.080000
910,	0.000055,	0.000025,	0.000095,	0.080000
913,	0.000055,	0.000035,	0.000005,	0.080000
914,	0.000055,	0.000035,	0.000015,	0.080000
915,	0.000055,	0.000035,	0.000025,	0.080000
916,	0.000055,	0.000035,	0.000035,	0.080000
917,	0.000055,	0.000035,	0.000045,	0.080000
918,	0.000055,	0.000035,	0.000055,	0.080000
919,	0.000055,	0.000035,	0.000065,	0.080000
920,	0.000055,	0.000035,	0.000075,	0.080000
921,	0.000055,	0.000035,	0.000085,	0.080000
922,	0.000055,	0.000035,	0.000095,	0.080000
925,	0.000055,	0.000045,	0.000005,	0.080000
926,	0.000055,	0.000045,	0.000015,	0.080000
927,	0.000055,	0.000045,	0.000025,	0.080000
928,	0.000055,	0.000045,	0.000035,	0.080000
929,	0.000055,	0.000045,	0.000045,	0.080000
930,	0.000055,	0.000045,	0.000055,	0.080000
931,	0.000055,	0.000045,	0.000065,	0.080000
932,	0.000055,	0.000045,	0.000075,	0.080000
933,	0.000055,	0.000045,	0.000085,	0.080000
934,	0.000055,	0.000045,	0.000095,	0.080000
937,	0.000055,	0.000055,	0.000005,	0.080000
938,	0.000055,	0.000055,	0.000015,	0.080000
939,	0.000055,	0.000055,	0.000025,	0.080000
940,	0.000055,	0.000055,	0.000035,	0.080000
941,	0.000055,	0.000055,	0.000045,	0.080000
942,	0.000055,	0.000055,	0.000055,	0.080000
943,	0.000055,	0.000055,	0.000065,	0.080000
944,	0.000055,	0.000055,	0.000075,	0.080000
945,	0.000055,	0.000055,	0.000085,	0.080000
946,	0.000055,	0.000055,	0.000095,	0.080000
949,	0.000055,	0.000065,	0.000005,	0.080000
950,	0.000055,	0.000065,	0.000015,	0.080000
951,	0.000055,	0.000065,	0.000025,	0.080000
952,	0.000055,	0.000065,	0.000035,	0.080000
953,	0.000055,	0.000065,	0.000045,	0.080000
954,	0.000055,	0.000065,	0.000055,	0.080000
955,	0.000055,	0.000065,	0.000065,	0.080000
956,	0.000055,	0.000065,	0.000075,	0.080000
957,	0.000055,	0.000065,	0.000085,	0.080000
958,	0.000055,	0.000065,	0.000095,	0.080000
961,	0.000055,	0.000075,	0.000005,	0.080000
962,	0.000055,	0.000075,	0.000015,	0.080000
963,	0.000055,	0.000075,	0.000025,	0.080000
964,	0.000055,	0.000075,	0.000035,	0.080000
965,	0.000055,	0.000075,	0.000045,	0.080000
966,	0.000055,	0.000075,	0.000055,	0.080000
967,	0.000055,	0.000075,	0.000065,	0.080000
968,	0.000055,	0.000075,	0.000075,	0.080000
969,	0.000055,	0.000075,	0.000085,	0.080000
970,	0.000055,	0.000075,	0.000095,	0.080000
973,	0.000055,	0.000085,	0.000005,	0.080000
974,	0.000055,	0.000085,	0.000015,	0.080000
975,	0.000055,	0.000085,	0.000025,	0.080000
976,	0.000055,	0.000085,	0.000035,	0.080000
977,	0.000055,	0.000085,	0.000045,	0.080000
978,	0.000055,	0.000085,	0.000055,	0.080000
979,	0.000055,	0.000085,	0.000065,	0.080000
980,	0.000055,	0.000085,	0.000075,	0.080000
981,	0.000055,	0.000085,	0.000085,	0.080000
982,	0.000055,	0.000085,	0.000095,	0.080000
985,	0.000055,	0.000095,	0.000005,	0.080000
986,	0.000055,	0.000095,	0.000015,	0.080000
987,	0.000055,	0.000095,	0.000025,	0.080000
988,	0.000055,	0.000095,	0.000035,	0.080000
989,	0.000055,	0.000095,	0.000045,	0.080000
990,	0.000055,	0.000095,	0.000055,	0.080000
991,	0.000055,	0.000095,	0.000065,	0.080000
992,	0.000055,	0.000095,	0.000075,	0.080000
993,	0.000055,	0.000095,	0.000085,	0.080000
994,	0.000055,	0.000095,	0.000095,	0.080000
1021,	0.000065,	0.000005,	0.000005,	0.080000
1022,	0.000065,	0.000005,	0.000015,	0.080000
1023,	0.000065,	0.000005,	0.000025,	0.080000
1024,	0.000065,	0.000005,	0.000035,	0.080000
1025,	0.000065,	0.000005,	0.000045,	0.080000
1026,	0.000065,	0.000005,	0.000055,	0.080000
1027,	0.000065,	0.000005,	0.000065,	0.080000
1028,	0.000065,	0.000005,	0.000075,	0.080000
1029,	0.000065,	0.000005,	0.000085,	0.080000
1030,	0.000065,	0.000005,	0.000095,	0.080000
1033,	0.000065,	0.000015,	0.000005,	0.080000
1034,	0.000065,	0.000015,	0.000015,	0.080000
1035,	0.000065,	0.000015,	0.000025,	0.080000
1036,	0.000065,	0.000015,	0.000035,	0.080000
1037,	0.000065,	0.000015,	0.000045,	0.080000
1038,	0.000065,	0.000015,	0.000055,	0.080000
1039,	0.000065,	0.000015,	0.000065,	0.080000
1040,	0.000065,	0.000015,	0.000075,	0.080000
1041,	0.000065,	0.000015,	0.000085,	0.080000
1042,	0.000065,	0.000015,	0.000095,	0.080000
1045,	0.000065,	0.000025,	0.000005,	0.080000
1046,	0.000065,	0.000025,	0.000015,	0.080000
1047,	0.000065,	0.000025,	0.000025,	0.080000
1048,	0.000065,	0.000025,	0.000035,	0.080000
1049,	0.000065,	0.000025,	0.000045,	0.080000
1050,	0.000065,	0.000025,	0.000055,	0.080000
1051,	0.000065,	0.000025,	0.000065,	0.080000
1052,	0.000065,	0.000025,	0.000075,	0.080000
1053,	0.000065,	0.000025,	0.000085,	0.080000
1054,	0.000065,	0.000025,	0.000095,	0.080000
1057,	0.000065,	0.000035,	0.000005,	0.080000
1058,	0.000065,	0.000035,	0.000015,	0.080000
1059,	0.000065,	0.000035,	0.000025,	0.080000
1060,	0.000065,	0.000035,	0.000035,	0.080000
1061,	0.000065,	0.000035,	0.000045,	0.080000
1062,	0.000065,	0.000035,	0.000055,	0.080000
1063,	0.000065,	0.000035,	0.000065,	0.080000
1064,	0.000065,	0.000035,	0.000075,	0.080000
1065,	0.000065,	0.000035,	0.000085,	0.080000
1066,	0.000065,	0.000035,	0.000095,	0.080000
1069,	0.000065,	0.000045,	0.000005,	0.080000
1070,	0.000065,	0.000045,	0.000015,	0.080000
1071,	0.000065,	0.000045,	0.000025,	0.080000
1072,	0.000065,	0.000045,	0.000035,	0.080000
1073,	0.000065,	0.000045,	0.000045,	0.080000
1074,	0.000065,	0.000045,	0.000055,	0.080000
1075,	0.000065,	0.000045,	0.000065,	0.080000
1076,	0.000065,	0.000045,	0.000075,	0.080000
1077,	0.000065,	0.000045,	0.000085,	0.080000
1078,	0.000065,	0.000045,	0.000095,	0.080000
1081,	0.000065,	0.000055,	0.000005,	0.080000
1082,	0.000065,	0.000055,	0.000015,	0.080000
1083,	0.000065,	0.000055,	0.000025,	0.080000
1084,	0.000065,	0.000055,	0.000035,	0.080000
1085,	0.000065,	0.000055,	0.000045,	0.080000
1086,	0.000065,	0.000055,	0.000055,	0.080000
1087,	0.000065,	0.000055,	0.000065,	0.080000
1088,	0.000065,	0.000055,	0.000075,	0.080000
1089,	0.000065,	0.000055,	0.000085,	0.080000
1090,	0.000065,	0.000055,	0.000095,	0.080000
1093,	0.000065,	0.000065,	0.000005,	0.080000
1094,	0.000065,	0.000065,	0.000015,	0.080000
1095,	0.000065,	0.000065,	0.000025,	0.080000
1096,	0.000065,	0.000065,	0.000035,	0.080000
1097,	0.000065,	0.000065,	0.000045,	0.080000
1098,	0.000065,	0.000065,	0.000055,	0.080000
1099,	0.000065,	0.000065,	0.000065,	0.080000
1100,	0.000065,	0.000065,	0.000075,	0.080000
1101,	0.000065,	0.000065,	0.000085,	0.080000
1102,	0.000065,	0.000065,	0.000095,	0.080000
1105,	0.000065,	0.000075,	0.000005,	0.080000
1106,	0.000065,	0.000075,	0.000015,	0.080000
1107,	0.000065,	0.000075,	0.000025,	0.080000
1108,	0.000065,	0.000075,	0.000035,	0.080000
1109,	0.000065,	0.000075,	0.000045,	0.080000
1110,	0.000065,	0.000075,	0.000055,	0.080000
1111,	0.000065,	0.000075,	0.000065,	0.080000
1112,	0.000065,	0.000075,	0.000075,	0.080000
1113,	0.000065,	0.000075,	0.000085,	0.080000
1114,	0.000065,	0.000075,	0.000095,	0.080000
1117,	0.000065,	0.000085,	0.000005,	0.080000
1118,	0.000065,	0.000085,	0.000015,	0.080000
1119,	0.000065,	0.000085,	0.000025,	0.080000
1120,	0.000065,	0.000085,	0.000035,	0.080000
1121,	0.000065,	0.000085,	0.000045,	0.080000
1122,	0.000065,	0.000085,	0.000055,	0.080000
1123,	0.000065,	0.000085,	0.000065,	0.080000
1124,	0.000065,	0.000085,	0.000075,	0.080000
1125,	0.000065,	0.000085,	0.000085,	0.080000
1126,	0.000065,	0.000085,	0.000095,	0.080000
1129,	0.000065,	0.000095,	0.000005,	0.080000
1130,	0.000065,	0.000095,	0.000015,	0.080000
1131,	0.000065,	0.000095,	0.000025,	0.080000
1132,	0.000065,	0.000095,	0.000035,	0.080000
1133,	0.000065,	0.000095,	0.000045,	0.080000
1134,	0.000065,	0.000095,	0.000055,	0.080000
1135,	0.000065,	0.000095,	0.000065,	0.080000
1136,	0.000065,	0.000095,	0.000075,	0.080000
1137,	0.000065,	0.000095,	0.000085,	0.080000
1138,	0.000065,	0.000095,	0.000095,	0.080000
1165,	0.000075,	0.000005,	0.000005,	0.080000
1166,	0.000075,	0.000005,	0.000015,	0.080000
1167,	0.000075,	0.000005,	0.000025,	0.080000
1168,	0.000075,	0.000005,	0.000035,	0.080000
1169,	0.000075,	0.000005,	0.000045,	0.080000
1170,	0.000075,	0.000005,	0.000055,	0.080000
1171,	0.000075,	0.000005,	0.000065,	0.080000
1172,	0.000075,	0.000005,	0.000075,	0.080000
1173,	0.000075,	0.000005,	0.000085,	0.080000
1174,	0.000075,	0.000005,	0.000095,	0.080000
1177,	0.000075,	0.000015,	0.000005,	0.080000
1178,	0.000075,	0.000015,	0.000015,	0.080000
1179,	0.000075,	0.000015,	0.000025,	0.080000
1180,	0.000075,	0.000015,	0.000035,	0.080000
1181,	0.000075,	0.000015,	0.000045,	0.080000
1182,	0.000075,	0.000015,	0.000055,	0.080000
1183,	0.000075,	0.000015,	0.000065,	0.080000
1184,	0.000075,	0.000015,	0.000075,	0.080000
1185,	0.000075,	0.000015,	0.000085,	0.080000
1186,	0.000075,	0.000015,	0.000095,	0.080000
1189,	0.000075,	0.000025,	0.000005,	0.080000
1190,	0.000075,	0.000025,	0.000015,	0.080000
1191,	0.000075,	0.000025,	0.000025,	0.080000
1192,	0.000075,	0.000025,	0.000035,	0.080000
1193,	0.000075,	0.000025,	0.000045,	0.080000
1194,	0.000075,	0.000025,	0.000055,	0.080000
1195,	0.000075,	0.000025,	0.000065,	0.080000
1196,	0.000075,	0.000025,	0.000075,	0.080000
1197,	0.000075,	0.000025,	0.000085,	0.080000
1198,	0.000075,	0.000025,	0.000095,	0.080000
1201,	0.000075,	0.000035,	0.000005,	0.080000
1202,	0.000075,	0.000035,	0.000015,	0.080000
1203,	0.000075,	0.000035,	0.000025,	0.080000
1204,	0.000075,	0.000035,	0.000035,	0.080000
1205,	0.000075,	0.000035,	0.000045,	0.080000
1206,	0.000075,	0.000035,	0.000055,	0.080000
1207,	0.000075,	0.000035,	0.000065,	0.080000
1208,	0.000075,	0.000035,	0.000075,	0.080000
1209,	0.000075,	0.000035,	0.000085,	0.080000
1210,	0.000075,	0.000035,	0.000095,	0.080000
1213,	0.000075,	0.000045,	0.000005,	0.080000
1214,	0.000075,	0.000045,	0.000015,	0.080000
1215,	0.000075,	0.000045,	0.000025,	0.080000
1216,	0.000075,	0.000045,	0.000035,	0.080000
1217,	0.000075,	0.000045,	0.000045,	0.080000
1218,	0.000075,	0.000045,	0.000055,	0.080000
1219,	0.000075,	0.000045,	0.000065,	0.080000
1220,	0.000075,	0.000045,	0.000075,	0.080000
1221,	0.000075,	0.000045,	0.000085,	0.080000
1222,	0.000075,	0.000045,	0.000095,	0.080000
1225,	0.000075,	0.000055,	0.000005,	0.080000
1226,	0.000075,	0.000055,	0.000015,	0.080000
1227,	0.000075,	0.000055,	0.000025,	0.080000
1228,	0.000075,	0.000055,	0.000035,	0.080000
1229,	0.000075,	0.000055,	0.000045,	0.080000
1230,	0.000075,	0.000055,	0.000055,	0.080000
1231,	0.000075,	0.000055,	0.000065,	0.080000
1232,	0.000075,	0.000055,	0.000075,	0.080000
1233,	0.000075,	0.000055,	0.000085,	0.080000
1234,	0.000075,	0.000055,	0.000095,	0.080000
1237,	0.000075,	0.000065,	0.000005,	0.080000
1238,	0.000075,	0.000065,	0.000015,	0.080000
1239,	0.000075,	0.000065,	0.000025,	0.080000
1240,	0.000075,	0.000065,	0.000035,	0.080000
1241,	0.000075,	0.000065,	0.000045,	0.080000
1242,	0.000075,	0.000065,	0.000055,	0.080000
1243,	0.000075,	0.000065,	0.000065,	0.080000
1244,	0.000075,	0.000065,	0.000075,	0.080000
1245,	0.000075,	0.000065,	0.000085,	0.080000
1246,	0.000075,	0.000065,	0.000095,	0.080000
1249,	0.000075,	0.000075,	0.000005,	0.080000
1250,	0.000075,	0.000075,	0.000015,	0.080000
1251,	0.000075,	0.000075,	0.000025,	0.080000
1252,	0.000075,	0.000075,	0.000035,	0.080000
1253,	0.000075,	0.000075,	0.000045,	0.080000
1254,	0.000075,	0.000075,	0.000055,	0.080000
1255,	0.000075,	0.000075,	0.000065,	0.080000
1256,	0.000075,	0.000075,	0.000075,	0.080000
1257,	0.000075,	0.000075,	0.000085,	0.080000
1258,	0.000075,	0.000075,	0.000095,	0.080000
1261,	0.000075,	0.000085,	0.000005,	0.080000
1262,	0.000075,	0.000085,	0.000015,	0.080000
1263,	0.000075,	0.000085,	0.000025,	0.080000
1264,	0.000075,	0.000085,	0.000035,	0.080000
1265,	0.000075,	0.000085,	0.000045,	0.080000
1266,	0.000075,	0.000085,	0.000055,	0.080000
1267,	0.000075,	0.000085,	0.000065,	0.080000
1268,	0.000075,	0.000085,	0.000075,	0.080000
1269,	0.000075,	0.000085,	0.000085,	0.080000
1270,	0.000075,	0.000085,	0.000095,	0.080000
1273,	0.000075,	0.000095,	0.000005,	0.080000
1274,	0.000075,	0.000095,	0.000015,	0.080000
1275,	0.000075,	0.000095,	0.000025,	0.080000
1276,	0.000075,	0.000095,	0.000035,	0.080000
1277,	0.000075,	0.000095,	0.000045,	0.080000
1278,	0.000075,	0.000095,	0.000055,	0.080000
1279,	0.000075,	0.000095,	0.000065,	0.080000
1280,	0.000075,	0.000095,	0.000075,	0.080000
1281,	0.000075,	0.000095,	0.000085,	0.080000
1282,	0.000075,	0.000095,	0.000095,	0.080000
1309,	0.000085,	0.000005,	0.000005,	0.080000
1310,	0.000085,	0.000005,	0.000015,	0.080000
1311,	0.000085,	0.000005,	0.000025,	0.080000
1312,	0.000085,	0.000005,	0.000035,	0.080000
1313,	0.000085,	0.000005,	0.000045,	0.080000
1314,	0.000085,	0.000005,	0.000055,	0.080000
1315,	0.000085,	0.000005,	0.000065,	0.080000
1316,	0.000085,	0.000005,	0.000075,	0.080000
1317,	0.000085,	0.000005,	0.000085,	0.080000
1318,	0.000085,	0.000005,	0.000095,	0.080000
1321,	0.000085,	0.000015,	0.000005,	0.080000
1322,	0.000085,	0.000015,	0.000015,	0.080000
1323,	0.000085,	0.000015,	0.000025,	0.080000
1324,	0.000085,	0.000015,	0.000035,	0.080000
1325,	0.000085,	0.000015,	0.000045,	0.080000
1326,	0.000085,	0.000015,	0.000055,	0.080000
1327,	0.000085,	0.000015,	0.000065,	0.080000
1328,	0.000085,	0.000015,	0.000075,	0.080000
1329,	0.000085,	0.000015,	0.000085,	0.080000
1330,	0.000085,	0.000015,	0.000095,	0.080000
1333,	0.000085,	0.000025,	0.000005,	0.080000
1334,	0.000085,	0.000025,	0.000015,	0.080000
1335,	0.000085,	0.000025,	0.000025,	0.080000
1336,	0.000085,	0.000025,	0.000035,	0.080000
1337,	0.000085,	0.000025,	0.000045,	0.080000
1338,	0.000085,	0.000025,	0.000055,	0.080000
1339,	0.000085,	0.000025,	0.000065,	0.080000
1340,	0.000085,	0.000025,	0.000075,	0.080000
1341,	0.000085,	0.000025,	0.000085,	0.080000
1342,	0.000085,	0.000025,	0.000095,	0.080000
1345,	0.000085,	0.000035,	0.000005,	0.080000
1346,	0.000085,	0.000035,	0.000015,	0.080000
1347,	0.000085,	0.000035,	0.000025,	0.080000
1348,	0.000085,	0.000035,	0.000035,	0.080000
1349,	0.000085,	0.000035,	0.000045,	0.080000
1350,	0.000085,	0.000035,	0.000055,	0.080000
1351,	0.000085,	0.000035,	0.000065,	0.080000
1352,	0.000085,	0.000035,	0.000075,	0.080000
1353,	0.000085,	0.000035,	0.000085,	0.080000
1354,	0.000085,	0.000035,	0.000095,	0.080000
1357,	0.000085,	0.000045,	0.000005,	0.080000
1358,	0.000085,	0.000045,	0.000015,	0.080000
1359,	0.000085,	0.000045,	0.000025,	0.080000
1360,	0.000085,	0.000045,	0.000035,	0.080000
1361,	0.000085,	0.000045,	0.000045,	0.080000
1362,	0.000085,	0.000045,	0.000055,	0.080000
1363,	0.000085,	0.000045,	0.000065,	0.080000
1364,	0.000085,	0.000045,	0.000075,	0.080000
1365,	0.000085,	0.000045,	0.000085,	0.080000
1366,	0.000085,	0.000045,	0.000095,	0.080000
1369,	0.000085,	0.000055,	0.000005,	0.080000
1370,	0.000085,	0.000055,	0.000015,	0.080000
1371,	0.000085,	0.000055,	0.000025,	0.080000
1372,	0.000085,	0.000055,	0.000035,	0.080000
1373,	0.000085,	0.000055,	0.000045,	0.080000
1374,	0.000085,	0.000055,	0.000055,	0.080000
1375,	0.000085,	0.000055,	0.000065,	0.080000
1376,	0.000085,	0.000055,	0.000075,	0.080000
1377,	0.000085,	0.000055,	0.000085,	0.080000
1378,	0.000085,	0.000055,	0.000095,	0.080000
1381,	0.000085,	0.000065,	0.000005,	0.080000
1382,	0.000085,	0.000065,	0.000015,	0.080000
1383,	0.000085,	0.000065,	0.000025,	0.080000
1384,	0.000085,	0.000065,	0.000035,	0.080000
1385,	0.000085,	0.000065,	0.000045,	0.080000
1386,	0.000085,	0.000065,	0.000055,	0.080000
1387,	0.000085,	0.000065,	0.000065,	0.080000
1388,	0.000085,	0.000065,	0.000075,	0.080000
1389,	0.000085,	0.000065,	0.000085,	0.080000
1390,	0.000085,	0.000065,	0.000095,	0.080000
1393,	0.000085,	0.000075,	0.000005,	0.080000
1394,	0.000085,	0.000075,	0.000015,	0.080000
1395,	0.000085,	0.000075,	0.000025,	0.080000
1396,	0.000085,	0.000075,	0.000035,	0.080000
1397,	0.000085,	0.000075,	0.000045,	0.080000
1398,	0.000085,	0.000075,	0.000055,	0.080000
1399,	0.000085,	0.000075,	0.000065,	0.080000
1400,	0.000085,	0.000075,	0.000075,	0.080000
1401,	0.000085,	0.000075,	0.000085,	0.080000
1402,	0.000085,	0.000075,	0.000095,	0.080000
1405,	0.000085,	0.000085,	0.000005,	0.080000
1406,	0.000085,	0.000085,	0.000015,	0.080000
1407,	0.000085,	0.000085,	0.000025,	0.080000
1408,	0.000085,	0.000085,	0.000035,	0.080000
1409,	0.000085,	0.000085,	0.000045,	0.080000
1410,	0.000085,	0.000085,	0.000055,	0.080000
1411,	0.000085,	0.000085,	0.000065,	0.080000
1412,	0.000085,	0.000085,	0.000075,	0.080000
1413,	0.000085,	0.000085,	0.000085,	0.080000
1414,	0.000085,	0.000085,	0.000095,	0.080000
1417,	0.000085,	0.000095,	0.000005,	0.080000
1418,	0.000085,	0.000095,	0.000015,	0.080000
1419,	0.000085,	0.000095,	0.000025,	0.080000
1420,	0.000085,	0.000095,	0.000035,	0.080000
1421,	0.000085,	0.000095,	0.000045,	0.080000
1422,	0.000085,	0.000095,	0.000055,	0.080000
1423,	0.000085,	0.000095,	0.000065,	0.080000
1424,	0.000085,	0.000095,	0.000075,	0.080000
1425,	0.000085,	0.000095,	0.000085,	0.080000
1426,	0.000085,	0.000095,	0.000095,	0.080000
1453,	0.000095,	0.000005,	0.000005,	0.080000
1454,	0.000095,	0.000005,	0.000015,	0.080000
1455,	0.000095,	0.000005,	0.000025,	0.080000
1456,	0.000095,	0.000005,	0.000035,	0.080000
1457,	0.000095,	0.000005,	0.000045,	0.080000
1458,	0.000095,	0.000005,	0.000055,	0.080000
1459,	0.000095,	0.000005,	0.000065,	0.080000
1460,	0.000095,	0.000005,	0.000075,	0.080000
1461,	0.000095,	0.000005,	0.000085,	0.080000
1462,	0.000095,	0.000005,	0.000095,	0.080000
1465,	0.000095,	0.000015,	0.000005,	0.080000
1466,	0.000095,	0.000015,	0.000015,	0.080000
1467,	0.000095,	0.000015,	0.000025,	0.080000
1468,	0.000095,	0.000015,	0.000035,	0.080000
1469,	0.000095,	0.000015,	0.000045,	0.080000
1470,	0.000095,	0.000015,	0.000055,	0.080000
1471,	0.000095,	0.000015,	0.000065,	0.080000
1472,	0.000095,	0.000015,	0.000075,	0.080000
1473,	0.000095,	0.000015,	0.000085,	0.080000
1474,	0.000095,	0.000015,	0.000095,	0.080000
1477,	0.000095,	0.000025,	0.000005,	0.080000
1478,	0.000095,	0.000025,	0.000015,	0.080000
1479,	0.000095,	0.000025,	0.000025,	0.080000
1480,	0.000095,	0.000025,	0.000035,	0.080000
1481,	0.000095,	0.000025,	0.000045,	0.080000
1482,	0.000095,	0.000025,	0.000055,	0.080000
1483,	0.000095,	0.000025,	0.000065,	0.080000
1484,	0.000095,	0.000025,	0.000075,	0.080000
1485,	0.000095,	0.000025,	0.000085,	0.080000
1486,	0.000095,	0.000025,	0.000095,	0.080000
1489,	0.000095,	0.000035,	0.000005,	0.080000
1490,	0.000095,	0.000035,	0.000015,	0.080000
1491,	0.000095,	0.000035,	0.000025,	0.080000
1492,	0.000095,	0.000035,	0.000035,	0.080000
1493,	0.000095,	0.000035,	0.000045,	0.080000
1494,	0.000095,	0.000035,	0.000055,	0.080000
1495,	0.000095,	0.000035,	0.000065,	0.080000
1496,	0.000095,	0.000035,	0.000075,	0.080000
1497,	0.000095,	0.000035,	0.000085,	0.080000
1498,	0.000095,	0.000035,	0.000095,	0.080000
1501,	0.000095,	0.000045,	0.000005,	0.080000
1502,	0.000095,	0.000045,	0.000015,	0.080000
1503,	0.000095,	0.000045,	0.000025,	0.080000
1504,	0.000095,	0.000045,	0.000035,	0.080000
1505,	0.000095,	0.000045,	0.000045,	0.080000
1506,	0.000095,	0.000045,	0.000055,	0.080000
1507,	0.000095,	0.000045,	0.000065,	0.080000
1508,	0.000095,	0.000045,	0.000075,	0.080000
1509,	0.000095,	0.000045,	0.000085,	0.080000
1510,	0.000095,	0.000045,	0.000095,	0.080000
1513,	0.000095,	0.000055,	0.000005,	0.080000
1514,	0.000095,	0.000055,	0.000015,	0.080000
1515,	0.000095,	0.000055,	0.000025,	0.080000
1516,	0.000095,	0.000055,	0.000035,	0.080000
1517,	0.000095,	0.000055,	0.000045,	0.080000
1518,	0.000095,	0.000055,	0.000055,	0.080000
1519,	0.000095,	0.000055,	0.000065,	0.080000
1520,	0.000095,	0.000055,	0.000075,	0.080000
1521,	0.000095,	0.000055,	0.000085,	0.080000
1522,	0.000095,	0.000055,	0.000095,	0.080000
1525,	0.000095,	0.000065,	0.000005,	0.080000
1526,	0.000095,	0.000065,	0.000015,	0.080000
1527,	0.000095,	0.000065,	0.000025,	0.080000
1528,	0.000095,	0.000065,	0.000035,	0.080000
1529,	0.000095,	0.000065,	0.000045,	0.080000
1530,	0.000095,	0.000065,	0.000055,	0.080000
1531,	0.000095,	0.000065,	0.000065,	0.080000
1532,	0.000095,	0.000065,	0.000075,	0.080000
1533,	0.000095,	0.000065,	0.000085,	0.080000
1534,	0.000095,	0.000065,	0.000095,	0.080000
1537,	0.000095,	0.000075,	0.000005,	0.080000
1538,	0.000095,	0.000075,	0.000015,	0.080000
1539,	0.000095,	0.000075,	0.000025,	0.080000
1540,	0.000095,	0.000075,	0.000035,	0.080000
1541,	0.000095,	0.000075,	0.000045,	0.080000
1542,	0.000095,	0.000075,	0.000055,	0.080000
1543,	0.000095,	0.000075,	0.000065,	0.080000
1544,	0.000095,	0.000075,	0.000075,	0.080000
1545,	0.000095,	0.000075,	0.000085,	0.080000
1546,	0.000095,	0.000075,	0.000095,	0.080000
1549,	0.000095,	0.000085,	0.000005,	0.080000
1550,	0.000095,	0.000085,	0.000015,	0.080000
1551,	0.000095,	0.000085,	0.000025,	0.080000
1552,	0.000095,	0.000085,	0.000035,	0.080000
1553,	0.000095,	0.000085,	0.000045,	0.080000
1554,	0.000095,	0.000085,	0.000055,	0.080000
1555,	0.000095,	0.000085,	0.000065,	0.080000
1556,	0.000095,	0.000085,	0.000075,	0.080000
1557,	0.000095,	0.000085,	0.000085,	0.080000
1558,	0.000095,	0.000085,	0.000095,	0.080000
1561,	0.000095,	0.000095,	0.000005,	0.080000
1562,	0.000095,	0.000095,	0.000015,	0.080000
1563,	0.000095,	0.000095,	0.000025,	0.080000
1564,	0.000095,	0.000095,	0.000035,	0.080000
1565,	0.000095,	0.000095,	0.000045,	0.080000
1566,	0.000095,	0.000095,	0.000055,	0.080000
1567,	0.000095,	0.000095,	0.000065,	0.080000
1568,	0.000095,	0.000095,	0.000075,	0.080000
1569,	0.000095,	0.000095,	0.000085,	0.080000
1570,	0.000095,	0.000095,	0.000095,	0.080000
