Time 10.000000
1, 8.537167e-05
2, 8.536538e-05
11, 8.537223e-05
12, 8.536662e-05
21, 8.537278e-05
22, 8.536477e-05
31, 8.537390e-05
32, 8.537089e-05
41, 8.614401e-05
42, 8.580166e-05
51, 8.621003e-05
52, 8.584361e-05
61, 8.622781e-05
62, 8.575735e-05
71, 8.628365e-05
72, 8.611929e-05
81, 8.768747e-05
82, 8.759613e-05
91, 8.769496e-05
92, 8.759084e-05
101, 8.770789e-05
102, 8.759096e-05
111, 8.772790e-05
112, 8.765597e-05
121, 8.930095e-05
122, 8.927041e-05
131, 8.930097e-05
132, 8.926688e-05
141, 8.930626e-05
142, 8.927009e-05
151, 8.931164e-05
152, 8.928267e-05
161, 9.093703e-05
162, 9.092481e-05
171, 9.093668e-05
172, 9.092361e-05
181, 9.093844e-05
182, 9.092491e-05
191, 9.093978e-05
192, 9.092751e-05
201, 9.258142e-05
202, 9.257592e-05
211, 9.258127e-05
212, 9.257557e-05
221, 9.258179e-05
222, 9.257598e-05
231, 9.258212e-05
232, 9.257654e-05
241, 9.422895e-05
242, 9.422630e-05
251, 9.422890e-05
252, 9.422621e-05
261, 9.422905e-05
262, 9.422632e-05
271, 9.422913e-05
272, 9.422645e-05
281, 9.587759e-05
282, 9.587628e-05
291, 9.587757e-05
292, 9.587626e-05
301, 9.587761e-05
302, 9.587629e-05
311, 9.587763e-05
312, 9.587632e-05
321, 9.752653e-05
322, 9.752593e-05
331, 9.752652e-05
332, 9.752592e-05
341, 9.752653e-05
342, 9.752593e-05
351, 9.752654e-05
352, 9.752594e-05
361, 9.917551e-05
362, 9.917534e-05
371, 9.917551e-05
372, 9.917533e-05
381, 9.917551e-05
382, 9.917534e-05
391, 9.917551e-05
392, 9.917534e-05
3, 8.536643e-05
4, 8.536731e-05
5, 8.536781e-05
13, 8.536535e-05
14, 8.536522e-05
15, 8.536757e-05
23, 8.536589e-05
24, 8.536556e-05
25, 8.536636e-05
33, 8.537065e-05
34, 8.536580e-05
35, 8.536699e-05
43, 8.583266e-05
44, 8.590953e-05
45, 8.595472e-05
53, 8.579580e-05
54, 8.579704e-05
55, 8.592049e-05
63, 8.582180e-05
64, 8.581063e-05
65, 8.584301e-05
73, 8.609876e-05
74, 8.582985e-05
75, 8.587089e-05
83, 8.757010e-05
84, 8.757049e-05
85, 8.758932e-05
93, 8.755217e-05
94, 8.754805e-05
95, 8.758272e-05
103, 8.756329e-05
104, 8.754785e-05
105, 8.756443e-05
113, 8.761850e-05
114, 8.756285e-05
115, 8.756777e-05
123, 8.925030e-05
124, 8.924280e-05
125, 8.924762e-05
133, 8.924464e-05
134, 8.923772e-05
135, 8.924627e-05
143, 8.924814e-05
144, 8.923752e-05
145, 8.924202e-05
153, 8.925968e-05
154, 8.924234e-05
155, 8.924281e-05
163, 9.091348e-05
164, 9.090757e-05
165, 9.090802e-05
173, 9.091190e-05
174, 9.090635e-05
175, 9.090770e-05
183, 9.091290e-05
184, 9.090634e-05
185, 9.090675e-05
193, 9.091542e-05
194, 9.090765e-05
195, 9.090701e-05
203, 9.256994e-05
204, 9.256624e-05
205, 9.256571e-05
213, 9.256953e-05
214, 9.256593e-05
215, 9.256562e-05
223, 9.256980e-05
224, 9.256595e-05
225, 9.256542e-05
233, 9.257037e-05
234, 9.256628e-05
235, 9.256551e-05
243, 9.422320e-05
244, 9.422106e-05
245, 9.422051e-05
253, 9.422309e-05
254, 9.422098e-05
255, 9.422049e-05
263, 9.422317e-05
264, 9.422099e-05
265, 9.422045e-05
273, 9.422330e-05
274, 9.422107e-05
275, 9.422048e-05
283, 9.587470e-05
284, 9.587353e-05
285, 9.587316e-05
293, 9.587467e-05
294, 9.587351e-05
295, 9.587316e-05
303, 9.587469e-05
304, 9.587352e-05
305, 9.587315e-05
313, 9.587472e-05
314, 9.587354e-05
315, 9.587316e-05
323, 9.752518e-05
324, 9.752461e-05
325, 9.752441e-05
333, 9.752518e-05
334, 9.752461e-05
335, 9.752441e-05
343, 9.752518e-05
344, 9.752461e-05
345, 9.752441e-05
353, 9.752519e-05
354, 9.752461e-05
355, 9.752441e-05
363, 9.917512e-05
364, 9.917495e-05
365, 9.917489e-05
373, 9.917512e-05
374, 9.917495e-05
375, 9.917489e-05
383, 9.917512e-05
384, 9.917495e-05
385, 9.917489e-05
393, 9.917512e-05
394, 9.917495e-05
395, 9.917489e-05
6, 8.536952e-05
7, 8.536594e-05
16, 8.536998e-05
17, 8.536849e-05
26, 8.536901e-05
27, 8.536652e-05
36, 8.536631e-05
37, 8.536785e-05
46, 8.604835e-05
47, 8.581784e-05
56, 8.610376e-05
57, 8.597890e-05
66, 8.600990e-05
67, 8.585849e-05
76, 8.582875e-05
77, 8.594029e-05
86, 8.761228e-05
87, 8.757645e-05
96, 8.762741e-05
97, 8.760334e-05
106, 8.760288e-05
107, 8.758559e-05
116, 8.757602e-05
117, 8.759472e-05
126, 8.925577e-05
127, 8.925391e-05
136, 8.925912e-05
137, 8.925870e-05
146, 8.925360e-05
147, 8.925632e-05
156, 8.924940e-05
157, 8.925703e-05
166, 9.091158e-05
167, 9.091467e-05
176, 9.091226e-05
177, 9.091557e-05
186, 9.091110e-05
187, 9.091535e-05
196, 9.091042e-05
197, 9.091531e-05
206, 9.256743e-05
207, 9.257019e-05
216, 9.256755e-05
217, 9.257036e-05
226, 9.256733e-05
227, 9.257038e-05
236, 9.256722e-05
237, 9.257034e-05
246, 9.422138e-05
247, 9.422317e-05
256, 9.422140e-05
257, 9.422321e-05
266, 9.422136e-05
267, 9.422323e-05
276, 9.422134e-05
277, 9.422322e-05
286, 9.587360e-05
287, 9.587463e-05
296, 9.587360e-05
297, 9.587464e-05
306, 9.587360e-05
307, 9.587465e-05
316, 9.587360e-05
317, 9.587464e-05
326, 9.752462e-05
327, 9.752514e-05
336, 9.752462e-05
337, 9.752514e-05
346, 9.752462e-05
347, 9.752514e-05
356, 9.752462e-05
357, 9.752514e-05
366, 9.917495e-05
367, 9.917510e-05
376, 9.917495e-05
377, 9.917510e-05
386, 9.917495e-05
387, 9.917510e-05
396, 9.917495e-05
397, 9.917510e-05
8, 8.536557e-05
9, 8.536465e-05
10, 8.536885e-05
18, 8.536712e-05
19, 8.536735e-05
20, 8.537010e-05
28, 8.536641e-05
29, 8.537054e-05
30, 8.537065e-05
38, 8.537006e-05
39, 8.537002e-05
40, 8.537378e-05
48, 8.580786e-05
49, 8.573735e-05
50, 8.599746e-05
58, 8.589831e-05
59, 8.590863e-05
60, 8.606181e-05
68, 8.584596e-05
69, 8.610046e-05
70, 8.612488e-05
78, 8.609438e-05
79, 8.607220e-05
80, 8.626204e-05
88, 8.757628e-05
89, 8.758768e-05
90, 8.766049e-05
98, 8.759264e-05
99, 8.761687e-05
100, 8.767214e-05
108, 8.759748e-05
109, 8.766077e-05
110, 8.769904e-05
118, 8.763262e-05
119, 8.766070e-05
120, 8.772035e-05
128, 8.926009e-05
129, 8.927405e-05
130, 8.929745e-05
138, 8.926321e-05
139, 8.927897e-05
140, 8.929932e-05
148, 8.926695e-05
149, 8.928969e-05
150, 8.930781e-05
158, 8.927179e-05
159, 8.929022e-05
160, 8.931154e-05
168, 9.092056e-05
169, 9.092914e-05
170, 9.093762e-05
178, 9.092117e-05
179, 9.092996e-05
180, 9.093785e-05
188, 9.092248e-05
189, 9.093264e-05
190, 9.094028e-05
198, 9.092311e-05
199, 9.093280e-05
200, 9.094102e-05
208, 9.257423e-05
209, 9.257893e-05
210, 9.258233e-05
218, 9.257436e-05
219, 9.257906e-05
220, 9.258233e-05
228, 9.257474e-05
229, 9.257974e-05
230, 9.258299e-05
238, 9.257481e-05
239, 9.257978e-05
240, 9.258316e-05
248, 9.422562e-05
249, 9.422811e-05
250, 9.422958e-05
258, 9.422564e-05
259, 9.422813e-05
260, 9.422957e-05
268, 9.422575e-05
269, 9.422830e-05
270, 9.422975e-05
278, 9.422576e-05
279, 9.422831e-05
280, 9.422979e-05
288, 9.587600e-05
289, 9.587728e-05
290, 9.587795e-05
298, 9.587600e-05
299, 9.587728e-05
300, 9.587795e-05
308, 9.587603e-05
309, 9.587733e-05
310, 9.587799e-05
318, 9.587603e-05
319, 9.587733e-05
320, 9.587800e-05
328, 9.752581e-05
329, 9.752642e-05
330, 9.752671e-05
338, 9.752581e-05
339, 9.752642e-05
340, 9.752671e-05
348, 9.752582e-05
349, 9.752643e-05
350, 9.752672e-05
358, 9.752582e-05
359, 9.752643e-05
360, 9.752672e-05
368, 9.917530e-05
369, 9.917548e-05
370, 9.917557e-05
378, 9.917530e-05
379, 9.917548e-05
380, 9.917557e-05
388, 9.917531e-05
389, 9.917548e-05
390, 9.917557e-05
398, 9.917531e-05
399, 9.917549e-05
400, 9.917557e-05
