Time 10.000000
1, 9.597454e-08
2, 5.296866e-08
11, 9.974418e-08
12, 6.144873e-08
21, 1.035879e-07
22, 4.882498e-08
31, 1.112744e-07
32, 9.075045e-08
41, 5.379272e-06
42, 3.035746e-06
51, 5.831188e-06
52, 3.322883e-06
61, 5.952939e-06
62, 2.732473e-06
71, 6.335197e-06
72, 5.210154e-06
81, 1.593613e-05
82, 1.531097e-05
91, 1.598735e-05
92, 1.527473e-05
101, 1.607590e-05
102, 1.527557e-05
111, 1.621290e-05
112, 1.572062e-05
121, 2.696684e-05
122, 2.675792e-05
131, 2.696692e-05
132, 2.673372e-05
141, 2.700319e-05
142, 2.675571e-05
151, 2.704003e-05
152, 2.684185e-05
161, 3.814614e-05
162, 3.806263e-05
171, 3.814373e-05
172, 3.805440e-05
181, 3.815576e-05
182, 3.806328e-05
191, 3.816496e-05
192, 3.808109e-05
201, 4.937670e-05
202, 4.933913e-05
211, 4.937564e-05
212, 4.933675e-05
221, 4.937923e-05
222, 4.933952e-05
231, 4.938150e-05
232, 4.934342e-05
241, 6.062402e-05
242, 6.060595e-05
251, 6.062366e-05
252, 6.060530e-05
261, 6.062468e-05
262, 6.060609e-05
271, 6.062524e-05
272, 6.060698e-05
281, 7.187524e-05
282, 7.186637e-05
291, 7.187514e-05
292, 7.186620e-05
301, 7.187541e-05
302, 7.186641e-05
311, 7.187556e-05
312, 7.186663e-05
321, 8.312601e-05
322, 8.312192e-05
331, 8.312598e-05
332, 8.312187e-05
341, 8.312605e-05
342, 8.312193e-05
351, 8.312609e-05
352, 8.312198e-05
361, 9.437552e-05
362, 9.437433e-05
371, 9.437551e-05
372, 9.437432e-05
381, 9.437553e-05
382, 9.437433e-05
391, 9.437554e-05
392, 9.437434e-05
3, 6.038919e-08
4, 6.667016e-08
5, 7.025452e-08
13, 5.299383e-08
14, 5.229956e-08
15, 6.861259e-08
23, 5.664687e-08
24, 5.464758e-08
25, 6.028965e-08
33, 8.926024e-08
34, 5.632990e-08
35, 6.464940e-08
43, 3.248161e-06
44, 3.774556e-06
45, 4.084133e-06
53, 2.995809e-06
54, 3.004495e-06
55, 3.849807e-06
63, 3.173753e-06
64, 3.097507e-06
65, 3.319403e-06
73, 5.069744e-06
74, 3.229117e-06
75, 3.510269e-06
83, 1.513293e-05
84, 1.513587e-05
85, 1.526493e-05
93, 1.501020e-05
94, 1.498220e-05
95, 1.521970e-05
103, 1.508631e-05
104, 1.498081e-05
105, 1.509449e-05
113, 1.546428e-05
114, 1.508356e-05
115, 1.511741e-05
123, 2.662045e-05
124, 2.656926e-05
125, 2.660243e-05
133, 2.658166e-05
134, 2.653452e-05
135, 2.659318e-05
143, 2.660563e-05
144, 2.653313e-05
145, 2.656406e-05
153, 2.668466e-05
154, 2.656613e-05
155, 2.656953e-05
163, 3.798523e-05
164, 3.794499e-05
165, 3.794817e-05
173, 3.797444e-05
174, 3.793659e-05
175, 3.794596e-05
183, 3.798129e-05
184, 3.793653e-05
185, 3.793948e-05
193, 3.799850e-05
194, 3.794550e-05
195, 3.794128e-05
203, 4.929837e-05
204, 4.927315e-05
205, 4.926962e-05
213, 4.929552e-05
214, 4.927105e-05
215, 4.926902e-05
223, 4.929740e-05
224, 4.927117e-05
225, 4.926765e-05
233, 4.930129e-05
234, 4.927348e-05
235, 4.926825e-05
243, 6.058481e-05
244, 6.057024e-05
245, 6.056657e-05
253, 6.058408e-05
254, 6.056971e-05
255, 6.056639e-05
263, 6.058459e-05
264, 6.056978e-05
265, 6.056612e-05
273, 6.058549e-05
274, 6.057037e-05
275, 6.056631e-05
283, 7.185560e-05
284, 7.184766e-05
285, 7.184517e-05
293, 7.185541e-05
294, 7.184752e-05
295, 7.184512e-05
303, 7.185555e-05
304, 7.184756e-05
305, 7.184507e-05
313, 7.185577e-05
314, 7.184771e-05
315, 7.184513e-05
323, 8.311686e-05
324, 8.311299e-05
325, 8.311164e-05
333, 8.311681e-05
334, 8.311295e-05
335, 8.311162e-05
343, 8.311685e-05
344, 8.311296e-05
345, 8.311161e-05
353, 8.311690e-05
354, 8.311300e-05
355, 8.311163e-05
363, 9.437285e-05
364, 9.437170e-05
365, 9.437128e-05
373, 9.437284e-05
374, 9.437169e-05
375, 9.437127e-05
383, 9.437285e-05
384, 9.437169e-05
385, 9.437127e-05
393, 9.437286e-05
394, 9.437170e-05
395, 9.437128e-05
6, 8.194809e-08
7, 5.719763e-08
16, 8.513123e-08
17, 7.464293e-08
26, 7.845620e-08
27, 6.118571e-08
36, 5.998592e-08
37, 7.028050e-08
46, 4.725057e-06
47, 3.146886e-06
56, 5.104418e-06
57, 4.249432e-06
66, 4.461872e-06
67, 3.425164e-06
76, 3.221774e-06
77, 3.985085e-06
86, 1.542207e-05
87, 1.517658e-05
96, 1.552565e-05
97, 1.536066e-05
106, 1.535773e-05
107, 1.523919e-05
116, 1.517386e-05
117, 1.530168e-05
126, 2.665823e-05
127, 2.664525e-05
136, 2.668116e-05
137, 2.667807e-05
146, 2.664332e-05
147, 2.666180e-05
156, 2.661458e-05
157, 2.666664e-05
166, 3.797254e-05
167, 3.799351e-05
176, 3.797717e-05
177, 3.799967e-05
186, 3.796926e-05
187, 3.799813e-05
196, 3.796461e-05
197, 3.799786e-05
206, 4.928135e-05
207, 4.930012e-05
216, 4.928222e-05
217, 4.930132e-05
226, 4.928066e-05
227, 4.930142e-05
236, 4.927991e-05
237, 4.930116e-05
246, 6.057246e-05
247, 6.058467e-05
256, 6.057261e-05
257, 6.058490e-05
266, 6.057233e-05
267, 6.058502e-05
276, 6.057221e-05
277, 6.058494e-05
286, 7.184814e-05
287, 7.185515e-05
296, 7.184816e-05
297, 7.185519e-05
306, 7.184811e-05
307, 7.185524e-05
316, 7.184810e-05
317, 7.185522e-05
326, 8.311303e-05
327, 8.311653e-05
336, 8.311303e-05
337, 8.311654e-05
346, 8.311302e-05
347, 8.311656e-05
356, 8.311302e-05
357, 8.311656e-05
366, 9.437168e-05
367, 9.437274e-05
376, 9.437168e-05
377, 9.437274e-05
386, 9.437168e-05
387, 9.437274e-05
396, 9.437168e-05
397, 9.437275e-05
8, 5.433050e-08
9, 4.779820e-08
10, 7.651955e-08
18, 6.497736e-08
19, 6.628304e-08
20, 8.507507e-08
28, 6.011081e-08
29, 8.820327e-08
30, 8.887478e-08
38, 8.513007e-08
39, 8.458602e-08
40, 1.103239e-07
48, 3.078211e-06
49, 2.595317e-06
50, 4.375970e-06
58, 3.697428e-06
59, 3.767865e-06
60, 4.816428e-06
68, 3.339106e-06
69, 5.081067e-06
70, 5.248225e-06
78, 5.039616e-06
79, 4.887655e-06
80, 6.187205e-06
88, 1.517510e-05
89, 1.525294e-05
90, 1.575135e-05
98, 1.528709e-05
99, 1.545274e-05
100, 1.583112e-05
108, 1.532026e-05
109, 1.575331e-05
110, 1.601527e-05
118, 1.556081e-05
119, 1.575287e-05
120, 1.616118e-05
128, 2.668727e-05
129, 2.678262e-05
130, 2.694281e-05
138, 2.670864e-05
139, 2.681633e-05
140, 2.695560e-05
148, 2.673426e-05
149, 2.688968e-05
150, 2.701373e-05
158, 2.676741e-05
159, 2.689335e-05
160, 2.703926e-05
168, 3.803353e-05
169, 3.809210e-05
170, 3.815012e-05
178, 3.803777e-05
179, 3.809771e-05
180, 3.815169e-05
188, 3.804672e-05
189, 3.811610e-05
190, 3.816831e-05
198, 3.805104e-05
199, 3.811720e-05
200, 3.817337e-05
208, 4.932759e-05
209, 4.935959e-05
210, 4.938282e-05
218, 4.932845e-05
219, 4.936050e-05
220, 4.938285e-05
228, 4.933108e-05
229, 4.936515e-05
230, 4.938739e-05
238, 4.933159e-05
239, 4.936542e-05
240, 4.938851e-05
248, 6.060126e-05
249, 6.061820e-05
250, 6.062827e-05
258, 6.060143e-05
259, 6.061833e-05
260, 6.062820e-05
268, 6.060216e-05
269, 6.061951e-05
270, 6.062941e-05
278, 6.060221e-05
279, 6.061959e-05
280, 6.062968e-05
288, 7.186440e-05
289, 7.187314e-05
290, 7.187771e-05
298, 7.186443e-05
299, 7.187315e-05
300, 7.187767e-05
308, 7.186462e-05
309, 7.187345e-05
310, 7.187799e-05
318, 7.186463e-05
319, 7.187347e-05
320, 7.187806e-05
328, 8.312110e-05
329, 8.312523e-05
330, 8.312724e-05
338, 8.312111e-05
339, 8.312523e-05
340, 8.312723e-05
348, 8.312116e-05
349, 8.312531e-05
350, 8.312731e-05
358, 8.312116e-05
359, 8.312532e-05
360, 8.312733e-05
368, 9.437411e-05
369, 9.437532e-05
370, 9.437589e-05
378, 9.437411e-05
379, 9.437532e-05
380, 9.437589e-05
388, 9.437412e-05
389, 9.437534e-05
390, 9.437590e-05
398, 9.437412e-05
399, 9.437534e-05
400, 9.437591e-05
