,x,y,z,scalar,1,1,1,0.5
157,	0.000005,	0.000005,	0.000005,	0.000800
158,	0.000005,	0.000005,	0.000015,	0.000800
159,	0.000005,	0.000005,	0.000025,	0.000800
160,	0.000005,	0.000005,	0.000035,	0.000799
161,	0.000005,	0.000005,	0.000045,	0.000799
162,	0.000005,	0.000005,	0.000055,	0.000799
163,	0.000005,	0.000005,	0.000065,	0.000799
164,	0.000005,	0.000005,	0.000075,	0.000800
165,	0.000005,	0.000005,	0.000085,	0.000800
166,	0.000005,	0.000005,	0.000095,	0.000800
169,	0.000005,	0.000015,	0.000005,	0.000800
170,	0.000005,	0.000015,	0.000015,	0.000799
171,	0.000005,	0.000015,	0.000025,	0.000799
172,	0.000005,	0.000015,	0.000035,	0.000798
173,	0.000005,	0.000015,	0.000045,	0.000798
174,	0.000005,	0.000015,	0.000055,	0.000798
175,	0.000005,	0.000015,	0.000065,	0.000798
176,	0.000005,	0.000015,	0.000075,	0.000799
177,	0.000005,	0.000015,	0.000085,	0.000799
178,	0.000005,	0.000015,	0.000095,	0.000800
181,	0.000005,	0.000025,	0.000005,	0.000800
182,	0.000005,	0.000025,	0.000015,	0.000799
183,	0.000005,	0.000025,	0.000025,	0.000798
184,	0.000005,	0.000025,	0.000035,	0.000797
185,	0.000005,	0.000025,	0.000045,	0.000796
186,	0.000005,	0.000025,	0.000055,	0.000797
187,	0.000005,	0.000025,	0.000065,	0.000797
188,	0.000005,	0.000025,	0.000075,	0.000798
189,	0.000005,	0.000025,	0.000085,	0.000799
190,	0.000005,	0.000025,	0.000095,	0.000800
193,	0.000005,	0.000035,	0.000005,	0.000799
194,	0.000005,	0.000035,	0.000015,	0.000798
195,	0.000005,	0.000035,	0.000025,	0.000797
196,	0.000005,	0.000035,	0.000035,	0.000796
197,	0.000005,	0.000035,	0.000045,	0.000795
198,	0.000005,	0.000035,	0.000055,	0.000795
199,	0.000005,	0.000035,	0.000065,	0.000796
200,	0.000005,	0.000035,	0.000075,	0.000797
201,	0.000005,	0.000035,	0.000085,	0.000798
202,	0.000005,	0.000035,	0.000095,	0.000799
205,	0.000005,	0.000045,	0.000005,	0.000799
206,	0.000005,	0.000045,	0.000015,	0.000798
207,	0.000005,	0.000045,	0.000025,	0.000796
208,	0.000005,	0.000045,	0.000035,	0.000795
209,	0.000005,	0.000045,	0.000045,	0.000794
210,	0.000005,	0.000045,	0.000055,	0.000794
211,	0.000005,	0.000045,	0.000065,	0.000795
212,	0.000005,	0.000045,	0.000075,	0.000796
213,	0.000005,	0.000045,	0.000085,	0.000798
214,	0.000005,	0.000045,	0.000095,	0.000799
217,	0.000005,	0.000055,	0.000005,	0.000799
218,	0.000005,	0.000055,	0.000015,	0.000798
219,	0.000005,	0.000055,	0.000025,	0.000796
220,	0.000005,	0.000055,	0.000035,	0.000795
221,	0.000005,	0.000055,	0.000045,	0.000794
222,	0.000005,	0.000055,	0.000055,	0.000794
223,	0.000005,	0.000055,	0.000065,	0.000795
224,	0.000005,	0.000055,	0.000075,	0.000796
225,	0.000005,	0.000055,	0.000085,	0.000798
226,	0.000005,	0.000055,	0.000095,	0.000799
229,	0.000005,	0.000065,	0.000005,	0.000799
230,	0.000005,	0.000065,	0.000015,	0.000798
231,	0.000005,	0.000065,	0.000025,	0.000797
232,	0.000005,	0.000065,	0.000035,	0.000796
233,	0.000005,	0.000065,	0.000045,	0.000795
234,	0.000005,	0.000065,	0.000055,	0.000795
235,	0.000005,	0.000065,	0.000065,	0.000796
236,	0.000005,	0.000065,	0.000075,	0.000797
237,	0.000005,	0.000065,	0.000085,	0.000798
238,	0.000005,	0.000065,	0.000095,	0.000799
241,	0.000005,	0.000075,	0.000005,	0.000800
242,	0.000005,	0.000075,	0.000015,	0.000799
243,	0.000005,	0.000075,	0.000025,	0.000798
244,	0.000005,	0.000075,	0.000035,	0.000797
245,	0.000005,	0.000075,	0.000045,	0.000796
246,	0.000005,	0.000075,	0.000055,	0.000796
247,	0.000005,	0.000075,	0.000065,	0.000797
248,	0.000005,	0.000075,	0.000075,	0.000798
249,	0.000005,	0.000075,	0.000085,	0.000799
250,	0.000005,	0.000075,	0.000095,	0.000800
253,	0.000005,	0.000085,	0.000005,	0.000800
254,	0.000005,	0.000085,	0.000015,	0.000799
255,	0.000005,	0.000085,	0.000025,	0.000799
256,	0.000005,	0.000085,	0.000035,	0.000798
257,	0.000005,	0.000085,	0.000045,	0.000798
258,	0.000005,	0.000085,	0.000055,	0.000798
259,	0.000005,	0.000085,	0.000065,	0.000798
260,	0.000005,	0.000085,	0.000075,	0.000799
261,	0.000005,	0.000085,	0.000085,	0.000799
262,	0.000005,	0.000085,	0.000095,	0.000800
265,	0.000005,	0.000095,	0.000005,	0.000800
266,	0.000005,	0.000095,	0.000015,	0.000800
267,	0.000005,	0.000095,	0.000025,	0.000800
268,	0.000005,	0.000095,	0.000035,	0.000799
269,	0.000005,	0.000095,	0.000045,	0.000799
270,	0.000005,	0.000095,	0.000055,	0.000799
271,	0.000005,	0.000095,	0.000065,	0.000799
272,	0.000005,	0.000095,	0.000075,	0.000800
273,	0.000005,	0.000095,	0.000085,	0.000800
274,	0.000005,	0.000095,	0.000095,	0.000800
301,	0.000015,	0.000005,	0.000005,	0.000800
302,	0.000015,	0.000005,	0.000015,	0.000799
303,	0.000015,	0.000005,	0.000025,	0.000799
304,	0.000015,	0.000005,	0.000035,	0.000798
305,	0.000015,	0.000005,	0.000045,	0.000798
306,	0.000015,	0.000005,	0.000055,	0.000798
307,	0.000015,	0.000005,	0.000065,	0.000798
308,	0.000015,	0.000005,	0.000075,	0.000799
309,	0.000015,	0.000005,	0.000085,	0.000799
310,	0.000015,	0.000005,	0.000095,	0.000800
313,	0.000015,	0.000015,	0.000005,	0.000799
314,	0.000015,	0.000015,	0.000015,	0.000798
315,	0.000015,	0.000015,	0.000025,	0.000796
316,	0.000015,	0.000015,	0.000035,	0.000795
317,	0.000015,	0.000015,	0.000045,	0.000794
318,	0.000015,	0.000015,	0.000055,	0.000794
319,	0.000015,	0.000015,	0.000065,	0.000795
320,	0.000015,	0.000015,	0.000075,	0.000796
321,	0.000015,	0.000015,	0.000085,	0.000798
322,	0.000015,	0.000015,	0.000095,	0.000799
325,	0.000015,	0.000025,	0.000005,	0.000799
326,	0.000015,	0.000025,	0.000015,	0.000796
327,	0.000015,	0.000025,	0.000025,	0.000793
328,	0.000015,	0.000025,	0.000035,	0.000791
329,	0.000015,	0.000025,	0.000045,	0.000789
330,	0.000015,	0.000025,	0.000055,	0.000789
331,	0.000015,	0.000025,	0.000065,	0.000791
332,	0.000015,	0.000025,	0.000075,	0.000793
333,	0.000015,	0.000025,	0.000085,	0.000796
334,	0.000015,	0.000025,	0.000095,	0.000799
337,	0.000015,	0.000035,	0.000005,	0.000798
338,	0.000015,	0.000035,	0.000015,	0.000794
339,	0.000015,	0.000035,	0.000025,	0.000790
340,	0.000015,	0.000035,	0.000035,	0.000785
341,	0.000015,	0.000035,	0.000045,	0.000781
342,	0.000015,	0.000035,	0.000055,	0.000781
343,	0.000015,	0.000035,	0.000065,	0.000786
344,	0.000015,	0.000035,	0.000075,	0.000790
345,	0.000015,	0.000035,	0.000085,	0.000794
346,	0.000015,	0.000035,	0.000095,	0.000798
349,	0.000015,	0.000045,	0.000005,	0.000798
350,	0.000015,	0.000045,	0.000015,	0.000793
351,	0.000015,	0.000045,	0.000025,	0.000788
352,	0.000015,	0.000045,	0.000035,	0.000780
353,	0.000015,	0.000045,	0.000045,	0.000773
354,	0.000015,	0.000045,	0.000055,	0.000773
355,	0.000015,	0.000045,	0.000065,	0.000781
356,	0.000015,	0.000045,	0.000075,	0.000788
357,	0.000015,	0.000045,	0.000085,	0.000793
358,	0.000015,	0.000045,	0.000095,	0.000798
361,	0.000015,	0.000055,	0.000005,	0.000798
362,	0.000015,	0.000055,	0.000015,	0.000793
363,	0.000015,	0.000055,	0.000025,	0.000788
364,	0.000015,	0.000055,	0.000035,	0.000779
365,	0.000015,	0.000055,	0.000045,	0.000771
366,	0.000015,	0.000055,	0.000055,	0.000771
367,	0.000015,	0.000055,	0.000065,	0.000780
368,	0.000015,	0.000055,	0.000075,	0.000788
369,	0.000015,	0.000055,	0.000085,	0.000793
370,	0.000015,	0.000055,	0.000095,	0.000798
373,	0.000015,	0.000065,	0.000005,	0.000798
374,	0.000015,	0.000065,	0.000015,	0.000794
375,	0.000015,	0.000065,	0.000025,	0.000790
376,	0.000015,	0.000065,	0.000035,	0.000784
377,	0.000015,	0.000065,	0.000045,	0.000779
378,	0.000015,	0.000065,	0.000055,	0.000779
379,	0.000015,	0.000065,	0.000065,	0.000784
380,	0.000015,	0.000065,	0.000075,	0.000790
381,	0.000015,	0.000065,	0.000085,	0.000794
382,	0.000015,	0.000065,	0.000095,	0.000798
385,	0.000015,	0.000075,	0.000005,	0.000799
386,	0.000015,	0.000075,	0.000015,	0.000796
387,	0.000015,	0.000075,	0.000025,	0.000792
388,	0.000015,	0.000075,	0.000035,	0.000789
389,	0.000015,	0.000075,	0.000045,	0.000787
390,	0.000015,	0.000075,	0.000055,	0.000787
391,	0.000015,	0.000075,	0.000065,	0.000790
392,	0.000015,	0.000075,	0.000075,	0.000793
393,	0.000015,	0.000075,	0.000085,	0.000796
394,	0.000015,	0.000075,	0.000095,	0.000799
397,	0.000015,	0.000085,	0.000005,	0.000799
398,	0.000015,	0.000085,	0.000015,	0.000797
399,	0.000015,	0.000085,	0.000025,	0.000796
400,	0.000015,	0.000085,	0.000035,	0.000794
401,	0.000015,	0.000085,	0.000045,	0.000793
402,	0.000015,	0.000085,	0.000055,	0.000793
403,	0.000015,	0.000085,	0.000065,	0.000794
404,	0.000015,	0.000085,	0.000075,	0.000796
405,	0.000015,	0.000085,	0.000085,	0.000797
406,	0.000015,	0.000085,	0.000095,	0.000799
409,	0.000015,	0.000095,	0.000005,	0.000800
410,	0.000015,	0.000095,	0.000015,	0.000799
411,	0.000015,	0.000095,	0.000025,	0.000799
412,	0.000015,	0.000095,	0.000035,	0.000798
413,	0.000015,	0.000095,	0.000045,	0.000798
414,	0.000015,	0.000095,	0.000055,	0.000798
415,	0.000015,	0.000095,	0.000065,	0.000798
416,	0.000015,	0.000095,	0.000075,	0.000799
417,	0.000015,	0.000095,	0.000085,	0.000799
418,	0.000015,	0.000095,	0.000095,	0.000800
445,	0.000025,	0.000005,	0.000005,	0.000800
446,	0.000025,	0.000005,	0.000015,	0.000799
447,	0.000025,	0.000005,	0.000025,	0.000798
448,	0.000025,	0.000005,	0.000035,	0.000797
449,	0.000025,	0.000005,	0.000045,	0.000797
450,	0.000025,	0.000005,	0.000055,	0.000797
451,	0.000025,	0.000005,	0.000065,	0.000797
452,	0.000025,	0.000005,	0.000075,	0.000798
453,	0.000025,	0.000005,	0.000085,	0.000799
454,	0.000025,	0.000005,	0.000095,	0.000800
457,	0.000025,	0.000015,	0.000005,	0.000799
458,	0.000025,	0.000015,	0.000015,	0.000796
459,	0.000025,	0.000015,	0.000025,	0.000793
460,	0.000025,	0.000015,	0.000035,	0.000791
461,	0.000025,	0.000015,	0.000045,	0.000789
462,	0.000025,	0.000015,	0.000055,	0.000789
463,	0.000025,	0.000015,	0.000065,	0.000791
464,	0.000025,	0.000015,	0.000075,	0.000793
465,	0.000025,	0.000015,	0.000085,	0.000796
466,	0.000025,	0.000015,	0.000095,	0.000799
469,	0.000025,	0.000025,	0.000005,	0.000798
470,	0.000025,	0.000025,	0.000015,	0.000793
471,	0.000025,	0.000025,	0.000025,	0.000788
472,	0.000025,	0.000025,	0.000035,	0.000781
473,	0.000025,	0.000025,	0.000045,	0.000775
474,	0.000025,	0.000025,	0.000055,	0.000775
475,	0.000025,	0.000025,	0.000065,	0.000782
476,	0.000025,	0.000025,	0.000075,	0.000788
477,	0.000025,	0.000025,	0.000085,	0.000793
478,	0.000025,	0.000025,	0.000095,	0.000798
481,	0.000025,	0.000035,	0.000005,	0.000797
482,	0.000025,	0.000035,	0.000015,	0.000790
483,	0.000025,	0.000035,	0.000025,	0.000781
484,	0.000025,	0.000035,	0.000035,	0.000761
485,	0.000025,	0.000035,	0.000045,	0.000739
486,	0.000025,	0.000035,	0.000055,	0.000740
487,	0.000025,	0.000035,	0.000065,	0.000762
488,	0.000025,	0.000035,	0.000075,	0.000781
489,	0.000025,	0.000035,	0.000085,	0.000790
490,	0.000025,	0.000035,	0.000095,	0.000797
493,	0.000025,	0.000045,	0.000005,	0.000796
494,	0.000025,	0.000045,	0.000015,	0.000788
495,	0.000025,	0.000045,	0.000025,	0.000772
496,	0.000025,	0.000045,	0.000035,	0.000735
497,	0.000025,	0.000045,	0.000045,	0.000708
498,	0.000025,	0.000045,	0.000055,	0.000708
499,	0.000025,	0.000045,	0.000065,	0.000736
500,	0.000025,	0.000045,	0.000075,	0.000773
501,	0.000025,	0.000045,	0.000085,	0.000788
502,	0.000025,	0.000045,	0.000095,	0.000796
505,	0.000025,	0.000055,	0.000005,	0.000796
506,	0.000025,	0.000055,	0.000015,	0.000788
507,	0.000025,	0.000055,	0.000025,	0.000771
508,	0.000025,	0.000055,	0.000035,	0.000731
509,	0.000025,	0.000055,	0.000045,	0.000703
510,	0.000025,	0.000055,	0.000055,	0.000703
511,	0.000025,	0.000055,	0.000065,	0.000733
512,	0.000025,	0.000055,	0.000075,	0.000771
513,	0.000025,	0.000055,	0.000085,	0.000788
514,	0.000025,	0.000055,	0.000095,	0.000796
517,	0.000025,	0.000065,	0.000005,	0.000797
518,	0.000025,	0.000065,	0.000015,	0.000790
519,	0.000025,	0.000065,	0.000025,	0.000778
520,	0.000025,	0.000065,	0.000035,	0.000752
521,	0.000025,	0.000065,	0.000045,	0.000728
522,	0.000025,	0.000065,	0.000055,	0.000728
523,	0.000025,	0.000065,	0.000065,	0.000753
524,	0.000025,	0.000065,	0.000075,	0.000779
525,	0.000025,	0.000065,	0.000085,	0.000790
526,	0.000025,	0.000065,	0.000095,	0.000797
529,	0.000025,	0.000075,	0.000005,	0.000798
530,	0.000025,	0.000075,	0.000015,	0.000792
531,	0.000025,	0.000075,	0.000025,	0.000787
532,	0.000025,	0.000075,	0.000035,	0.000778
533,	0.000025,	0.000075,	0.000045,	0.000768
534,	0.000025,	0.000075,	0.000055,	0.000768
535,	0.000025,	0.000075,	0.000065,	0.000778
536,	0.000025,	0.000075,	0.000075,	0.000787
537,	0.000025,	0.000075,	0.000085,	0.000793
538,	0.000025,	0.000075,	0.000095,	0.000798
541,	0.000025,	0.000085,	0.000005,	0.000799
542,	0.000025,	0.000085,	0.000015,	0.000796
543,	0.000025,	0.000085,	0.000025,	0.000792
544,	0.000025,	0.000085,	0.000035,	0.000789
545,	0.000025,	0.000085,	0.000045,	0.000787
546,	0.000025,	0.000085,	0.000055,	0.000787
547,	0.000025,	0.000085,	0.000065,	0.000789
548,	0.000025,	0.000085,	0.000075,	0.000792
549,	0.000025,	0.000085,	0.000085,	0.000796
550,	0.000025,	0.000085,	0.000095,	0.000799
553,	0.000025,	0.000095,	0.000005,	0.000800
554,	0.000025,	0.000095,	0.000015,	0.000799
555,	0.000025,	0.000095,	0.000025,	0.000798
556,	0.000025,	0.000095,	0.000035,	0.000797
557,	0.000025,	0.000095,	0.000045,	0.000796
558,	0.000025,	0.000095,	0.000055,	0.000796
559,	0.000025,	0.000095,	0.000065,	0.000797
560,	0.000025,	0.000095,	0.000075,	0.000798
561,	0.000025,	0.000095,	0.000085,	0.000799
562,	0.000025,	0.000095,	0.000095,	0.000800
589,	0.000035,	0.000005,	0.000005,	0.000799
590,	0.000035,	0.000005,	0.000015,	0.000798
591,	0.000035,	0.000005,	0.000025,	0.000797
592,	0.000035,	0.000005,	0.000035,	0.000796
593,	0.000035,	0.000005,	0.000045,	0.000795
594,	0.000035,	0.000005,	0.000055,	0.000795
595,	0.000035,	0.000005,	0.000065,	0.000796
596,	0.000035,	0.000005,	0.000075,	0.000797
597,	0.000035,	0.000005,	0.000085,	0.000798
598,	0.000035,	0.000005,	0.000095,	0.000799
601,	0.000035,	0.000015,	0.000005,	0.000798
602,	0.000035,	0.000015,	0.000015,	0.000794
603,	0.000035,	0.000015,	0.000025,	0.000790
604,	0.000035,	0.000015,	0.000035,	0.000786
605,	0.000035,	0.000015,	0.000045,	0.000782
606,	0.000035,	0.000015,	0.000055,	0.000782
607,	0.000035,	0.000015,	0.000065,	0.000786
608,	0.000035,	0.000015,	0.000075,	0.000791
609,	0.000035,	0.000015,	0.000085,	0.000795
610,	0.000035,	0.000015,	0.000095,	0.000798
613,	0.000035,	0.000025,	0.000005,	0.000797
614,	0.000035,	0.000025,	0.000015,	0.000790
615,	0.000035,	0.000025,	0.000025,	0.000781
616,	0.000035,	0.000025,	0.000035,	0.000763
617,	0.000035,	0.000025,	0.000045,	0.000743
618,	0.000035,	0.000025,	0.000055,	0.000743
619,	0.000035,	0.000025,	0.000065,	0.000764
620,	0.000035,	0.000025,	0.000075,	0.000782
621,	0.000035,	0.000025,	0.000085,	0.000791
622,	0.000035,	0.000025,	0.000095,	0.000797
625,	0.000035,	0.000035,	0.000005,	0.000796
626,	0.000035,	0.000035,	0.000015,	0.000785
627,	0.000035,	0.000035,	0.000025,	0.000760
628,	0.000035,	0.000035,	0.000035,	0.000708
629,	0.000035,	0.000035,	0.000045,	0.000680
630,	0.000035,	0.000035,	0.000055,	0.000681
631,	0.000035,	0.000035,	0.000065,	0.000710
632,	0.000035,	0.000035,	0.000075,	0.000761
633,	0.000035,	0.000035,	0.000085,	0.000785
634,	0.000035,	0.000035,	0.000095,	0.000796
637,	0.000035,	0.000045,	0.000005,	0.000795
638,	0.000035,	0.000045,	0.000015,	0.000780
639,	0.000035,	0.000045,	0.000025,	0.000733
640,	0.000035,	0.000045,	0.000035,	0.000675
641,	0.000035,	0.000045,	0.000045,	0.000649
642,	0.000035,	0.000045,	0.000055,	0.000650
643,	0.000035,	0.000045,	0.000065,	0.000676
644,	0.000035,	0.000045,	0.000075,	0.000735
645,	0.000035,	0.000045,	0.000085,	0.000780
646,	0.000035,	0.000045,	0.000095,	0.000795
649,	0.000035,	0.000055,	0.000005,	0.000795
650,	0.000035,	0.000055,	0.000015,	0.000779
651,	0.000035,	0.000055,	0.000025,	0.000729
652,	0.000035,	0.000055,	0.000035,	0.000670
653,	0.000035,	0.000055,	0.000045,	0.000645
654,	0.000035,	0.000055,	0.000055,	0.000646
655,	0.000035,	0.000055,	0.000065,	0.000672
656,	0.000035,	0.000055,	0.000075,	0.000731
657,	0.000035,	0.000055,	0.000085,	0.000779
658,	0.000035,	0.000055,	0.000095,	0.000795
661,	0.000035,	0.000065,	0.000005,	0.000796
662,	0.000035,	0.000065,	0.000015,	0.000783
663,	0.000035,	0.000065,	0.000025,	0.000751
664,	0.000035,	0.000065,	0.000035,	0.000694
665,	0.000035,	0.000065,	0.000045,	0.000667
666,	0.000035,	0.000065,	0.000055,	0.000667
667,	0.000035,	0.000065,	0.000065,	0.000696
668,	0.000035,	0.000065,	0.000075,	0.000752
669,	0.000035,	0.000065,	0.000085,	0.000784
670,	0.000035,	0.000065,	0.000095,	0.000796
673,	0.000035,	0.000075,	0.000005,	0.000797
674,	0.000035,	0.000075,	0.000015,	0.000789
675,	0.000035,	0.000075,	0.000025,	0.000777
676,	0.000035,	0.000075,	0.000035,	0.000748
677,	0.000035,	0.000075,	0.000045,	0.000721
678,	0.000035,	0.000075,	0.000055,	0.000722
679,	0.000035,	0.000075,	0.000065,	0.000748
680,	0.000035,	0.000075,	0.000075,	0.000778
681,	0.000035,	0.000075,	0.000085,	0.000789
682,	0.000035,	0.000075,	0.000095,	0.000797
685,	0.000035,	0.000085,	0.000005,	0.000798
686,	0.000035,	0.000085,	0.000015,	0.000794
687,	0.000035,	0.000085,	0.000025,	0.000789
688,	0.000035,	0.000085,	0.000035,	0.000783
689,	0.000035,	0.000085,	0.000045,	0.000777
690,	0.000035,	0.000085,	0.000055,	0.000777
691,	0.000035,	0.000085,	0.000065,	0.000783
692,	0.000035,	0.000085,	0.000075,	0.000789
693,	0.000035,	0.000085,	0.000085,	0.000794
694,	0.000035,	0.000085,	0.000095,	0.000798
697,	0.000035,	0.000095,	0.000005,	0.000799
698,	0.000035,	0.000095,	0.000015,	0.000798
699,	0.000035,	0.000095,	0.000025,	0.000797
700,	0.000035,	0.000095,	0.000035,	0.000795
701,	0.000035,	0.000095,	0.000045,	0.000795
702,	0.000035,	0.000095,	0.000055,	0.000795
703,	0.000035,	0.000095,	0.000065,	0.000796
704,	0.000035,	0.000095,	0.000075,	0.000797
705,	0.000035,	0.000095,	0.000085,	0.000798
706,	0.000035,	0.000095,	0.000095,	0.000799
733,	0.000045,	0.000005,	0.000005,	0.000799
734,	0.000045,	0.000005,	0.000015,	0.000798
735,	0.000045,	0.000005,	0.000025,	0.000796
736,	0.000045,	0.000005,	0.000035,	0.000795
737,	0.000045,	0.000005,	0.000045,	0.000794
738,	0.000045,	0.000005,	0.000055,	0.000794
739,	0.000045,	0.000005,	0.000065,	0.000795
740,	0.000045,	0.000005,	0.000075,	0.000797
741,	0.000045,	0.000005,	0.000085,	0.000798
742,	0.000045,	0.000005,	0.000095,	0.000799
745,	0.000045,	0.000015,	0.000005,	0.000798
746,	0.000045,	0.000015,	0.000015,	0.000793
747,	0.000045,	0.000015,	0.000025,	0.000789
748,	0.000045,	0.000015,	0.000035,	0.000782
749,	0.000045,	0.000015,	0.000045,	0.000775
750,	0.000045,	0.000015,	0.000055,	0.000775
751,	0.000045,	0.000015,	0.000065,	0.000782
752,	0.000045,	0.000015,	0.000075,	0.000789
753,	0.000045,	0.000015,	0.000085,	0.000794
754,	0.000045,	0.000015,	0.000095,	0.000798
757,	0.000045,	0.000025,	0.000005,	0.000796
758,	0.000045,	0.000025,	0.000015,	0.000788
759,	0.000045,	0.000025,	0.000025,	0.000774
760,	0.000045,	0.000025,	0.000035,	0.000740
761,	0.000045,	0.000025,	0.000045,	0.000714
762,	0.000045,	0.000025,	0.000055,	0.000715
763,	0.000045,	0.000025,	0.000065,	0.000743
764,	0.000045,	0.000025,	0.000075,	0.000775
765,	0.000045,	0.000025,	0.000085,	0.000789
766,	0.000045,	0.000025,	0.000095,	0.000796
769,	0.000045,	0.000035,	0.000005,	0.000795
770,	0.000045,	0.000035,	0.000015,	0.000780
771,	0.000045,	0.000035,	0.000025,	0.000735
772,	0.000045,	0.000035,	0.000035,	0.000678
773,	0.000045,	0.000035,	0.000045,	0.000652
774,	0.000045,	0.000035,	0.000055,	0.000652
775,	0.000045,	0.000035,	0.000065,	0.000680
776,	0.000045,	0.000035,	0.000075,	0.000739
777,	0.000045,	0.000035,	0.000085,	0.000781
778,	0.000045,	0.000035,	0.000095,	0.000795
781,	0.000045,	0.000045,	0.000005,	0.000794
782,	0.000045,	0.000045,	0.000015,	0.000771
783,	0.000045,	0.000045,	0.000025,	0.000702
784,	0.000045,	0.000045,	0.000035,	0.000647
785,	0.000045,	0.000045,	0.000045,	0.000625
786,	0.000045,	0.000045,	0.000055,	0.000625
787,	0.000045,	0.000045,	0.000065,	0.000648
788,	0.000045,	0.000045,	0.000075,	0.000705
789,	0.000045,	0.000045,	0.000085,	0.000772
790,	0.000045,	0.000045,	0.000095,	0.000794
793,	0.000045,	0.000055,	0.000005,	0.000794
794,	0.000045,	0.000055,	0.000015,	0.000769
795,	0.000045,	0.000055,	0.000025,	0.000697
796,	0.000045,	0.000055,	0.000035,	0.000644
797,	0.000045,	0.000055,	0.000045,	0.000621
798,	0.000045,	0.000055,	0.000055,	0.000621
799,	0.000045,	0.000055,	0.000065,	0.000644
800,	0.000045,	0.000055,	0.000075,	0.000700
801,	0.000045,	0.000055,	0.000085,	0.000770
802,	0.000045,	0.000055,	0.000095,	0.000794
805,	0.000045,	0.000065,	0.000005,	0.000795
806,	0.000045,	0.000065,	0.000015,	0.000777
807,	0.000045,	0.000065,	0.000025,	0.000723
808,	0.000045,	0.000065,	0.000035,	0.000665
809,	0.000045,	0.000065,	0.000045,	0.000640
810,	0.000045,	0.000065,	0.000055,	0.000641
811,	0.000045,	0.000065,	0.000065,	0.000666
812,	0.000045,	0.000065,	0.000075,	0.000726
813,	0.000045,	0.000065,	0.000085,	0.000778
814,	0.000045,	0.000065,	0.000095,	0.000795
817,	0.000045,	0.000075,	0.000005,	0.000796
818,	0.000045,	0.000075,	0.000015,	0.000787
819,	0.000045,	0.000075,	0.000025,	0.000766
820,	0.000045,	0.000075,	0.000035,	0.000719
821,	0.000045,	0.000075,	0.000045,	0.000690
822,	0.000045,	0.000075,	0.000055,	0.000691
823,	0.000045,	0.000075,	0.000065,	0.000721
824,	0.000045,	0.000075,	0.000075,	0.000767
825,	0.000045,	0.000075,	0.000085,	0.000787
826,	0.000045,	0.000075,	0.000095,	0.000796
829,	0.000045,	0.000085,	0.000005,	0.000798
830,	0.000045,	0.000085,	0.000015,	0.000793
831,	0.000045,	0.000085,	0.000025,	0.000786
832,	0.000045,	0.000085,	0.000035,	0.000776
833,	0.000045,	0.000085,	0.000045,	0.000766
834,	0.000045,	0.000085,	0.000055,	0.000766
835,	0.000045,	0.000085,	0.000065,	0.000776
836,	0.000045,	0.000085,	0.000075,	0.000787
837,	0.000045,	0.000085,	0.000085,	0.000793
838,	0.000045,	0.000085,	0.000095,	0.000798
841,	0.000045,	0.000095,	0.000005,	0.000799
842,	0.000045,	0.000095,	0.000015,	0.000798
843,	0.000045,	0.000095,	0.000025,	0.000796
844,	0.000045,	0.000095,	0.000035,	0.000795
845,	0.000045,	0.000095,	0.000045,	0.000793
846,	0.000045,	0.000095,	0.000055,	0.000793
847,	0.000045,	0.000095,	0.000065,	0.000795
848,	0.000045,	0.000095,	0.000075,	0.000796
849,	0.000045,	0.000095,	0.000085,	0.000798
850,	0.000045,	0.000095,	0.000095,	0.000799
877,	0.000055,	0.000005,	0.000005,	0.000799
878,	0.000055,	0.000005,	0.000015,	0.000798
879,	0.000055,	0.000005,	0.000025,	0.000796
880,	0.000055,	0.000005,	0.000035,	0.000795
881,	0.000055,	0.000005,	0.000045,	0.000794
882,	0.000055,	0.000005,	0.000055,	0.000794
883,	0.000055,	0.000005,	0.000065,	0.000795
884,	0.000055,	0.000005,	0.000075,	0.000796
885,	0.000055,	0.000005,	0.000085,	0.000798
886,	0.000055,	0.000005,	0.000095,	0.000799
889,	0.000055,	0.000015,	0.000005,	0.000798
890,	0.000055,	0.000015,	0.000015,	0.000793
891,	0.000055,	0.000015,	0.000025,	0.000788
892,	0.000055,	0.000015,	0.000035,	0.000781
893,	0.000055,	0.000015,	0.000045,	0.000775
894,	0.000055,	0.000015,	0.000055,	0.000775
895,	0.000055,	0.000015,	0.000065,	0.000782
896,	0.000055,	0.000015,	0.000075,	0.000789
897,	0.000055,	0.000015,	0.000085,	0.000794
898,	0.000055,	0.000015,	0.000095,	0.000798
901,	0.000055,	0.000025,	0.000005,	0.000796
902,	0.000055,	0.000025,	0.000015,	0.000788
903,	0.000055,	0.000025,	0.000025,	0.000773
904,	0.000055,	0.000025,	0.000035,	0.000739
905,	0.000055,	0.000025,	0.000045,	0.000713
906,	0.000055,	0.000025,	0.000055,	0.000714
907,	0.000055,	0.000025,	0.000065,	0.000742
908,	0.000055,	0.000025,	0.000075,	0.000774
909,	0.000055,	0.000025,	0.000085,	0.000789
910,	0.000055,	0.000025,	0.000095,	0.000796
913,	0.000055,	0.000035,	0.000005,	0.000795
914,	0.000055,	0.000035,	0.000015,	0.000780
915,	0.000055,	0.000035,	0.000025,	0.000734
916,	0.000055,	0.000035,	0.000035,	0.000676
917,	0.000055,	0.000035,	0.000045,	0.000651
918,	0.000055,	0.000035,	0.000055,	0.000651
919,	0.000055,	0.000035,	0.000065,	0.000678
920,	0.000055,	0.000035,	0.000075,	0.000737
921,	0.000055,	0.000035,	0.000085,	0.000781
922,	0.000055,	0.000035,	0.000095,	0.000795
925,	0.000055,	0.000045,	0.000005,	0.000794
926,	0.000055,	0.000045,	0.000015,	0.000770
927,	0.000055,	0.000045,	0.000025,	0.000701
928,	0.000055,	0.000045,	0.000035,	0.000645
929,	0.000055,	0.000045,	0.000045,	0.000623
930,	0.000055,	0.000045,	0.000055,	0.000624
931,	0.000055,	0.000045,	0.000065,	0.000647
932,	0.000055,	0.000045,	0.000075,	0.000704
933,	0.000055,	0.000045,	0.000085,	0.000772
934,	0.000055,	0.000045,	0.000095,	0.000794
937,	0.000055,	0.000055,	0.000005,	0.000794
938,	0.000055,	0.000055,	0.000015,	0.000769
939,	0.000055,	0.000055,	0.000025,	0.000696
940,	0.000055,	0.000055,	0.000035,	0.000642
941,	0.000055,	0.000055,	0.000045,	0.000620
942,	0.000055,	0.000055,	0.000055,	0.000620
943,	0.000055,	0.000055,	0.000065,	0.000643
944,	0.000055,	0.000055,	0.000075,	0.000699
945,	0.000055,	0.000055,	0.000085,	0.000770
946,	0.000055,	0.000055,	0.000095,	0.000794
949,	0.000055,	0.000065,	0.000005,	0.000795
950,	0.000055,	0.000065,	0.000015,	0.000777
951,	0.000055,	0.000065,	0.000025,	0.000721
952,	0.000055,	0.000065,	0.000035,	0.000663
953,	0.000055,	0.000065,	0.000045,	0.000639
954,	0.000055,	0.000065,	0.000055,	0.000639
955,	0.000055,	0.000065,	0.000065,	0.000665
956,	0.000055,	0.000065,	0.000075,	0.000724
957,	0.000055,	0.000065,	0.000085,	0.000778
958,	0.000055,	0.000065,	0.000095,	0.000795
961,	0.000055,	0.000075,	0.000005,	0.000796
962,	0.000055,	0.000075,	0.000015,	0.000786
963,	0.000055,	0.000075,	0.000025,	0.000765
964,	0.000055,	0.000075,	0.000035,	0.000717
965,	0.000055,	0.000075,	0.000045,	0.000688
966,	0.000055,	0.000075,	0.000055,	0.000689
967,	0.000055,	0.000075,	0.000065,	0.000719
968,	0.000055,	0.000075,	0.000075,	0.000766
969,	0.000055,	0.000075,	0.000085,	0.000787
970,	0.000055,	0.000075,	0.000095,	0.000796
973,	0.000055,	0.000085,	0.000005,	0.000798
974,	0.000055,	0.000085,	0.000015,	0.000793
975,	0.000055,	0.000085,	0.000025,	0.000786
976,	0.000055,	0.000085,	0.000035,	0.000776
977,	0.000055,	0.000085,	0.000045,	0.000765
978,	0.000055,	0.000085,	0.000055,	0.000766
979,	0.000055,	0.000085,	0.000065,	0.000776
980,	0.000055,	0.000085,	0.000075,	0.000787
981,	0.000055,	0.000085,	0.000085,	0.000793
982,	0.000055,	0.000085,	0.000095,	0.000798
985,	0.000055,	0.000095,	0.000005,	0.000799
986,	0.000055,	0.000095,	0.000015,	0.000798
987,	0.000055,	0.000095,	0.000025,	0.000796
988,	0.000055,	0.000095,	0.000035,	0.000795
989,	0.000055,	0.000095,	0.000045,	0.000793
990,	0.000055,	0.000095,	0.000055,	0.000793
991,	0.000055,	0.000095,	0.000065,	0.000795
992,	0.000055,	0.000095,	0.000075,	0.000796
993,	0.000055,	0.000095,	0.000085,	0.000798
994,	0.000055,	0.000095,	0.000095,	0.000799
1021,	0.000065,	0.000005,	0.000005,	0.000799
1022,	0.000065,	0.000005,	0.000015,	0.000798
1023,	0.000065,	0.000005,	0.000025,	0.000797
1024,	0.000065,	0.000005,	0.000035,	0.000796
1025,	0.000065,	0.000005,	0.000045,	0.000795
1026,	0.000065,	0.000005,	0.000055,	0.000795
1027,	0.000065,	0.000005,	0.000065,	0.000796
1028,	0.000065,	0.000005,	0.000075,	0.000797
1029,	0.000065,	0.000005,	0.000085,	0.000798
1030,	0.000065,	0.000005,	0.000095,	0.000799
1033,	0.000065,	0.000015,	0.000005,	0.000798
1034,	0.000065,	0.000015,	0.000015,	0.000794
1035,	0.000065,	0.000015,	0.000025,	0.000790
1036,	0.000065,	0.000015,	0.000035,	0.000785
1037,	0.000065,	0.000015,	0.000045,	0.000781
1038,	0.000065,	0.000015,	0.000055,	0.000781
1039,	0.000065,	0.000015,	0.000065,	0.000786
1040,	0.000065,	0.000015,	0.000075,	0.000790
1041,	0.000065,	0.000015,	0.000085,	0.000794
1042,	0.000065,	0.000015,	0.000095,	0.000798
1045,	0.000065,	0.000025,	0.000005,	0.000797
1046,	0.000065,	0.000025,	0.000015,	0.000790
1047,	0.000065,	0.000025,	0.000025,	0.000780
1048,	0.000065,	0.000025,	0.000035,	0.000760
1049,	0.000065,	0.000025,	0.000045,	0.000739
1050,	0.000065,	0.000025,	0.000055,	0.000740
1051,	0.000065,	0.000025,	0.000065,	0.000762
1052,	0.000065,	0.000025,	0.000075,	0.000781
1053,	0.000065,	0.000025,	0.000085,	0.000790
1054,	0.000065,	0.000025,	0.000095,	0.000797
1057,	0.000065,	0.000035,	0.000005,	0.000796
1058,	0.000065,	0.000035,	0.000015,	0.000784
1059,	0.000065,	0.000035,	0.000025,	0.000756
1060,	0.000065,	0.000035,	0.000035,	0.000703
1061,	0.000065,	0.000035,	0.000045,	0.000676
1062,	0.000065,	0.000035,	0.000055,	0.000677
1063,	0.000065,	0.000035,	0.000065,	0.000706
1064,	0.000065,	0.000035,	0.000075,	0.000759
1065,	0.000065,	0.000035,	0.000085,	0.000785
1066,	0.000065,	0.000035,	0.000095,	0.000796
1069,	0.000065,	0.000045,	0.000005,	0.000795
1070,	0.000065,	0.000045,	0.000015,	0.000779
1071,	0.000065,	0.000045,	0.000025,	0.000728
1072,	0.000065,	0.000045,	0.000035,	0.000670
1073,	0.000065,	0.000045,	0.000045,	0.000645
1074,	0.000065,	0.000045,	0.000055,	0.000646
1075,	0.000065,	0.000045,	0.000065,	0.000672
1076,	0.000065,	0.000045,	0.000075,	0.000732
1077,	0.000065,	0.000045,	0.000085,	0.000780
1078,	0.000065,	0.000045,	0.000095,	0.000795
1081,	0.000065,	0.000055,	0.000005,	0.000795
1082,	0.000065,	0.000055,	0.000015,	0.000778
1083,	0.000065,	0.000055,	0.000025,	0.000724
1084,	0.000065,	0.000055,	0.000035,	0.000666
1085,	0.000065,	0.000055,	0.000045,	0.000641
1086,	0.000065,	0.000055,	0.000055,	0.000642
1087,	0.000065,	0.000055,	0.000065,	0.000668
1088,	0.000065,	0.000055,	0.000075,	0.000727
1089,	0.000065,	0.000055,	0.000085,	0.000778
1090,	0.000065,	0.000055,	0.000095,	0.000795
1093,	0.000065,	0.000065,	0.000005,	0.000795
1094,	0.000065,	0.000065,	0.000015,	0.000783
1095,	0.000065,	0.000065,	0.000025,	0.000747
1096,	0.000065,	0.000065,	0.000035,	0.000690
1097,	0.000065,	0.000065,	0.000045,	0.000662
1098,	0.000065,	0.000065,	0.000055,	0.000663
1099,	0.000065,	0.000065,	0.000065,	0.000692
1100,	0.000065,	0.000065,	0.000075,	0.000749
1101,	0.000065,	0.000065,	0.000085,	0.000783
1102,	0.000065,	0.000065,	0.000095,	0.000796
1105,	0.000065,	0.000075,	0.000005,	0.000797
1106,	0.000065,	0.000075,	0.000015,	0.000789
1107,	0.000065,	0.000075,	0.000025,	0.000776
1108,	0.000065,	0.000075,	0.000035,	0.000743
1109,	0.000065,	0.000075,	0.000045,	0.000716
1110,	0.000065,	0.000075,	0.000055,	0.000717
1111,	0.000065,	0.000075,	0.000065,	0.000745
1112,	0.000065,	0.000075,	0.000075,	0.000776
1113,	0.000065,	0.000075,	0.000085,	0.000789
1114,	0.000065,	0.000075,	0.000095,	0.000797
1117,	0.000065,	0.000085,	0.000005,	0.000798
1118,	0.000065,	0.000085,	0.000015,	0.000794
1119,	0.000065,	0.000085,	0.000025,	0.000789
1120,	0.000065,	0.000085,	0.000035,	0.000782
1121,	0.000065,	0.000085,	0.000045,	0.000775
1122,	0.000065,	0.000085,	0.000055,	0.000776
1123,	0.000065,	0.000085,	0.000065,	0.000782
1124,	0.000065,	0.000085,	0.000075,	0.000789
1125,	0.000065,	0.000085,	0.000085,	0.000794
1126,	0.000065,	0.000085,	0.000095,	0.000798
1129,	0.000065,	0.000095,	0.000005,	0.000799
1130,	0.000065,	0.000095,	0.000015,	0.000798
1131,	0.000065,	0.000095,	0.000025,	0.000797
1132,	0.000065,	0.000095,	0.000035,	0.000795
1133,	0.000065,	0.000095,	0.000045,	0.000794
1134,	0.000065,	0.000095,	0.000055,	0.000795
1135,	0.000065,	0.000095,	0.000065,	0.000795
1136,	0.000065,	0.000095,	0.000075,	0.000797
1137,	0.000065,	0.000095,	0.000085,	0.000798
1138,	0.000065,	0.000095,	0.000095,	0.000799
1165,	0.000075,	0.000005,	0.000005,	0.000800
1166,	0.000075,	0.000005,	0.000015,	0.000799
1167,	0.000075,	0.000005,	0.000025,	0.000798
1168,	0.000075,	0.000005,	0.000035,	0.000797
1169,	0.000075,	0.000005,	0.000045,	0.000796
1170,	0.000075,	0.000005,	0.000055,	0.000796
1171,	0.000075,	0.000005,	0.000065,	0.000797
1172,	0.000075,	0.000005,	0.000075,	0.000798
1173,	0.000075,	0.000005,	0.000085,	0.000799
1174,	0.000075,	0.000005,	0.000095,	0.000800
1177,	0.000075,	0.000015,	0.000005,	0.000799
1178,	0.000075,	0.000015,	0.000015,	0.000796
1179,	0.000075,	0.000015,	0.000025,	0.000793
1180,	0.000075,	0.000015,	0.000035,	0.000790
1181,	0.000075,	0.000015,	0.000045,	0.000788
1182,	0.000075,	0.000015,	0.000055,	0.000788
1183,	0.000075,	0.000015,	0.000065,	0.000790
1184,	0.000075,	0.000015,	0.000075,	0.000793
1185,	0.000075,	0.000015,	0.000085,	0.000796
1186,	0.000075,	0.000015,	0.000095,	0.000799
1189,	0.000075,	0.000025,	0.000005,	0.000798
1190,	0.000075,	0.000025,	0.000015,	0.000793
1191,	0.000075,	0.000025,	0.000025,	0.000788
1192,	0.000075,	0.000025,	0.000035,	0.000780
1193,	0.000075,	0.000025,	0.000045,	0.000773
1194,	0.000075,	0.000025,	0.000055,	0.000773
1195,	0.000075,	0.000025,	0.000065,	0.000781
1196,	0.000075,	0.000025,	0.000075,	0.000788
1197,	0.000075,	0.000025,	0.000085,	0.000793
1198,	0.000075,	0.000025,	0.000095,	0.000798
1201,	0.000075,	0.000035,	0.000005,	0.000797
1202,	0.000075,	0.000035,	0.000015,	0.000790
1203,	0.000075,	0.000035,	0.000025,	0.000779
1204,	0.000075,	0.000035,	0.000035,	0.000756
1205,	0.000075,	0.000035,	0.000045,	0.000733
1206,	0.000075,	0.000035,	0.000055,	0.000734
1207,	0.000075,	0.000035,	0.000065,	0.000758
1208,	0.000075,	0.000035,	0.000075,	0.000780
1209,	0.000075,	0.000035,	0.000085,	0.000790
1210,	0.000075,	0.000035,	0.000095,	0.000797
1213,	0.000075,	0.000045,	0.000005,	0.000796
1214,	0.000075,	0.000045,	0.000015,	0.000787
1215,	0.000075,	0.000045,	0.000025,	0.000769
1216,	0.000075,	0.000045,	0.000035,	0.000728
1217,	0.000075,	0.000045,	0.000045,	0.000700
1218,	0.000075,	0.000045,	0.000055,	0.000700
1219,	0.000075,	0.000045,	0.000065,	0.000730
1220,	0.000075,	0.000045,	0.000075,	0.000771
1221,	0.000075,	0.000045,	0.000085,	0.000788
1222,	0.000075,	0.000045,	0.000095,	0.000796
1225,	0.000075,	0.000055,	0.000005,	0.000796
1226,	0.000075,	0.000055,	0.000015,	0.000787
1227,	0.000075,	0.000055,	0.000025,	0.000767
1228,	0.000075,	0.000055,	0.000035,	0.000723
1229,	0.000075,	0.000055,	0.000045,	0.000694
1230,	0.000075,	0.000055,	0.000055,	0.000696
1231,	0.000075,	0.000055,	0.000065,	0.000725
1232,	0.000075,	0.000055,	0.000075,	0.000769
1233,	0.000075,	0.000055,	0.000085,	0.000787
1234,	0.000075,	0.000055,	0.000095,	0.000796
1237,	0.000075,	0.000065,	0.000005,	0.000797
1238,	0.000075,	0.000065,	0.000015,	0.000789
1239,	0.000075,	0.000065,	0.000025,	0.000776
1240,	0.000075,	0.000065,	0.000035,	0.000746
1241,	0.000075,	0.000065,	0.000045,	0.000720
1242,	0.000075,	0.000065,	0.000055,	0.000720
1243,	0.000075,	0.000065,	0.000065,	0.000748
1244,	0.000075,	0.000065,	0.000075,	0.000777
1245,	0.000075,	0.000065,	0.000085,	0.000789
1246,	0.000075,	0.000065,	0.000095,	0.000797
1249,	0.000075,	0.000075,	0.000005,	0.000797
1250,	0.000075,	0.000075,	0.000015,	0.000792
1251,	0.000075,	0.000075,	0.000025,	0.000786
1252,	0.000075,	0.000075,	0.000035,	0.000776
1253,	0.000075,	0.000075,	0.000045,	0.000764
1254,	0.000075,	0.000075,	0.000055,	0.000765
1255,	0.000075,	0.000075,	0.000065,	0.000776
1256,	0.000075,	0.000075,	0.000075,	0.000786
1257,	0.000075,	0.000075,	0.000085,	0.000792
1258,	0.000075,	0.000075,	0.000095,	0.000798
1261,	0.000075,	0.000085,	0.000005,	0.000798
1262,	0.000075,	0.000085,	0.000015,	0.000795
1263,	0.000075,	0.000085,	0.000025,	0.000792
1264,	0.000075,	0.000085,	0.000035,	0.000789
1265,	0.000075,	0.000085,	0.000045,	0.000786
1266,	0.000075,	0.000085,	0.000055,	0.000786
1267,	0.000075,	0.000085,	0.000065,	0.000789
1268,	0.000075,	0.000085,	0.000075,	0.000792
1269,	0.000075,	0.000085,	0.000085,	0.000795
1270,	0.000075,	0.000085,	0.000095,	0.000799
1273,	0.000075,	0.000095,	0.000005,	0.000800
1274,	0.000075,	0.000095,	0.000015,	0.000798
1275,	0.000075,	0.000095,	0.000025,	0.000797
1276,	0.000075,	0.000095,	0.000035,	0.000797
1277,	0.000075,	0.000095,	0.000045,	0.000796
1278,	0.000075,	0.000095,	0.000055,	0.000796
1279,	0.000075,	0.000095,	0.000065,	0.000797
1280,	0.000075,	0.000095,	0.000075,	0.000797
1281,	0.000075,	0.000095,	0.000085,	0.000799
1282,	0.000075,	0.000095,	0.000095,	0.000800
1309,	0.000085,	0.000005,	0.000005,	0.000800
1310,	0.000085,	0.000005,	0.000015,	0.000799
1311,	0.000085,	0.000005,	0.000025,	0.000799
1312,	0.000085,	0.000005,	0.000035,	0.000798
1313,	0.000085,	0.000005,	0.000045,	0.000798
1314,	0.000085,	0.000005,	0.000055,	0.000798
1315,	0.000085,	0.000005,	0.000065,	0.000798
1316,	0.000085,	0.000005,	0.000075,	0.000799
1317,	0.000085,	0.000005,	0.000085,	0.000799
1318,	0.000085,	0.000005,	0.000095,	0.000800
1321,	0.000085,	0.000015,	0.000005,	0.000799
1322,	0.000085,	0.000015,	0.000015,	0.000797
1323,	0.000085,	0.000015,	0.000025,	0.000796
1324,	0.000085,	0.000015,	0.000035,	0.000794
1325,	0.000085,	0.000015,	0.000045,	0.000793
1326,	0.000085,	0.000015,	0.000055,	0.000793
1327,	0.000085,	0.000015,	0.000065,	0.000794
1328,	0.000085,	0.000015,	0.000075,	0.000796
1329,	0.000085,	0.000015,	0.000085,	0.000798
1330,	0.000085,	0.000015,	0.000095,	0.000799
1333,	0.000085,	0.000025,	0.000005,	0.000799
1334,	0.000085,	0.000025,	0.000015,	0.000796
1335,	0.000085,	0.000025,	0.000025,	0.000793
1336,	0.000085,	0.000025,	0.000035,	0.000790
1337,	0.000085,	0.000025,	0.000045,	0.000788
1338,	0.000085,	0.000025,	0.000055,	0.000788
1339,	0.000085,	0.000025,	0.000065,	0.000790
1340,	0.000085,	0.000025,	0.000075,	0.000793
1341,	0.000085,	0.000025,	0.000085,	0.000796
1342,	0.000085,	0.000025,	0.000095,	0.000799
1345,	0.000085,	0.000035,	0.000005,	0.000798
1346,	0.000085,	0.000035,	0.000015,	0.000794
1347,	0.000085,	0.000035,	0.000025,	0.000790
1348,	0.000085,	0.000035,	0.000035,	0.000784
1349,	0.000085,	0.000035,	0.000045,	0.000780
1350,	0.000085,	0.000035,	0.000055,	0.000780
1351,	0.000085,	0.000035,	0.000065,	0.000785
1352,	0.000085,	0.000035,	0.000075,	0.000790
1353,	0.000085,	0.000035,	0.000085,	0.000794
1354,	0.000085,	0.000035,	0.000095,	0.000798
1357,	0.000085,	0.000045,	0.000005,	0.000798
1358,	0.000085,	0.000045,	0.000015,	0.000793
1359,	0.000085,	0.000045,	0.000025,	0.000787
1360,	0.000085,	0.000045,	0.000035,	0.000778
1361,	0.000085,	0.000045,	0.000045,	0.000770
1362,	0.000085,	0.000045,	0.000055,	0.000770
1363,	0.000085,	0.000045,	0.000065,	0.000779
1364,	0.000085,	0.000045,	0.000075,	0.000788
1365,	0.000085,	0.000045,	0.000085,	0.000793
1366,	0.000085,	0.000045,	0.000095,	0.000798
1369,	0.000085,	0.000055,	0.000005,	0.000798
1370,	0.000085,	0.000055,	0.000015,	0.000793
1371,	0.000085,	0.000055,	0.000025,	0.000787
1372,	0.000085,	0.000055,	0.000035,	0.000777
1373,	0.000085,	0.000055,	0.000045,	0.000768
1374,	0.000085,	0.000055,	0.000055,	0.000768
1375,	0.000085,	0.000055,	0.000065,	0.000778
1376,	0.000085,	0.000055,	0.000075,	0.000787
1377,	0.000085,	0.000055,	0.000085,	0.000793
1378,	0.000085,	0.000055,	0.000095,	0.000798
1381,	0.000085,	0.000065,	0.000005,	0.000798
1382,	0.000085,	0.000065,	0.000015,	0.000794
1383,	0.000085,	0.000065,	0.000025,	0.000789
1384,	0.000085,	0.000065,	0.000035,	0.000783
1385,	0.000085,	0.000065,	0.000045,	0.000776
1386,	0.000085,	0.000065,	0.000055,	0.000777
1387,	0.000085,	0.000065,	0.000065,	0.000783
1388,	0.000085,	0.000065,	0.000075,	0.000789
1389,	0.000085,	0.000065,	0.000085,	0.000794
1390,	0.000085,	0.000065,	0.000095,	0.000798
1393,	0.000085,	0.000075,	0.000005,	0.000799
1394,	0.000085,	0.000075,	0.000015,	0.000795
1395,	0.000085,	0.000075,	0.000025,	0.000792
1396,	0.000085,	0.000075,	0.000035,	0.000789
1397,	0.000085,	0.000075,	0.000045,	0.000786
1398,	0.000085,	0.000075,	0.000055,	0.000786
1399,	0.000085,	0.000075,	0.000065,	0.000789
1400,	0.000085,	0.000075,	0.000075,	0.000792
1401,	0.000085,	0.000075,	0.000085,	0.000795
1402,	0.000085,	0.000075,	0.000095,	0.000799
1405,	0.000085,	0.000085,	0.000005,	0.000799
1406,	0.000085,	0.000085,	0.000015,	0.000797
1407,	0.000085,	0.000085,	0.000025,	0.000795
1408,	0.000085,	0.000085,	0.000035,	0.000794
1409,	0.000085,	0.000085,	0.000045,	0.000793
1410,	0.000085,	0.000085,	0.000055,	0.000793
1411,	0.000085,	0.000085,	0.000065,	0.000794
1412,	0.000085,	0.000085,	0.000075,	0.000795
1413,	0.000085,	0.000085,	0.000085,	0.000797
1414,	0.000085,	0.000085,	0.000095,	0.000799
1417,	0.000085,	0.000095,	0.000005,	0.000800
1418,	0.000085,	0.000095,	0.000015,	0.000799
1419,	0.000085,	0.000095,	0.000025,	0.000798
1420,	0.000085,	0.000095,	0.000035,	0.000798
1421,	0.000085,	0.000095,	0.000045,	0.000798
1422,	0.000085,	0.000095,	0.000055,	0.000798
1423,	0.000085,	0.000095,	0.000065,	0.000798
1424,	0.000085,	0.000095,	0.000075,	0.000798
1425,	0.000085,	0.000095,	0.000085,	0.000799
1426,	0.000085,	0.000095,	0.000095,	0.000800
1453,	0.000095,	0.000005,	0.000005,	0.000800
1454,	0.000095,	0.000005,	0.000015,	0.000800
1455,	0.000095,	0.000005,	0.000025,	0.000800
1456,	0.000095,	0.000005,	0.000035,	0.000799
1457,	0.000095,	0.000005,	0.000045,	0.000799
1458,	0.000095,	0.000005,	0.000055,	0.000799
1459,	0.000095,	0.000005,	0.000065,	0.000799
1460,	0.000095,	0.000005,	0.000075,	0.000800
1461,	0.000095,	0.000005,	0.000085,	0.000800
1462,	0.000095,	0.000005,	0.000095,	0.000800
1465,	0.000095,	0.000015,	0.000005,	0.000800
1466,	0.000095,	0.000015,	0.000015,	0.000799
1467,	0.000095,	0.000015,	0.000025,	0.000799
1468,	0.000095,	0.000015,	0.000035,	0.000798
1469,	0.000095,	0.000015,	0.000045,	0.000798
1470,	0.000095,	0.000015,	0.000055,	0.000798
1471,	0.000095,	0.000015,	0.000065,	0.000798
1472,	0.000095,	0.000015,	0.000075,	0.000799
1473,	0.000095,	0.000015,	0.000085,	0.000799
1474,	0.000095,	0.000015,	0.000095,	0.000800
1477,	0.000095,	0.000025,	0.000005,	0.000800
1478,	0.000095,	0.000025,	0.000015,	0.000799
1479,	0.000095,	0.000025,	0.000025,	0.000798
1480,	0.000095,	0.000025,	0.000035,	0.000797
1481,	0.000095,	0.000025,	0.000045,	0.000796
1482,	0.000095,	0.000025,	0.000055,	0.000796
1483,	0.000095,	0.000025,	0.000065,	0.000797
1484,	0.000095,	0.000025,	0.000075,	0.000798
1485,	0.000095,	0.000025,	0.000085,	0.000799
1486,	0.000095,	0.000025,	0.000095,	0.000800
1489,	0.000095,	0.000035,	0.000005,	0.000799
1490,	0.000095,	0.000035,	0.000015,	0.000798
1491,	0.000095,	0.000035,	0.000025,	0.000797
1492,	0.000095,	0.000035,	0.000035,	0.000796
1493,	0.000095,	0.000035,	0.000045,	0.000795
1494,	0.000095,	0.000035,	0.000055,	0.000795
1495,	0.000095,	0.000035,	0.000065,	0.000796
1496,	0.000095,	0.000035,	0.000075,	0.000797
1497,	0.000095,	0.000035,	0.000085,	0.000798
1498,	0.000095,	0.000035,	0.000095,	0.000799
1501,	0.000095,	0.000045,	0.000005,	0.000799
1502,	0.000095,	0.000045,	0.000015,	0.000798
1503,	0.000095,	0.000045,	0.000025,	0.000796
1504,	0.000095,	0.000045,	0.000035,	0.000795
1505,	0.000095,	0.000045,	0.000045,	0.000794
1506,	0.000095,	0.000045,	0.000055,	0.000794
1507,	0.000095,	0.000045,	0.000065,	0.000795
1508,	0.000095,	0.000045,	0.000075,	0.000796
1509,	0.000095,	0.000045,	0.000085,	0.000798
1510,	0.000095,	0.000045,	0.000095,	0.000799
1513,	0.000095,	0.000055,	0.000005,	0.000799
1514,	0.000095,	0.000055,	0.000015,	0.000798
1515,	0.000095,	0.000055,	0.000025,	0.000796
1516,	0.000095,	0.000055,	0.000035,	0.000795
1517,	0.000095,	0.000055,	0.000045,	0.000794
1518,	0.000095,	0.000055,	0.000055,	0.000794
1519,	0.000095,	0.000055,	0.000065,	0.000795
1520,	0.000095,	0.000055,	0.000075,	0.000796
1521,	0.000095,	0.000055,	0.000085,	0.000798
1522,	0.000095,	0.000055,	0.000095,	0.000799
1525,	0.000095,	0.000065,	0.000005,	0.000799
1526,	0.000095,	0.000065,	0.000015,	0.000798
1527,	0.000095,	0.000065,	0.000025,	0.000797
1528,	0.000095,	0.000065,	0.000035,	0.000795
1529,	0.000095,	0.000065,	0.000045,	0.000795
1530,	0.000095,	0.000065,	0.000055,	0.000795
1531,	0.000095,	0.000065,	0.000065,	0.000796
1532,	0.000095,	0.000065,	0.000075,	0.000797
1533,	0.000095,	0.000065,	0.000085,	0.000798
1534,	0.000095,	0.000065,	0.000095,	0.000799
1537,	0.000095,	0.000075,	0.000005,	0.000800
1538,	0.000095,	0.000075,	0.000015,	0.000798
1539,	0.000095,	0.000075,	0.000025,	0.000797
1540,	0.000095,	0.000075,	0.000035,	0.000797
1541,	0.000095,	0.000075,	0.000045,	0.000796
1542,	0.000095,	0.000075,	0.000055,	0.000796
1543,	0.000095,	0.000075,	0.000065,	0.000797
1544,	0.000095,	0.000075,	0.000075,	0.000798
1545,	0.000095,	0.000075,	0.000085,	0.000799
1546,	0.000095,	0.000075,	0.000095,	0.000800
1549,	0.000095,	0.000085,	0.000005,	0.000800
1550,	0.000095,	0.000085,	0.000015,	0.000799
1551,	0.000095,	0.000085,	0.000025,	0.000798
1552,	0.000095,	0.000085,	0.000035,	0.000798
1553,	0.000095,	0.000085,	0.000045,	0.000798
1554,	0.000095,	0.000085,	0.000055,	0.000798
1555,	0.000095,	0.000085,	0.000065,	0.000798
1556,	0.000095,	0.000085,	0.000075,	0.000799
1557,	0.000095,	0.000085,	0.000085,	0.000799
1558,	0.000095,	0.000085,	0.000095,	0.000800
1561,	0.000095,	0.000095,	0.000005,	0.000800
1562,	0.000095,	0.000095,	0.000015,	0.000800
1563,	0.000095,	0.000095,	0.000025,	0.000799
1564,	0.000095,	0.000095,	0.000035,	0.000799
1565,	0.000095,	0.000095,	0.000045,	0.000799
1566,	0.000095,	0.000095,	0.000055,	0.000799
1567,	0.000095,	0.000095,	0.000065,	0.000799
1568,	0.000095,	0.000095,	0.000075,	0.000800
1569,	0.000095,	0.000095,	0.000085,	0.000800
1570,	0.000095,	0.000095,	0.000095,	0.000800
