,x,y,z,scalar,1,1,1,0.5
157,	0.000005,	0.000005,	0.000005,	0.000800
158,	0.000005,	0.000005,	0.000015,	0.000800
159,	0.000005,	0.000005,	0.000025,	0.000799
160,	0.000005,	0.000005,	0.000035,	0.000799
161,	0.000005,	0.000005,	0.000045,	0.000799
162,	0.000005,	0.000005,	0.000055,	0.000799
163,	0.000005,	0.000005,	0.000065,	0.000799
164,	0.000005,	0.000005,	0.000075,	0.000799
165,	0.000005,	0.000005,	0.000085,	0.000800
166,	0.000005,	0.000005,	0.000095,	0.000800
169,	0.000005,	0.000015,	0.000005,	0.000800
170,	0.000005,	0.000015,	0.000015,	0.000799
171,	0.000005,	0.000015,	0.000025,	0.000798
172,	0.000005,	0.000015,	0.000035,	0.000797
173,	0.000005,	0.000015,	0.000045,	0.000797
174,	0.000005,	0.000015,	0.000055,	0.000797
175,	0.000005,	0.000015,	0.000065,	0.000797
176,	0.000005,	0.000015,	0.000075,	0.000798
177,	0.000005,	0.000015,	0.000085,	0.000799
178,	0.000005,	0.000015,	0.000095,	0.000800
181,	0.000005,	0.000025,	0.000005,	0.000799
182,	0.000005,	0.000025,	0.000015,	0.000798
183,	0.000005,	0.000025,	0.000025,	0.000796
184,	0.000005,	0.000025,	0.000035,	0.000795
185,	0.000005,	0.000025,	0.000045,	0.000794
186,	0.000005,	0.000025,	0.000055,	0.000794
187,	0.000005,	0.000025,	0.000065,	0.000795
188,	0.000005,	0.000025,	0.000075,	0.000796
189,	0.000005,	0.000025,	0.000085,	0.000798
190,	0.000005,	0.000025,	0.000095,	0.000799
193,	0.000005,	0.000035,	0.000005,	0.000799
194,	0.000005,	0.000035,	0.000015,	0.000797
195,	0.000005,	0.000035,	0.000025,	0.000795
196,	0.000005,	0.000035,	0.000035,	0.000793
197,	0.000005,	0.000035,	0.000045,	0.000791
198,	0.000005,	0.000035,	0.000055,	0.000791
199,	0.000005,	0.000035,	0.000065,	0.000793
200,	0.000005,	0.000035,	0.000075,	0.000795
201,	0.000005,	0.000035,	0.000085,	0.000797
202,	0.000005,	0.000035,	0.000095,	0.000799
205,	0.000005,	0.000045,	0.000005,	0.000799
206,	0.000005,	0.000045,	0.000015,	0.000796
207,	0.000005,	0.000045,	0.000025,	0.000794
208,	0.000005,	0.000045,	0.000035,	0.000790
209,	0.000005,	0.000045,	0.000045,	0.000787
210,	0.000005,	0.000045,	0.000055,	0.000788
211,	0.000005,	0.000045,	0.000065,	0.000790
212,	0.000005,	0.000045,	0.000075,	0.000794
213,	0.000005,	0.000045,	0.000085,	0.000796
214,	0.000005,	0.000045,	0.000095,	0.000799
217,	0.000005,	0.000055,	0.000005,	0.000799
218,	0.000005,	0.000055,	0.000015,	0.000796
219,	0.000005,	0.000055,	0.000025,	0.000794
220,	0.000005,	0.000055,	0.000035,	0.000790
221,	0.000005,	0.000055,	0.000045,	0.000787
222,	0.000005,	0.000055,	0.000055,	0.000787
223,	0.000005,	0.000055,	0.000065,	0.000790
224,	0.000005,	0.000055,	0.000075,	0.000794
225,	0.000005,	0.000055,	0.000085,	0.000796
226,	0.000005,	0.000055,	0.000095,	0.000799
229,	0.000005,	0.000065,	0.000005,	0.000799
230,	0.000005,	0.000065,	0.000015,	0.000797
231,	0.000005,	0.000065,	0.000025,	0.000795
232,	0.000005,	0.000065,	0.000035,	0.000792
233,	0.000005,	0.000065,	0.000045,	0.000790
234,	0.000005,	0.000065,	0.000055,	0.000790
235,	0.000005,	0.000065,	0.000065,	0.000792
236,	0.000005,	0.000065,	0.000075,	0.000795
237,	0.000005,	0.000065,	0.000085,	0.000797
238,	0.000005,	0.000065,	0.000095,	0.000799
241,	0.000005,	0.000075,	0.000005,	0.000799
242,	0.000005,	0.000075,	0.000015,	0.000798
243,	0.000005,	0.000075,	0.000025,	0.000796
244,	0.000005,	0.000075,	0.000035,	0.000794
245,	0.000005,	0.000075,	0.000045,	0.000793
246,	0.000005,	0.000075,	0.000055,	0.000793
247,	0.000005,	0.000075,	0.000065,	0.000795
248,	0.000005,	0.000075,	0.000075,	0.000796
249,	0.000005,	0.000075,	0.000085,	0.000798
250,	0.000005,	0.000075,	0.000095,	0.000799
253,	0.000005,	0.000085,	0.000005,	0.000799
254,	0.000005,	0.000085,	0.000015,	0.000798
255,	0.000005,	0.000085,	0.000025,	0.000797
256,	0.000005,	0.000085,	0.000035,	0.000797
257,	0.000005,	0.000085,	0.000045,	0.000796
258,	0.000005,	0.000085,	0.000055,	0.000796
259,	0.000005,	0.000085,	0.000065,	0.000797
260,	0.000005,	0.000085,	0.000075,	0.000798
261,	0.000005,	0.000085,	0.000085,	0.000799
262,	0.000005,	0.000085,	0.000095,	0.000800
265,	0.000005,	0.000095,	0.000005,	0.000800
266,	0.000005,	0.000095,	0.000015,	0.000799
267,	0.000005,	0.000095,	0.000025,	0.000799
268,	0.000005,	0.000095,	0.000035,	0.000799
269,	0.000005,	0.000095,	0.000045,	0.000799
270,	0.000005,	0.000095,	0.000055,	0.000799
271,	0.000005,	0.000095,	0.000065,	0.000799
272,	0.000005,	0.000095,	0.000075,	0.000799
273,	0.000005,	0.000095,	0.000085,	0.000800
274,	0.000005,	0.000095,	0.000095,	0.000800
301,	0.000015,	0.000005,	0.000005,	0.000800
302,	0.000015,	0.000005,	0.000015,	0.000799
303,	0.000015,	0.000005,	0.000025,	0.000798
304,	0.000015,	0.000005,	0.000035,	0.000797
305,	0.000015,	0.000005,	0.000045,	0.000797
306,	0.000015,	0.000005,	0.000055,	0.000797
307,	0.000015,	0.000005,	0.000065,	0.000797
308,	0.000015,	0.000005,	0.000075,	0.000798
309,	0.000015,	0.000005,	0.000085,	0.000799
310,	0.000015,	0.000005,	0.000095,	0.000800
313,	0.000015,	0.000015,	0.000005,	0.000799
314,	0.000015,	0.000015,	0.000015,	0.000796
315,	0.000015,	0.000015,	0.000025,	0.000793
316,	0.000015,	0.000015,	0.000035,	0.000791
317,	0.000015,	0.000015,	0.000045,	0.000789
318,	0.000015,	0.000015,	0.000055,	0.000789
319,	0.000015,	0.000015,	0.000065,	0.000791
320,	0.000015,	0.000015,	0.000075,	0.000793
321,	0.000015,	0.000015,	0.000085,	0.000796
322,	0.000015,	0.000015,	0.000095,	0.000799
325,	0.000015,	0.000025,	0.000005,	0.000798
326,	0.000015,	0.000025,	0.000015,	0.000793
327,	0.000015,	0.000025,	0.000025,	0.000788
328,	0.000015,	0.000025,	0.000035,	0.000781
329,	0.000015,	0.000025,	0.000045,	0.000776
330,	0.000015,	0.000025,	0.000055,	0.000776
331,	0.000015,	0.000025,	0.000065,	0.000782
332,	0.000015,	0.000025,	0.000075,	0.000788
333,	0.000015,	0.000025,	0.000085,	0.000793
334,	0.000015,	0.000025,	0.000095,	0.000798
337,	0.000015,	0.000035,	0.000005,	0.000797
338,	0.000015,	0.000035,	0.000015,	0.000790
339,	0.000015,	0.000035,	0.000025,	0.000781
340,	0.000015,	0.000035,	0.000035,	0.000764
341,	0.000015,	0.000035,	0.000045,	0.000749
342,	0.000015,	0.000035,	0.000055,	0.000750
343,	0.000015,	0.000035,	0.000065,	0.000765
344,	0.000015,	0.000035,	0.000075,	0.000781
345,	0.000015,	0.000035,	0.000085,	0.000790
346,	0.000015,	0.000035,	0.000095,	0.000797
349,	0.000015,	0.000045,	0.000005,	0.000796
350,	0.000015,	0.000045,	0.000015,	0.000788
351,	0.000015,	0.000045,	0.000025,	0.000773
352,	0.000015,	0.000045,	0.000035,	0.000746
353,	0.000015,	0.000045,	0.000045,	0.000724
354,	0.000015,	0.000045,	0.000055,	0.000724
355,	0.000015,	0.000045,	0.000065,	0.000747
356,	0.000015,	0.000045,	0.000075,	0.000774
357,	0.000015,	0.000045,	0.000085,	0.000788
358,	0.000015,	0.000045,	0.000095,	0.000796
361,	0.000015,	0.000055,	0.000005,	0.000796
362,	0.000015,	0.000055,	0.000015,	0.000788
363,	0.000015,	0.000055,	0.000025,	0.000772
364,	0.000015,	0.000055,	0.000035,	0.000743
365,	0.000015,	0.000055,	0.000045,	0.000720
366,	0.000015,	0.000055,	0.000055,	0.000720
367,	0.000015,	0.000055,	0.000065,	0.000744
368,	0.000015,	0.000055,	0.000075,	0.000773
369,	0.000015,	0.000055,	0.000085,	0.000788
370,	0.000015,	0.000055,	0.000095,	0.000796
373,	0.000015,	0.000065,	0.000005,	0.000797
374,	0.000015,	0.000065,	0.000015,	0.000790
375,	0.000015,	0.000065,	0.000025,	0.000778
376,	0.000015,	0.000065,	0.000035,	0.000758
377,	0.000015,	0.000065,	0.000045,	0.000739
378,	0.000015,	0.000065,	0.000055,	0.000740
379,	0.000015,	0.000065,	0.000065,	0.000759
380,	0.000015,	0.000065,	0.000075,	0.000779
381,	0.000015,	0.000065,	0.000085,	0.000790
382,	0.000015,	0.000065,	0.000095,	0.000797
385,	0.000015,	0.000075,	0.000005,	0.000798
386,	0.000015,	0.000075,	0.000015,	0.000792
387,	0.000015,	0.000075,	0.000025,	0.000786
388,	0.000015,	0.000075,	0.000035,	0.000778
389,	0.000015,	0.000075,	0.000045,	0.000770
390,	0.000015,	0.000075,	0.000055,	0.000770
391,	0.000015,	0.000075,	0.000065,	0.000778
392,	0.000015,	0.000075,	0.000075,	0.000786
393,	0.000015,	0.000075,	0.000085,	0.000792
394,	0.000015,	0.000075,	0.000095,	0.000798
397,	0.000015,	0.000085,	0.000005,	0.000798
398,	0.000015,	0.000085,	0.000015,	0.000795
399,	0.000015,	0.000085,	0.000025,	0.000792
400,	0.000015,	0.000085,	0.000035,	0.000789
401,	0.000015,	0.000085,	0.000045,	0.000787
402,	0.000015,	0.000085,	0.000055,	0.000787
403,	0.000015,	0.000085,	0.000065,	0.000789
404,	0.000015,	0.000085,	0.000075,	0.000792
405,	0.000015,	0.000085,	0.000085,	0.000795
406,	0.000015,	0.000085,	0.000095,	0.000798
409,	0.000015,	0.000095,	0.000005,	0.000799
410,	0.000015,	0.000095,	0.000015,	0.000798
411,	0.000015,	0.000095,	0.000025,	0.000797
412,	0.000015,	0.000095,	0.000035,	0.000797
413,	0.000015,	0.000095,	0.000045,	0.000796
414,	0.000015,	0.000095,	0.000055,	0.000796
415,	0.000015,	0.000095,	0.000065,	0.000797
416,	0.000015,	0.000095,	0.000075,	0.000797
417,	0.000015,	0.000095,	0.000085,	0.000798
418,	0.000015,	0.000095,	0.000095,	0.000800
445,	0.000025,	0.000005,	0.000005,	0.000799
446,	0.000025,	0.000005,	0.000015,	0.000798
447,	0.000025,	0.000005,	0.000025,	0.000796
448,	0.000025,	0.000005,	0.000035,	0.000795
449,	0.000025,	0.000005,	0.000045,	0.000794
450,	0.000025,	0.000005,	0.000055,	0.000794
451,	0.000025,	0.000005,	0.000065,	0.000795
452,	0.000025,	0.000005,	0.000075,	0.000796
453,	0.000025,	0.000005,	0.000085,	0.000798
454,	0.000025,	0.000005,	0.000095,	0.000799
457,	0.000025,	0.000015,	0.000005,	0.000798
458,	0.000025,	0.000015,	0.000015,	0.000793
459,	0.000025,	0.000015,	0.000025,	0.000788
460,	0.000025,	0.000015,	0.000035,	0.000782
461,	0.000025,	0.000015,	0.000045,	0.000776
462,	0.000025,	0.000015,	0.000055,	0.000776
463,	0.000025,	0.000015,	0.000065,	0.000782
464,	0.000025,	0.000015,	0.000075,	0.000788
465,	0.000025,	0.000015,	0.000085,	0.000793
466,	0.000025,	0.000015,	0.000095,	0.000798
469,	0.000025,	0.000025,	0.000005,	0.000796
470,	0.000025,	0.000025,	0.000015,	0.000788
471,	0.000025,	0.000025,	0.000025,	0.000774
472,	0.000025,	0.000025,	0.000035,	0.000747
473,	0.000025,	0.000025,	0.000045,	0.000725
474,	0.000025,	0.000025,	0.000055,	0.000725
475,	0.000025,	0.000025,	0.000065,	0.000748
476,	0.000025,	0.000025,	0.000075,	0.000775
477,	0.000025,	0.000025,	0.000085,	0.000788
478,	0.000025,	0.000025,	0.000095,	0.000796
481,	0.000025,	0.000035,	0.000005,	0.000795
482,	0.000025,	0.000035,	0.000015,	0.000780
483,	0.000025,	0.000035,	0.000025,	0.000743
484,	0.000025,	0.000035,	0.000035,	0.000694
485,	0.000025,	0.000035,	0.000045,	0.000670
486,	0.000025,	0.000035,	0.000055,	0.000671
487,	0.000025,	0.000035,	0.000065,	0.000695
488,	0.000025,	0.000035,	0.000075,	0.000745
489,	0.000025,	0.000035,	0.000085,	0.000781
490,	0.000025,	0.000035,	0.000095,	0.000795
493,	0.000025,	0.000045,	0.000005,	0.000794
494,	0.000025,	0.000045,	0.000015,	0.000773
495,	0.000025,	0.000045,	0.000025,	0.000716
496,	0.000025,	0.000045,	0.000035,	0.000666
497,	0.000025,	0.000045,	0.000045,	0.000644
498,	0.000025,	0.000045,	0.000055,	0.000644
499,	0.000025,	0.000045,	0.000065,	0.000667
500,	0.000025,	0.000045,	0.000075,	0.000718
501,	0.000025,	0.000045,	0.000085,	0.000774
502,	0.000025,	0.000045,	0.000095,	0.000794
505,	0.000025,	0.000055,	0.000005,	0.000794
506,	0.000025,	0.000055,	0.000015,	0.000771
507,	0.000025,	0.000055,	0.000025,	0.000712
508,	0.000025,	0.000055,	0.000035,	0.000662
509,	0.000025,	0.000055,	0.000045,	0.000640
510,	0.000025,	0.000055,	0.000055,	0.000641
511,	0.000025,	0.000055,	0.000065,	0.000663
512,	0.000025,	0.000055,	0.000075,	0.000714
513,	0.000025,	0.000055,	0.000085,	0.000772
514,	0.000025,	0.000055,	0.000095,	0.000794
517,	0.000025,	0.000065,	0.000005,	0.000795
518,	0.000025,	0.000065,	0.000015,	0.000778
519,	0.000025,	0.000065,	0.000025,	0.000733
520,	0.000025,	0.000065,	0.000035,	0.000683
521,	0.000025,	0.000065,	0.000045,	0.000659
522,	0.000025,	0.000065,	0.000055,	0.000659
523,	0.000025,	0.000065,	0.000065,	0.000684
524,	0.000025,	0.000065,	0.000075,	0.000734
525,	0.000025,	0.000065,	0.000085,	0.000779
526,	0.000025,	0.000065,	0.000095,	0.000795
529,	0.000025,	0.000075,	0.000005,	0.000796
530,	0.000025,	0.000075,	0.000015,	0.000786
531,	0.000025,	0.000075,	0.000025,	0.000767
532,	0.000025,	0.000075,	0.000035,	0.000730
533,	0.000025,	0.000075,	0.000045,	0.000705
534,	0.000025,	0.000075,	0.000055,	0.000705
535,	0.000025,	0.000075,	0.000065,	0.000730
536,	0.000025,	0.000075,	0.000075,	0.000768
537,	0.000025,	0.000075,	0.000085,	0.000786
538,	0.000025,	0.000075,	0.000095,	0.000796
541,	0.000025,	0.000085,	0.000005,	0.000797
542,	0.000025,	0.000085,	0.000015,	0.000792
543,	0.000025,	0.000085,	0.000025,	0.000786
544,	0.000025,	0.000085,	0.000035,	0.000777
545,	0.000025,	0.000085,	0.000045,	0.000768
546,	0.000025,	0.000085,	0.000055,	0.000768
547,	0.000025,	0.000085,	0.000065,	0.000777
548,	0.000025,	0.000085,	0.000075,	0.000786
549,	0.000025,	0.000085,	0.000085,	0.000792
550,	0.000025,	0.000085,	0.000095,	0.000798
553,	0.000025,	0.000095,	0.000005,	0.000799
554,	0.000025,	0.000095,	0.000015,	0.000797
555,	0.000025,	0.000095,	0.000025,	0.000796
556,	0.000025,	0.000095,	0.000035,	0.000794
557,	0.000025,	0.000095,	0.000045,	0.000793
558,	0.000025,	0.000095,	0.000055,	0.000793
559,	0.000025,	0.000095,	0.000065,	0.000794
560,	0.000025,	0.000095,	0.000075,	0.000796
561,	0.000025,	0.000095,	0.000085,	0.000797
562,	0.000025,	0.000095,	0.000095,	0.000799
589,	0.000035,	0.000005,	0.000005,	0.000799
590,	0.000035,	0.000005,	0.000015,	0.000797
591,	0.000035,	0.000005,	0.000025,	0.000795
592,	0.000035,	0.000005,	0.000035,	0.000793
593,	0.000035,	0.000005,	0.000045,	0.000791
594,	0.000035,	0.000005,	0.000055,	0.000791
595,	0.000035,	0.000005,	0.000065,	0.000793
596,	0.000035,	0.000005,	0.000075,	0.000795
597,	0.000035,	0.000005,	0.000085,	0.000797
598,	0.000035,	0.000005,	0.000095,	0.000799
601,	0.000035,	0.000015,	0.000005,	0.000797
602,	0.000035,	0.000015,	0.000015,	0.000791
603,	0.000035,	0.000015,	0.000025,	0.000781
604,	0.000035,	0.000015,	0.000035,	0.000767
605,	0.000035,	0.000015,	0.000045,	0.000754
606,	0.000035,	0.000015,	0.000055,	0.000754
607,	0.000035,	0.000015,	0.000065,	0.000768
608,	0.000035,	0.000015,	0.000075,	0.000782
609,	0.000035,	0.000015,	0.000085,	0.000791
610,	0.000035,	0.000015,	0.000095,	0.000797
613,	0.000035,	0.000025,	0.000005,	0.000795
614,	0.000035,	0.000025,	0.000015,	0.000781
615,	0.000035,	0.000025,	0.000025,	0.000745
616,	0.000035,	0.000025,	0.000035,	0.000697
617,	0.000035,	0.000025,	0.000045,	0.000673
618,	0.000035,	0.000025,	0.000055,	0.000673
619,	0.000035,	0.000025,	0.000065,	0.000698
620,	0.000035,	0.000025,	0.000075,	0.000747
621,	0.000035,	0.000025,	0.000085,	0.000781
622,	0.000035,	0.000025,	0.000095,	0.000795
625,	0.000035,	0.000035,	0.000005,	0.000792
626,	0.000035,	0.000035,	0.000015,	0.000763
627,	0.000035,	0.000035,	0.000025,	0.000692
628,	0.000035,	0.000035,	0.000035,	0.000644
629,	0.000035,	0.000035,	0.000045,	0.000624
630,	0.000035,	0.000035,	0.000055,	0.000624
631,	0.000035,	0.000035,	0.000065,	0.000645
632,	0.000035,	0.000035,	0.000075,	0.000694
633,	0.000035,	0.000035,	0.000085,	0.000764
634,	0.000035,	0.000035,	0.000095,	0.000793
637,	0.000035,	0.000045,	0.000005,	0.000790
638,	0.000035,	0.000045,	0.000015,	0.000742
639,	0.000035,	0.000045,	0.000025,	0.000664
640,	0.000035,	0.000045,	0.000035,	0.000620
641,	0.000035,	0.000045,	0.000045,	0.000602
642,	0.000035,	0.000045,	0.000055,	0.000602
643,	0.000035,	0.000045,	0.000065,	0.000621
644,	0.000035,	0.000045,	0.000075,	0.000666
645,	0.000035,	0.000045,	0.000085,	0.000744
646,	0.000035,	0.000045,	0.000095,	0.000790
649,	0.000035,	0.000055,	0.000005,	0.000789
650,	0.000035,	0.000055,	0.000015,	0.000738
651,	0.000035,	0.000055,	0.000025,	0.000660
652,	0.000035,	0.000055,	0.000035,	0.000617
653,	0.000035,	0.000055,	0.000045,	0.000599
654,	0.000035,	0.000055,	0.000055,	0.000599
655,	0.000035,	0.000055,	0.000065,	0.000618
656,	0.000035,	0.000055,	0.000075,	0.000662
657,	0.000035,	0.000055,	0.000085,	0.000741
658,	0.000035,	0.000055,	0.000095,	0.000790
661,	0.000035,	0.000065,	0.000005,	0.000791
662,	0.000035,	0.000065,	0.000015,	0.000756
663,	0.000035,	0.000065,	0.000025,	0.000681
664,	0.000035,	0.000065,	0.000035,	0.000634
665,	0.000035,	0.000065,	0.000045,	0.000615
666,	0.000035,	0.000065,	0.000055,	0.000615
667,	0.000035,	0.000065,	0.000065,	0.000635
668,	0.000035,	0.000065,	0.000075,	0.000682
669,	0.000035,	0.000065,	0.000085,	0.000757
670,	0.000035,	0.000065,	0.000095,	0.000792
673,	0.000035,	0.000075,	0.000005,	0.000794
674,	0.000035,	0.000075,	0.000015,	0.000777
675,	0.000035,	0.000075,	0.000025,	0.000727
676,	0.000035,	0.000075,	0.000035,	0.000677
677,	0.000035,	0.000075,	0.000045,	0.000654
678,	0.000035,	0.000075,	0.000055,	0.000654
679,	0.000035,	0.000075,	0.000065,	0.000678
680,	0.000035,	0.000075,	0.000075,	0.000729
681,	0.000035,	0.000075,	0.000085,	0.000777
682,	0.000035,	0.000075,	0.000095,	0.000794
685,	0.000035,	0.000085,	0.000005,	0.000797
686,	0.000035,	0.000085,	0.000015,	0.000789
687,	0.000035,	0.000085,	0.000025,	0.000776
688,	0.000035,	0.000085,	0.000035,	0.000751
689,	0.000035,	0.000085,	0.000045,	0.000729
690,	0.000035,	0.000085,	0.000055,	0.000730
691,	0.000035,	0.000085,	0.000065,	0.000751
692,	0.000035,	0.000085,	0.000075,	0.000776
693,	0.000035,	0.000085,	0.000085,	0.000789
694,	0.000035,	0.000085,	0.000095,	0.000797
697,	0.000035,	0.000095,	0.000005,	0.000799
698,	0.000035,	0.000095,	0.000015,	0.000797
699,	0.000035,	0.000095,	0.000025,	0.000794
700,	0.000035,	0.000095,	0.000035,	0.000791
701,	0.000035,	0.000095,	0.000045,	0.000788
702,	0.000035,	0.000095,	0.000055,	0.000788
703,	0.000035,	0.000095,	0.000065,	0.000791
704,	0.000035,	0.000095,	0.000075,	0.000794
705,	0.000035,	0.000095,	0.000085,	0.000797
706,	0.000035,	0.000095,	0.000095,	0.000799
733,	0.000045,	0.000005,	0.000005,	0.000799
734,	0.000045,	0.000005,	0.000015,	0.000796
735,	0.000045,	0.000005,	0.000025,	0.000794
736,	0.000045,	0.000005,	0.000035,	0.000791
737,	0.000045,	0.000005,	0.000045,	0.000789
738,	0.000045,	0.000005,	0.000055,	0.000789
739,	0.000045,	0.000005,	0.000065,	0.000791
740,	0.000045,	0.000005,	0.000075,	0.000794
741,	0.000045,	0.000005,	0.000085,	0.000797
742,	0.000045,	0.000005,	0.000095,	0.000799
745,	0.000045,	0.000015,	0.000005,	0.000796
746,	0.000045,	0.000015,	0.000015,	0.000789
747,	0.000045,	0.000015,	0.000025,	0.000775
748,	0.000045,	0.000015,	0.000035,	0.000752
749,	0.000045,	0.000015,	0.000045,	0.000732
750,	0.000045,	0.000015,	0.000055,	0.000733
751,	0.000045,	0.000015,	0.000065,	0.000754
752,	0.000045,	0.000015,	0.000075,	0.000776
753,	0.000045,	0.000015,	0.000085,	0.000789
754,	0.000045,	0.000015,	0.000095,	0.000797
757,	0.000045,	0.000025,	0.000005,	0.000794
758,	0.000045,	0.000025,	0.000015,	0.000774
759,	0.000045,	0.000025,	0.000025,	0.000721
760,	0.000045,	0.000025,	0.000035,	0.000671
761,	0.000045,	0.000025,	0.000045,	0.000649
762,	0.000045,	0.000025,	0.000055,	0.000650
763,	0.000045,	0.000025,	0.000065,	0.000673
764,	0.000045,	0.000025,	0.000075,	0.000724
765,	0.000045,	0.000025,	0.000085,	0.000775
766,	0.000045,	0.000025,	0.000095,	0.000794
769,	0.000045,	0.000035,	0.000005,	0.000790
770,	0.000045,	0.000035,	0.000015,	0.000744
771,	0.000045,	0.000035,	0.000025,	0.000666
772,	0.000045,	0.000035,	0.000035,	0.000622
773,	0.000045,	0.000035,	0.000045,	0.000604
774,	0.000045,	0.000035,	0.000055,	0.000604
775,	0.000045,	0.000035,	0.000065,	0.000624
776,	0.000045,	0.000035,	0.000075,	0.000668
777,	0.000045,	0.000035,	0.000085,	0.000747
778,	0.000045,	0.000035,	0.000095,	0.000790
781,	0.000045,	0.000045,	0.000005,	0.000786
782,	0.000045,	0.000045,	0.000015,	0.000717
783,	0.000045,	0.000045,	0.000025,	0.000640
784,	0.000045,	0.000045,	0.000035,	0.000600
785,	0.000045,	0.000045,	0.000045,	0.000583
786,	0.000045,	0.000045,	0.000055,	0.000584
787,	0.000045,	0.000045,	0.000065,	0.000601
788,	0.000045,	0.000045,	0.000075,	0.000642
789,	0.000045,	0.000045,	0.000085,	0.000720
790,	0.000045,	0.000045,	0.000095,	0.000787
793,	0.000045,	0.000055,	0.000005,	0.000786
794,	0.000045,	0.000055,	0.000015,	0.000712
795,	0.000045,	0.000055,	0.000025,	0.000636
796,	0.000045,	0.000055,	0.000035,	0.000597
797,	0.000045,	0.000055,	0.000045,	0.000581
798,	0.000045,	0.000055,	0.000055,	0.000581
799,	0.000045,	0.000055,	0.000065,	0.000598
800,	0.000045,	0.000055,	0.000075,	0.000638
801,	0.000045,	0.000055,	0.000085,	0.000716
802,	0.000045,	0.000055,	0.000095,	0.000786
805,	0.000045,	0.000065,	0.000005,	0.000789
806,	0.000045,	0.000065,	0.000015,	0.000734
807,	0.000045,	0.000065,	0.000025,	0.000655
808,	0.000045,	0.000065,	0.000035,	0.000613
809,	0.000045,	0.000065,	0.000045,	0.000595
810,	0.000045,	0.000065,	0.000055,	0.000595
811,	0.000045,	0.000065,	0.000065,	0.000614
812,	0.000045,	0.000065,	0.000075,	0.000657
813,	0.000045,	0.000065,	0.000085,	0.000737
814,	0.000045,	0.000065,	0.000095,	0.000789
817,	0.000045,	0.000075,	0.000005,	0.000793
818,	0.000045,	0.000075,	0.000015,	0.000767
819,	0.000045,	0.000075,	0.000025,	0.000701
820,	0.000045,	0.000075,	0.000035,	0.000652
821,	0.000045,	0.000075,	0.000045,	0.000631
822,	0.000045,	0.000075,	0.000055,	0.000631
823,	0.000045,	0.000075,	0.000065,	0.000653
824,	0.000045,	0.000075,	0.000075,	0.000704
825,	0.000045,	0.000075,	0.000085,	0.000769
826,	0.000045,	0.000075,	0.000095,	0.000793
829,	0.000045,	0.000085,	0.000005,	0.000796
830,	0.000045,	0.000085,	0.000015,	0.000786
831,	0.000045,	0.000085,	0.000025,	0.000766
832,	0.000045,	0.000085,	0.000035,	0.000727
833,	0.000045,	0.000085,	0.000045,	0.000703
834,	0.000045,	0.000085,	0.000055,	0.000703
835,	0.000045,	0.000085,	0.000065,	0.000729
836,	0.000045,	0.000085,	0.000075,	0.000767
837,	0.000045,	0.000085,	0.000085,	0.000787
838,	0.000045,	0.000085,	0.000095,	0.000796
841,	0.000045,	0.000095,	0.000005,	0.000799
842,	0.000045,	0.000095,	0.000015,	0.000796
843,	0.000045,	0.000095,	0.000025,	0.000793
844,	0.000045,	0.000095,	0.000035,	0.000788
845,	0.000045,	0.000095,	0.000045,	0.000784
846,	0.000045,	0.000095,	0.000055,	0.000784
847,	0.000045,	0.000095,	0.000065,	0.000788
848,	0.000045,	0.000095,	0.000075,	0.000793
849,	0.000045,	0.000095,	0.000085,	0.000796
850,	0.000045,	0.000095,	0.000095,	0.000799
877,	0.000055,	0.000005,	0.000005,	0.000799
878,	0.000055,	0.000005,	0.000015,	0.000796
879,	0.000055,	0.000005,	0.000025,	0.000794
880,	0.000055,	0.000005,	0.000035,	0.000791
881,	0.000055,	0.000005,	0.000045,	0.000788
882,	0.000055,	0.000005,	0.000055,	0.000788
883,	0.000055,	0.000005,	0.000065,	0.000791
884,	0.000055,	0.000005,	0.000075,	0.000794
885,	0.000055,	0.000005,	0.000085,	0.000797
886,	0.000055,	0.000005,	0.000095,	0.000799
889,	0.000055,	0.000015,	0.000005,	0.000796
890,	0.000055,	0.000015,	0.000015,	0.000789
891,	0.000055,	0.000015,	0.000025,	0.000775
892,	0.000055,	0.000015,	0.000035,	0.000751
893,	0.000055,	0.000015,	0.000045,	0.000731
894,	0.000055,	0.000015,	0.000055,	0.000732
895,	0.000055,	0.000015,	0.000065,	0.000753
896,	0.000055,	0.000015,	0.000075,	0.000776
897,	0.000055,	0.000015,	0.000085,	0.000789
898,	0.000055,	0.000015,	0.000095,	0.000797
901,	0.000055,	0.000025,	0.000005,	0.000794
902,	0.000055,	0.000025,	0.000015,	0.000774
903,	0.000055,	0.000025,	0.000025,	0.000719
904,	0.000055,	0.000025,	0.000035,	0.000670
905,	0.000055,	0.000025,	0.000045,	0.000648
906,	0.000055,	0.000025,	0.000055,	0.000649
907,	0.000055,	0.000025,	0.000065,	0.000672
908,	0.000055,	0.000025,	0.000075,	0.000723
909,	0.000055,	0.000025,	0.000085,	0.000775
910,	0.000055,	0.000025,	0.000095,	0.000794
913,	0.000055,	0.000035,	0.000005,	0.000790
914,	0.000055,	0.000035,	0.000015,	0.000743
915,	0.000055,	0.000035,	0.000025,	0.000665
916,	0.000055,	0.000035,	0.000035,	0.000621
917,	0.000055,	0.000035,	0.000045,	0.000603
918,	0.000055,	0.000035,	0.000055,	0.000603
919,	0.000055,	0.000035,	0.000065,	0.000623
920,	0.000055,	0.000035,	0.000075,	0.000668
921,	0.000055,	0.000035,	0.000085,	0.000747
922,	0.000055,	0.000035,	0.000095,	0.000790
925,	0.000055,	0.000045,	0.000005,	0.000786
926,	0.000055,	0.000045,	0.000015,	0.000716
927,	0.000055,	0.000045,	0.000025,	0.000638
928,	0.000055,	0.000045,	0.000035,	0.000599
929,	0.000055,	0.000045,	0.000045,	0.000582
930,	0.000055,	0.000045,	0.000055,	0.000583
931,	0.000055,	0.000045,	0.000065,	0.000600
932,	0.000055,	0.000045,	0.000075,	0.000641
933,	0.000055,	0.000045,	0.000085,	0.000719
934,	0.000055,	0.000045,	0.000095,	0.000787
937,	0.000055,	0.000055,	0.000005,	0.000786
938,	0.000055,	0.000055,	0.000015,	0.000711
939,	0.000055,	0.000055,	0.000025,	0.000635
940,	0.000055,	0.000055,	0.000035,	0.000596
941,	0.000055,	0.000055,	0.000045,	0.000580
942,	0.000055,	0.000055,	0.000055,	0.000580
943,	0.000055,	0.000055,	0.000065,	0.000598
944,	0.000055,	0.000055,	0.000075,	0.000638
945,	0.000055,	0.000055,	0.000085,	0.000715
946,	0.000055,	0.000055,	0.000095,	0.000786
949,	0.000055,	0.000065,	0.000005,	0.000789
950,	0.000055,	0.000065,	0.000015,	0.000732
951,	0.000055,	0.000065,	0.000025,	0.000654
952,	0.000055,	0.000065,	0.000035,	0.000612
953,	0.000055,	0.000065,	0.000045,	0.000594
954,	0.000055,	0.000065,	0.000055,	0.000594
955,	0.000055,	0.000065,	0.000065,	0.000613
956,	0.000055,	0.000065,	0.000075,	0.000656
957,	0.000055,	0.000065,	0.000085,	0.000736
958,	0.000055,	0.000065,	0.000095,	0.000789
961,	0.000055,	0.000075,	0.000005,	0.000793
962,	0.000055,	0.000075,	0.000015,	0.000766
963,	0.000055,	0.000075,	0.000025,	0.000699
964,	0.000055,	0.000075,	0.000035,	0.000650
965,	0.000055,	0.000075,	0.000045,	0.000630
966,	0.000055,	0.000075,	0.000055,	0.000630
967,	0.000055,	0.000075,	0.000065,	0.000652
968,	0.000055,	0.000075,	0.000075,	0.000702
969,	0.000055,	0.000075,	0.000085,	0.000768
970,	0.000055,	0.000075,	0.000095,	0.000793
973,	0.000055,	0.000085,	0.000005,	0.000796
974,	0.000055,	0.000085,	0.000015,	0.000786
975,	0.000055,	0.000085,	0.000025,	0.000765
976,	0.000055,	0.000085,	0.000035,	0.000725
977,	0.000055,	0.000085,	0.000045,	0.000701
978,	0.000055,	0.000085,	0.000055,	0.000701
979,	0.000055,	0.000085,	0.000065,	0.000728
980,	0.000055,	0.000085,	0.000075,	0.000766
981,	0.000055,	0.000085,	0.000085,	0.000787
982,	0.000055,	0.000085,	0.000095,	0.000796
985,	0.000055,	0.000095,	0.000005,	0.000799
986,	0.000055,	0.000095,	0.000015,	0.000796
987,	0.000055,	0.000095,	0.000025,	0.000793
988,	0.000055,	0.000095,	0.000035,	0.000788
989,	0.000055,	0.000095,	0.000045,	0.000784
990,	0.000055,	0.000095,	0.000055,	0.000784
991,	0.000055,	0.000095,	0.000065,	0.000788
992,	0.000055,	0.000095,	0.000075,	0.000793
993,	0.000055,	0.000095,	0.000085,	0.000796
994,	0.000055,	0.000095,	0.000095,	0.000799
1021,	0.000065,	0.000005,	0.000005,	0.000799
1022,	0.000065,	0.000005,	0.000015,	0.000797
1023,	0.000065,	0.000005,	0.000025,	0.000795
1024,	0.000065,	0.000005,	0.000035,	0.000793
1025,	0.000065,	0.000005,	0.000045,	0.000791
1026,	0.000065,	0.000005,	0.000055,	0.000791
1027,	0.000065,	0.000005,	0.000065,	0.000793
1028,	0.000065,	0.000005,	0.000075,	0.000795
1029,	0.000065,	0.000005,	0.000085,	0.000797
1030,	0.000065,	0.000005,	0.000095,	0.000799
1033,	0.000065,	0.000015,	0.000005,	0.000797
1034,	0.000065,	0.000015,	0.000015,	0.000790
1035,	0.000065,	0.000015,	0.000025,	0.000781
1036,	0.000065,	0.000015,	0.000035,	0.000765
1037,	0.000065,	0.000015,	0.000045,	0.000751
1038,	0.000065,	0.000015,	0.000055,	0.000752
1039,	0.000065,	0.000015,	0.000065,	0.000766
1040,	0.000065,	0.000015,	0.000075,	0.000781
1041,	0.000065,	0.000015,	0.000085,	0.000791
1042,	0.000065,	0.000015,	0.000095,	0.000797
1045,	0.000065,	0.000025,	0.000005,	0.000795
1046,	0.000065,	0.000025,	0.000015,	0.000780
1047,	0.000065,	0.000025,	0.000025,	0.000741
1048,	0.000065,	0.000025,	0.000035,	0.000693
1049,	0.000065,	0.000025,	0.000045,	0.000669
1050,	0.000065,	0.000025,	0.000055,	0.000670
1051,	0.000065,	0.000025,	0.000065,	0.000696
1052,	0.000065,	0.000025,	0.000075,	0.000745
1053,	0.000065,	0.000025,	0.000085,	0.000781
1054,	0.000065,	0.000025,	0.000095,	0.000795
1057,	0.000065,	0.000035,	0.000005,	0.000792
1058,	0.000065,	0.000035,	0.000015,	0.000760
1059,	0.000065,	0.000035,	0.000025,	0.000688
1060,	0.000065,	0.000035,	0.000035,	0.000641
1061,	0.000065,	0.000035,	0.000045,	0.000621
1062,	0.000065,	0.000035,	0.000055,	0.000622
1063,	0.000065,	0.000035,	0.000065,	0.000643
1064,	0.000065,	0.000035,	0.000075,	0.000691
1065,	0.000065,	0.000035,	0.000085,	0.000763
1066,	0.000065,	0.000035,	0.000095,	0.000792
1069,	0.000065,	0.000045,	0.000005,	0.000789
1070,	0.000065,	0.000045,	0.000015,	0.000738
1071,	0.000065,	0.000045,	0.000025,	0.000660
1072,	0.000065,	0.000045,	0.000035,	0.000617
1073,	0.000065,	0.000045,	0.000045,	0.000599
1074,	0.000065,	0.000045,	0.000055,	0.000599
1075,	0.000065,	0.000045,	0.000065,	0.000618
1076,	0.000065,	0.000045,	0.000075,	0.000662
1077,	0.000065,	0.000045,	0.000085,	0.000742
1078,	0.000065,	0.000045,	0.000095,	0.000790
1081,	0.000065,	0.000055,	0.000005,	0.000789
1082,	0.000065,	0.000055,	0.000015,	0.000734
1083,	0.000065,	0.000055,	0.000025,	0.000656
1084,	0.000065,	0.000055,	0.000035,	0.000614
1085,	0.000065,	0.000055,	0.000045,	0.000596
1086,	0.000065,	0.000055,	0.000055,	0.000597
1087,	0.000065,	0.000055,	0.000065,	0.000615
1088,	0.000065,	0.000055,	0.000075,	0.000659
1089,	0.000065,	0.000055,	0.000085,	0.000738
1090,	0.000065,	0.000055,	0.000095,	0.000789
1093,	0.000065,	0.000065,	0.000005,	0.000791
1094,	0.000065,	0.000065,	0.000015,	0.000753
1095,	0.000065,	0.000065,	0.000025,	0.000676
1096,	0.000065,	0.000065,	0.000035,	0.000631
1097,	0.000065,	0.000065,	0.000045,	0.000611
1098,	0.000065,	0.000065,	0.000055,	0.000612
1099,	0.000065,	0.000065,	0.000065,	0.000632
1100,	0.000065,	0.000065,	0.000075,	0.000679
1101,	0.000065,	0.000065,	0.000085,	0.000755
1102,	0.000065,	0.000065,	0.000095,	0.000791
1105,	0.000065,	0.000075,	0.000005,	0.000794
1106,	0.000065,	0.000075,	0.000015,	0.000775
1107,	0.000065,	0.000075,	0.000025,	0.000723
1108,	0.000065,	0.000075,	0.000035,	0.000673
1109,	0.000065,	0.000075,	0.000045,	0.000650
1110,	0.000065,	0.000075,	0.000055,	0.000651
1111,	0.000065,	0.000075,	0.000065,	0.000674
1112,	0.000065,	0.000075,	0.000075,	0.000726
1113,	0.000065,	0.000075,	0.000085,	0.000777
1114,	0.000065,	0.000075,	0.000095,	0.000794
1117,	0.000065,	0.000085,	0.000005,	0.000797
1118,	0.000065,	0.000085,	0.000015,	0.000789
1119,	0.000065,	0.000085,	0.000025,	0.000775
1120,	0.000065,	0.000085,	0.000035,	0.000747
1121,	0.000065,	0.000085,	0.000045,	0.000725
1122,	0.000065,	0.000085,	0.000055,	0.000726
1123,	0.000065,	0.000085,	0.000065,	0.000748
1124,	0.000065,	0.000085,	0.000075,	0.000776
1125,	0.000065,	0.000085,	0.000085,	0.000789
1126,	0.000065,	0.000085,	0.000095,	0.000797
1129,	0.000065,	0.000095,	0.000005,	0.000799
1130,	0.000065,	0.000095,	0.000015,	0.000797
1131,	0.000065,	0.000095,	0.000025,	0.000794
1132,	0.000065,	0.000095,	0.000035,	0.000791
1133,	0.000065,	0.000095,	0.000045,	0.000788
1134,	0.000065,	0.000095,	0.000055,	0.000788
1135,	0.000065,	0.000095,	0.000065,	0.000791
1136,	0.000065,	0.000095,	0.000075,	0.000794
1137,	0.000065,	0.000095,	0.000085,	0.000797
1138,	0.000065,	0.000095,	0.000095,	0.000799
1165,	0.000075,	0.000005,	0.000005,	0.000799
1166,	0.000075,	0.000005,	0.000015,	0.000798
1167,	0.000075,	0.000005,	0.000025,	0.000796
1168,	0.000075,	0.000005,	0.000035,	0.000795
1169,	0.000075,	0.000005,	0.000045,	0.000794
1170,	0.000075,	0.000005,	0.000055,	0.000794
1171,	0.000075,	0.000005,	0.000065,	0.000795
1172,	0.000075,	0.000005,	0.000075,	0.000796
1173,	0.000075,	0.000005,	0.000085,	0.000798
1174,	0.000075,	0.000005,	0.000095,	0.000799
1177,	0.000075,	0.000015,	0.000005,	0.000798
1178,	0.000075,	0.000015,	0.000015,	0.000793
1179,	0.000075,	0.000015,	0.000025,	0.000787
1180,	0.000075,	0.000015,	0.000035,	0.000781
1181,	0.000075,	0.000015,	0.000045,	0.000775
1182,	0.000075,	0.000015,	0.000055,	0.000775
1183,	0.000075,	0.000015,	0.000065,	0.000781
1184,	0.000075,	0.000015,	0.000075,	0.000788
1185,	0.000075,	0.000015,	0.000085,	0.000793
1186,	0.000075,	0.000015,	0.000095,	0.000798
1189,	0.000075,	0.000025,	0.000005,	0.000796
1190,	0.000075,	0.000025,	0.000015,	0.000787
1191,	0.000075,	0.000025,	0.000025,	0.000772
1192,	0.000075,	0.000025,	0.000035,	0.000742
1193,	0.000075,	0.000025,	0.000045,	0.000719
1194,	0.000075,	0.000025,	0.000055,	0.000720
1195,	0.000075,	0.000025,	0.000065,	0.000744
1196,	0.000075,	0.000025,	0.000075,	0.000773
1197,	0.000075,	0.000025,	0.000085,	0.000788
1198,	0.000075,	0.000025,	0.000095,	0.000796
1201,	0.000075,	0.000035,	0.000005,	0.000795
1202,	0.000075,	0.000035,	0.000015,	0.000779
1203,	0.000075,	0.000035,	0.000025,	0.000736
1204,	0.000075,	0.000035,	0.000035,	0.000687
1205,	0.000075,	0.000035,	0.000045,	0.000664
1206,	0.000075,	0.000035,	0.000055,	0.000665
1207,	0.000075,	0.000035,	0.000065,	0.000690
1208,	0.000075,	0.000035,	0.000075,	0.000740
1209,	0.000075,	0.000035,	0.000085,	0.000780
1210,	0.000075,	0.000035,	0.000095,	0.000795
1213,	0.000075,	0.000045,	0.000005,	0.000793
1214,	0.000075,	0.000045,	0.000015,	0.000770
1215,	0.000075,	0.000045,	0.000025,	0.000708
1216,	0.000075,	0.000045,	0.000035,	0.000660
1217,	0.000075,	0.000045,	0.000045,	0.000638
1218,	0.000075,	0.000045,	0.000055,	0.000638
1219,	0.000075,	0.000045,	0.000065,	0.000662
1220,	0.000075,	0.000045,	0.000075,	0.000712
1221,	0.000075,	0.000045,	0.000085,	0.000772
1222,	0.000075,	0.000045,	0.000095,	0.000794
1225,	0.000075,	0.000055,	0.000005,	0.000793
1226,	0.000075,	0.000055,	0.000015,	0.000769
1227,	0.000075,	0.000055,	0.000025,	0.000705
1228,	0.000075,	0.000055,	0.000035,	0.000656
1229,	0.000075,	0.000055,	0.000045,	0.000634
1230,	0.000075,	0.000055,	0.000055,	0.000635
1231,	0.000075,	0.000055,	0.000065,	0.000657
1232,	0.000075,	0.000055,	0.000075,	0.000708
1233,	0.000075,	0.000055,	0.000085,	0.000770
1234,	0.000075,	0.000055,	0.000095,	0.000793
1237,	0.000075,	0.000065,	0.000005,	0.000794
1238,	0.000075,	0.000065,	0.000015,	0.000776
1239,	0.000075,	0.000065,	0.000025,	0.000726
1240,	0.000075,	0.000065,	0.000035,	0.000676
1241,	0.000075,	0.000065,	0.000045,	0.000653
1242,	0.000075,	0.000065,	0.000055,	0.000653
1243,	0.000075,	0.000065,	0.000065,	0.000677
1244,	0.000075,	0.000065,	0.000075,	0.000728
1245,	0.000075,	0.000065,	0.000085,	0.000777
1246,	0.000075,	0.000065,	0.000095,	0.000794
1249,	0.000075,	0.000075,	0.000005,	0.000796
1250,	0.000075,	0.000075,	0.000015,	0.000785
1251,	0.000075,	0.000075,	0.000025,	0.000763
1252,	0.000075,	0.000075,	0.000035,	0.000722
1253,	0.000075,	0.000075,	0.000045,	0.000698
1254,	0.000075,	0.000075,	0.000055,	0.000699
1255,	0.000075,	0.000075,	0.000065,	0.000724
1256,	0.000075,	0.000075,	0.000075,	0.000765
1257,	0.000075,	0.000075,	0.000085,	0.000786
1258,	0.000075,	0.000075,	0.000095,	0.000796
1261,	0.000075,	0.000085,	0.000005,	0.000797
1262,	0.000075,	0.000085,	0.000015,	0.000792
1263,	0.000075,	0.000085,	0.000025,	0.000785
1264,	0.000075,	0.000085,	0.000035,	0.000774
1265,	0.000075,	0.000085,	0.000045,	0.000764
1266,	0.000075,	0.000085,	0.000055,	0.000765
1267,	0.000075,	0.000085,	0.000065,	0.000775
1268,	0.000075,	0.000085,	0.000075,	0.000785
1269,	0.000075,	0.000085,	0.000085,	0.000792
1270,	0.000075,	0.000085,	0.000095,	0.000797
1273,	0.000075,	0.000095,	0.000005,	0.000799
1274,	0.000075,	0.000095,	0.000015,	0.000797
1275,	0.000075,	0.000095,	0.000025,	0.000796
1276,	0.000075,	0.000095,	0.000035,	0.000794
1277,	0.000075,	0.000095,	0.000045,	0.000793
1278,	0.000075,	0.000095,	0.000055,	0.000793
1279,	0.000075,	0.000095,	0.000065,	0.000794
1280,	0.000075,	0.000095,	0.000075,	0.000796
1281,	0.000075,	0.000095,	0.000085,	0.000797
1282,	0.000075,	0.000095,	0.000095,	0.000799
1309,	0.000085,	0.000005,	0.000005,	0.000800
1310,	0.000085,	0.000005,	0.000015,	0.000799
1311,	0.000085,	0.000005,	0.000025,	0.000798
1312,	0.000085,	0.000005,	0.000035,	0.000797
1313,	0.000085,	0.000005,	0.000045,	0.000796
1314,	0.000085,	0.000005,	0.000055,	0.000796
1315,	0.000085,	0.000005,	0.000065,	0.000797
1316,	0.000085,	0.000005,	0.000075,	0.000798
1317,	0.000085,	0.000005,	0.000085,	0.000799
1318,	0.000085,	0.000005,	0.000095,	0.000800
1321,	0.000085,	0.000015,	0.000005,	0.000799
1322,	0.000085,	0.000015,	0.000015,	0.000796
1323,	0.000085,	0.000015,	0.000025,	0.000793
1324,	0.000085,	0.000015,	0.000035,	0.000790
1325,	0.000085,	0.000015,	0.000045,	0.000788
1326,	0.000085,	0.000015,	0.000055,	0.000789
1327,	0.000085,	0.000015,	0.000065,	0.000790
1328,	0.000085,	0.000015,	0.000075,	0.000793
1329,	0.000085,	0.000015,	0.000085,	0.000796
1330,	0.000085,	0.000015,	0.000095,	0.000799
1333,	0.000085,	0.000025,	0.000005,	0.000798
1334,	0.000085,	0.000025,	0.000015,	0.000793
1335,	0.000085,	0.000025,	0.000025,	0.000787
1336,	0.000085,	0.000025,	0.000035,	0.000780
1337,	0.000085,	0.000025,	0.000045,	0.000773
1338,	0.000085,	0.000025,	0.000055,	0.000774
1339,	0.000085,	0.000025,	0.000065,	0.000780
1340,	0.000085,	0.000025,	0.000075,	0.000788
1341,	0.000085,	0.000025,	0.000085,	0.000793
1342,	0.000085,	0.000025,	0.000095,	0.000798
1345,	0.000085,	0.000035,	0.000005,	0.000797
1346,	0.000085,	0.000035,	0.000015,	0.000790
1347,	0.000085,	0.000035,	0.000025,	0.000779
1348,	0.000085,	0.000035,	0.000035,	0.000759
1349,	0.000085,	0.000035,	0.000045,	0.000741
1350,	0.000085,	0.000035,	0.000055,	0.000743
1351,	0.000085,	0.000035,	0.000065,	0.000761
1352,	0.000085,	0.000035,	0.000075,	0.000780
1353,	0.000085,	0.000035,	0.000085,	0.000790
1354,	0.000085,	0.000035,	0.000095,	0.000797
1357,	0.000085,	0.000045,	0.000005,	0.000796
1358,	0.000085,	0.000045,	0.000015,	0.000787
1359,	0.000085,	0.000045,	0.000025,	0.000770
1360,	0.000085,	0.000045,	0.000035,	0.000737
1361,	0.000085,	0.000045,	0.000045,	0.000714
1362,	0.000085,	0.000045,	0.000055,	0.000715
1363,	0.000085,	0.000045,	0.000065,	0.000739
1364,	0.000085,	0.000045,	0.000075,	0.000771
1365,	0.000085,	0.000045,	0.000085,	0.000788
1366,	0.000085,	0.000045,	0.000095,	0.000796
1369,	0.000085,	0.000055,	0.000005,	0.000796
1370,	0.000085,	0.000055,	0.000015,	0.000787
1371,	0.000085,	0.000055,	0.000025,	0.000768
1372,	0.000085,	0.000055,	0.000035,	0.000733
1373,	0.000085,	0.000055,	0.000045,	0.000710
1374,	0.000085,	0.000055,	0.000055,	0.000711
1375,	0.000085,	0.000055,	0.000065,	0.000735
1376,	0.000085,	0.000055,	0.000075,	0.000770
1377,	0.000085,	0.000055,	0.000085,	0.000787
1378,	0.000085,	0.000055,	0.000095,	0.000796
1381,	0.000085,	0.000065,	0.000005,	0.000797
1382,	0.000085,	0.000065,	0.000015,	0.000789
1383,	0.000085,	0.000065,	0.000025,	0.000776
1384,	0.000085,	0.000065,	0.000035,	0.000751
1385,	0.000085,	0.000065,	0.000045,	0.000731
1386,	0.000085,	0.000065,	0.000055,	0.000731
1387,	0.000085,	0.000065,	0.000065,	0.000753
1388,	0.000085,	0.000065,	0.000075,	0.000777
1389,	0.000085,	0.000065,	0.000085,	0.000789
1390,	0.000085,	0.000065,	0.000095,	0.000797
1393,	0.000085,	0.000075,	0.000005,	0.000797
1394,	0.000085,	0.000075,	0.000015,	0.000792
1395,	0.000085,	0.000075,	0.000025,	0.000785
1396,	0.000085,	0.000075,	0.000035,	0.000775
1397,	0.000085,	0.000075,	0.000045,	0.000766
1398,	0.000085,	0.000075,	0.000055,	0.000766
1399,	0.000085,	0.000075,	0.000065,	0.000776
1400,	0.000085,	0.000075,	0.000075,	0.000786
1401,	0.000085,	0.000075,	0.000085,	0.000792
1402,	0.000085,	0.000075,	0.000095,	0.000797
1405,	0.000085,	0.000085,	0.000005,	0.000798
1406,	0.000085,	0.000085,	0.000015,	0.000795
1407,	0.000085,	0.000085,	0.000025,	0.000792
1408,	0.000085,	0.000085,	0.000035,	0.000789
1409,	0.000085,	0.000085,	0.000045,	0.000786
1410,	0.000085,	0.000085,	0.000055,	0.000786
1411,	0.000085,	0.000085,	0.000065,	0.000789
1412,	0.000085,	0.000085,	0.000075,	0.000792
1413,	0.000085,	0.000085,	0.000085,	0.000795
1414,	0.000085,	0.000085,	0.000095,	0.000798
1417,	0.000085,	0.000095,	0.000005,	0.000799
1418,	0.000085,	0.000095,	0.000015,	0.000798
1419,	0.000085,	0.000095,	0.000025,	0.000797
1420,	0.000085,	0.000095,	0.000035,	0.000796
1421,	0.000085,	0.000095,	0.000045,	0.000796
1422,	0.000085,	0.000095,	0.000055,	0.000796
1423,	0.000085,	0.000095,	0.000065,	0.000797
1424,	0.000085,	0.000095,	0.000075,	0.000797
1425,	0.000085,	0.000095,	0.000085,	0.000798
1426,	0.000085,	0.000095,	0.000095,	0.000799
1453,	0.000095,	0.000005,	0.000005,	0.000800
1454,	0.000095,	0.000005,	0.000015,	0.000800
1455,	0.000095,	0.000005,	0.000025,	0.000799
1456,	0.000095,	0.000005,	0.000035,	0.000799
1457,	0.000095,	0.000005,	0.000045,	0.000799
1458,	0.000095,	0.000005,	0.000055,	0.000799
1459,	0.000095,	0.000005,	0.000065,	0.000799
1460,	0.000095,	0.000005,	0.000075,	0.000799
1461,	0.000095,	0.000005,	0.000085,	0.000800
1462,	0.000095,	0.000005,	0.000095,	0.000800
1465,	0.000095,	0.000015,	0.000005,	0.000800
1466,	0.000095,	0.000015,	0.000015,	0.000799
1467,	0.000095,	0.000015,	0.000025,	0.000798
1468,	0.000095,	0.000015,	0.000035,	0.000797
1469,	0.000095,	0.000015,	0.000045,	0.000796
1470,	0.000095,	0.000015,	0.000055,	0.000796
1471,	0.000095,	0.000015,	0.000065,	0.000797
1472,	0.000095,	0.000015,	0.000075,	0.000798
1473,	0.000095,	0.000015,	0.000085,	0.000799
1474,	0.000095,	0.000015,	0.000095,	0.000800
1477,	0.000095,	0.000025,	0.000005,	0.000799
1478,	0.000095,	0.000025,	0.000015,	0.000798
1479,	0.000095,	0.000025,	0.000025,	0.000796
1480,	0.000095,	0.000025,	0.000035,	0.000795
1481,	0.000095,	0.000025,	0.000045,	0.000794
1482,	0.000095,	0.000025,	0.000055,	0.000794
1483,	0.000095,	0.000025,	0.000065,	0.000795
1484,	0.000095,	0.000025,	0.000075,	0.000796
1485,	0.000095,	0.000025,	0.000085,	0.000798
1486,	0.000095,	0.000025,	0.000095,	0.000799
1489,	0.000095,	0.000035,	0.000005,	0.000799
1490,	0.000095,	0.000035,	0.000015,	0.000797
1491,	0.000095,	0.000035,	0.000025,	0.000795
1492,	0.000095,	0.000035,	0.000035,	0.000792
1493,	0.000095,	0.000035,	0.000045,	0.000790
1494,	0.000095,	0.000035,	0.000055,	0.000790
1495,	0.000095,	0.000035,	0.000065,	0.000792
1496,	0.000095,	0.000035,	0.000075,	0.000795
1497,	0.000095,	0.000035,	0.000085,	0.000797
1498,	0.000095,	0.000035,	0.000095,	0.000799
1501,	0.000095,	0.000045,	0.000005,	0.000799
1502,	0.000095,	0.000045,	0.000015,	0.000796
1503,	0.000095,	0.000045,	0.000025,	0.000793
1504,	0.000095,	0.000045,	0.000035,	0.000789
1505,	0.000095,	0.000045,	0.000045,	0.000786
1506,	0.000095,	0.000045,	0.000055,	0.000786
1507,	0.000095,	0.000045,	0.000065,	0.000790
1508,	0.000095,	0.000045,	0.000075,	0.000794
1509,	0.000095,	0.000045,	0.000085,	0.000796
1510,	0.000095,	0.000045,	0.000095,	0.000799
1513,	0.000095,	0.000055,	0.000005,	0.000799
1514,	0.000095,	0.000055,	0.000015,	0.000796
1515,	0.000095,	0.000055,	0.000025,	0.000793
1516,	0.000095,	0.000055,	0.000035,	0.000789
1517,	0.000095,	0.000055,	0.000045,	0.000785
1518,	0.000095,	0.000055,	0.000055,	0.000785
1519,	0.000095,	0.000055,	0.000065,	0.000789
1520,	0.000095,	0.000055,	0.000075,	0.000793
1521,	0.000095,	0.000055,	0.000085,	0.000796
1522,	0.000095,	0.000055,	0.000095,	0.000799
1525,	0.000095,	0.000065,	0.000005,	0.000799
1526,	0.000095,	0.000065,	0.000015,	0.000797
1527,	0.000095,	0.000065,	0.000025,	0.000794
1528,	0.000095,	0.000065,	0.000035,	0.000791
1529,	0.000095,	0.000065,	0.000045,	0.000789
1530,	0.000095,	0.000065,	0.000055,	0.000789
1531,	0.000095,	0.000065,	0.000065,	0.000791
1532,	0.000095,	0.000065,	0.000075,	0.000794
1533,	0.000095,	0.000065,	0.000085,	0.000797
1534,	0.000095,	0.000065,	0.000095,	0.000799
1537,	0.000095,	0.000075,	0.000005,	0.000799
1538,	0.000095,	0.000075,	0.000015,	0.000797
1539,	0.000095,	0.000075,	0.000025,	0.000796
1540,	0.000095,	0.000075,	0.000035,	0.000794
1541,	0.000095,	0.000075,	0.000045,	0.000793
1542,	0.000095,	0.000075,	0.000055,	0.000793
1543,	0.000095,	0.000075,	0.000065,	0.000794
1544,	0.000095,	0.000075,	0.000075,	0.000796
1545,	0.000095,	0.000075,	0.000085,	0.000797
1546,	0.000095,	0.000075,	0.000095,	0.000799
1549,	0.000095,	0.000085,	0.000005,	0.000799
1550,	0.000095,	0.000085,	0.000015,	0.000798
1551,	0.000095,	0.000085,	0.000025,	0.000797
1552,	0.000095,	0.000085,	0.000035,	0.000797
1553,	0.000095,	0.000085,	0.000045,	0.000796
1554,	0.000095,	0.000085,	0.000055,	0.000796
1555,	0.000095,	0.000085,	0.000065,	0.000797
1556,	0.000095,	0.000085,	0.000075,	0.000797
1557,	0.000095,	0.000085,	0.000085,	0.000798
1558,	0.000095,	0.000085,	0.000095,	0.000799
1561,	0.000095,	0.000095,	0.000005,	0.000800
1562,	0.000095,	0.000095,	0.000015,	0.000799
1563,	0.000095,	0.000095,	0.000025,	0.000799
1564,	0.000095,	0.000095,	0.000035,	0.000799
1565,	0.000095,	0.000095,	0.000045,	0.000799
1566,	0.000095,	0.000095,	0.000055,	0.000799
1567,	0.000095,	0.000095,	0.000065,	0.000799
1568,	0.000095,	0.000095,	0.000075,	0.000799
1569,	0.000095,	0.000095,	0.000085,	0.000799
1570,	0.000095,	0.000095,	0.000095,	0.000800
