,x,y,z,scalar,1,1,1,0.5
157,	0.000005,	0.000005,	0.000005,	0.000800
158,	0.000005,	0.000005,	0.000015,	0.000800
159,	0.000005,	0.000005,	0.000025,	0.000800
160,	0.000005,	0.000005,	0.000035,	0.000800
161,	0.000005,	0.000005,	0.000045,	0.000800
162,	0.000005,	0.000005,	0.000055,	0.000800
163,	0.000005,	0.000005,	0.000065,	0.000800
164,	0.000005,	0.000005,	0.000075,	0.000800
165,	0.000005,	0.000005,	0.000085,	0.000800
166,	0.000005,	0.000005,	0.000095,	0.000800
169,	0.000005,	0.000015,	0.000005,	0.000800
170,	0.000005,	0.000015,	0.000015,	0.000800
171,	0.000005,	0.000015,	0.000025,	0.000799
172,	0.000005,	0.000015,	0.000035,	0.000799
173,	0.000005,	0.000015,	0.000045,	0.000799
174,	0.000005,	0.000015,	0.000055,	0.000799
175,	0.000005,	0.000015,	0.000065,	0.000799
176,	0.000005,	0.000015,	0.000075,	0.000799
177,	0.000005,	0.000015,	0.000085,	0.000800
178,	0.000005,	0.000015,	0.000095,	0.000800
181,	0.000005,	0.000025,	0.000005,	0.000800
182,	0.000005,	0.000025,	0.000015,	0.000799
183,	0.000005,	0.000025,	0.000025,	0.000799
184,	0.000005,	0.000025,	0.000035,	0.000798
185,	0.000005,	0.000025,	0.000045,	0.000798
186,	0.000005,	0.000025,	0.000055,	0.000798
187,	0.000005,	0.000025,	0.000065,	0.000798
188,	0.000005,	0.000025,	0.000075,	0.000799
189,	0.000005,	0.000025,	0.000085,	0.000799
190,	0.000005,	0.000025,	0.000095,	0.000800
193,	0.000005,	0.000035,	0.000005,	0.000800
194,	0.000005,	0.000035,	0.000015,	0.000799
195,	0.000005,	0.000035,	0.000025,	0.000798
196,	0.000005,	0.000035,	0.000035,	0.000798
197,	0.000005,	0.000035,	0.000045,	0.000797
198,	0.000005,	0.000035,	0.000055,	0.000797
199,	0.000005,	0.000035,	0.000065,	0.000798
200,	0.000005,	0.000035,	0.000075,	0.000798
201,	0.000005,	0.000035,	0.000085,	0.000799
202,	0.000005,	0.000035,	0.000095,	0.000800
205,	0.000005,	0.000045,	0.000005,	0.000800
206,	0.000005,	0.000045,	0.000015,	0.000799
207,	0.000005,	0.000045,	0.000025,	0.000798
208,	0.000005,	0.000045,	0.000035,	0.000797
209,	0.000005,	0.000045,	0.000045,	0.000797
210,	0.000005,	0.000045,	0.000055,	0.000797
211,	0.000005,	0.000045,	0.000065,	0.000797
212,	0.000005,	0.000045,	0.000075,	0.000798
213,	0.000005,	0.000045,	0.000085,	0.000799
214,	0.000005,	0.000045,	0.000095,	0.000800
217,	0.000005,	0.000055,	0.000005,	0.000800
218,	0.000005,	0.000055,	0.000015,	0.000799
219,	0.000005,	0.000055,	0.000025,	0.000798
220,	0.000005,	0.000055,	0.000035,	0.000797
221,	0.000005,	0.000055,	0.000045,	0.000796
222,	0.000005,	0.000055,	0.000055,	0.000796
223,	0.000005,	0.000055,	0.000065,	0.000797
224,	0.000005,	0.000055,	0.000075,	0.000798
225,	0.000005,	0.000055,	0.000085,	0.000799
226,	0.000005,	0.000055,	0.000095,	0.000800
229,	0.000005,	0.000065,	0.000005,	0.000800
230,	0.000005,	0.000065,	0.000015,	0.000799
231,	0.000005,	0.000065,	0.000025,	0.000798
232,	0.000005,	0.000065,	0.000035,	0.000798
233,	0.000005,	0.000065,	0.000045,	0.000797
234,	0.000005,	0.000065,	0.000055,	0.000797
235,	0.000005,	0.000065,	0.000065,	0.000798
236,	0.000005,	0.000065,	0.000075,	0.000798
237,	0.000005,	0.000065,	0.000085,	0.000799
238,	0.000005,	0.000065,	0.000095,	0.000800
241,	0.000005,	0.000075,	0.000005,	0.000800
242,	0.000005,	0.000075,	0.000015,	0.000799
243,	0.000005,	0.000075,	0.000025,	0.000799
244,	0.000005,	0.000075,	0.000035,	0.000798
245,	0.000005,	0.000075,	0.000045,	0.000798
246,	0.000005,	0.000075,	0.000055,	0.000798
247,	0.000005,	0.000075,	0.000065,	0.000798
248,	0.000005,	0.000075,	0.000075,	0.000799
249,	0.000005,	0.000075,	0.000085,	0.000799
250,	0.000005,	0.000075,	0.000095,	0.000800
253,	0.000005,	0.000085,	0.000005,	0.000800
254,	0.000005,	0.000085,	0.000015,	0.000800
255,	0.000005,	0.000085,	0.000025,	0.000799
256,	0.000005,	0.000085,	0.000035,	0.000799
257,	0.000005,	0.000085,	0.000045,	0.000799
258,	0.000005,	0.000085,	0.000055,	0.000799
259,	0.000005,	0.000085,	0.000065,	0.000799
260,	0.000005,	0.000085,	0.000075,	0.000799
261,	0.000005,	0.000085,	0.000085,	0.000800
262,	0.000005,	0.000085,	0.000095,	0.000800
265,	0.000005,	0.000095,	0.000005,	0.000800
266,	0.000005,	0.000095,	0.000015,	0.000800
267,	0.000005,	0.000095,	0.000025,	0.000800
268,	0.000005,	0.000095,	0.000035,	0.000800
269,	0.000005,	0.000095,	0.000045,	0.000800
270,	0.000005,	0.000095,	0.000055,	0.000800
271,	0.000005,	0.000095,	0.000065,	0.000800
272,	0.000005,	0.000095,	0.000075,	0.000800
273,	0.000005,	0.000095,	0.000085,	0.000800
274,	0.000005,	0.000095,	0.000095,	0.000800
301,	0.000015,	0.000005,	0.000005,	0.000800
302,	0.000015,	0.000005,	0.000015,	0.000800
303,	0.000015,	0.000005,	0.000025,	0.000799
304,	0.000015,	0.000005,	0.000035,	0.000799
305,	0.000015,	0.000005,	0.000045,	0.000799
306,	0.000015,	0.000005,	0.000055,	0.000799
307,	0.000015,	0.000005,	0.000065,	0.000799
308,	0.000015,	0.000005,	0.000075,	0.000799
309,	0.000015,	0.000005,	0.000085,	0.000800
310,	0.000015,	0.000005,	0.000095,	0.000800
313,	0.000015,	0.000015,	0.000005,	0.000800
314,	0.000015,	0.000015,	0.000015,	0.000799
315,	0.000015,	0.000015,	0.000025,	0.000798
316,	0.000015,	0.000015,	0.000035,	0.000797
317,	0.000015,	0.000015,	0.000045,	0.000797
318,	0.000015,	0.000015,	0.000055,	0.000797
319,	0.000015,	0.000015,	0.000065,	0.000797
320,	0.000015,	0.000015,	0.000075,	0.000798
321,	0.000015,	0.000015,	0.000085,	0.000799
322,	0.000015,	0.000015,	0.000095,	0.000800
325,	0.000015,	0.000025,	0.000005,	0.000799
326,	0.000015,	0.000025,	0.000015,	0.000798
327,	0.000015,	0.000025,	0.000025,	0.000796
328,	0.000015,	0.000025,	0.000035,	0.000795
329,	0.000015,	0.000025,	0.000045,	0.000794
330,	0.000015,	0.000025,	0.000055,	0.000794
331,	0.000015,	0.000025,	0.000065,	0.000795
332,	0.000015,	0.000025,	0.000075,	0.000796
333,	0.000015,	0.000025,	0.000085,	0.000798
334,	0.000015,	0.000025,	0.000095,	0.000799
337,	0.000015,	0.000035,	0.000005,	0.000799
338,	0.000015,	0.000035,	0.000015,	0.000797
339,	0.000015,	0.000035,	0.000025,	0.000795
340,	0.000015,	0.000035,	0.000035,	0.000793
341,	0.000015,	0.000035,	0.000045,	0.000791
342,	0.000015,	0.000035,	0.000055,	0.000791
343,	0.000015,	0.000035,	0.000065,	0.000793
344,	0.000015,	0.000035,	0.000075,	0.000795
345,	0.000015,	0.000035,	0.000085,	0.000797
346,	0.000015,	0.000035,	0.000095,	0.000799
349,	0.000015,	0.000045,	0.000005,	0.000799
350,	0.000015,	0.000045,	0.000015,	0.000796
351,	0.000015,	0.000045,	0.000025,	0.000794
352,	0.000015,	0.000045,	0.000035,	0.000791
353,	0.000015,	0.000045,	0.000045,	0.000788
354,	0.000015,	0.000045,	0.000055,	0.000788
355,	0.000015,	0.000045,	0.000065,	0.000791
356,	0.000015,	0.000045,	0.000075,	0.000794
357,	0.000015,	0.000045,	0.000085,	0.000796
358,	0.000015,	0.000045,	0.000095,	0.000799
361,	0.000015,	0.000055,	0.000005,	0.000799
362,	0.000015,	0.000055,	0.000015,	0.000796
363,	0.000015,	0.000055,	0.000025,	0.000793
364,	0.000015,	0.000055,	0.000035,	0.000791
365,	0.000015,	0.000055,	0.000045,	0.000788
366,	0.000015,	0.000055,	0.000055,	0.000788
367,	0.000015,	0.000055,	0.000065,	0.000791
368,	0.000015,	0.000055,	0.000075,	0.000794
369,	0.000015,	0.000055,	0.000085,	0.000796
370,	0.000015,	0.000055,	0.000095,	0.000799
373,	0.000015,	0.000065,	0.000005,	0.000799
374,	0.000015,	0.000065,	0.000015,	0.000797
375,	0.000015,	0.000065,	0.000025,	0.000794
376,	0.000015,	0.000065,	0.000035,	0.000792
377,	0.000015,	0.000065,	0.000045,	0.000790
378,	0.000015,	0.000065,	0.000055,	0.000790
379,	0.000015,	0.000065,	0.000065,	0.000792
380,	0.000015,	0.000065,	0.000075,	0.000794
381,	0.000015,	0.000065,	0.000085,	0.000797
382,	0.000015,	0.000065,	0.000095,	0.000799
385,	0.000015,	0.000075,	0.000005,	0.000799
386,	0.000015,	0.000075,	0.000015,	0.000798
387,	0.000015,	0.000075,	0.000025,	0.000796
388,	0.000015,	0.000075,	0.000035,	0.000794
389,	0.000015,	0.000075,	0.000045,	0.000793
390,	0.000015,	0.000075,	0.000055,	0.000793
391,	0.000015,	0.000075,	0.000065,	0.000794
392,	0.000015,	0.000075,	0.000075,	0.000796
393,	0.000015,	0.000075,	0.000085,	0.000798
394,	0.000015,	0.000075,	0.000095,	0.000799
397,	0.000015,	0.000085,	0.000005,	0.000800
398,	0.000015,	0.000085,	0.000015,	0.000799
399,	0.000015,	0.000085,	0.000025,	0.000798
400,	0.000015,	0.000085,	0.000035,	0.000797
401,	0.000015,	0.000085,	0.000045,	0.000796
402,	0.000015,	0.000085,	0.000055,	0.000796
403,	0.000015,	0.000085,	0.000065,	0.000797
404,	0.000015,	0.000085,	0.000075,	0.000798
405,	0.000015,	0.000085,	0.000085,	0.000799
406,	0.000015,	0.000085,	0.000095,	0.000800
409,	0.000015,	0.000095,	0.000005,	0.000800
410,	0.000015,	0.000095,	0.000015,	0.000800
411,	0.000015,	0.000095,	0.000025,	0.000799
412,	0.000015,	0.000095,	0.000035,	0.000799
413,	0.000015,	0.000095,	0.000045,	0.000799
414,	0.000015,	0.000095,	0.000055,	0.000799
415,	0.000015,	0.000095,	0.000065,	0.000799
416,	0.000015,	0.000095,	0.000075,	0.000799
417,	0.000015,	0.000095,	0.000085,	0.000800
418,	0.000015,	0.000095,	0.000095,	0.000800
445,	0.000025,	0.000005,	0.000005,	0.000800
446,	0.000025,	0.000005,	0.000015,	0.000799
447,	0.000025,	0.000005,	0.000025,	0.000799
448,	0.000025,	0.000005,	0.000035,	0.000798
449,	0.000025,	0.000005,	0.000045,	0.000798
450,	0.000025,	0.000005,	0.000055,	0.000798
451,	0.000025,	0.000005,	0.000065,	0.000798
452,	0.000025,	0.000005,	0.000075,	0.000799
453,	0.000025,	0.000005,	0.000085,	0.000799
454,	0.000025,	0.000005,	0.000095,	0.000800
457,	0.000025,	0.000015,	0.000005,	0.000799
458,	0.000025,	0.000015,	0.000015,	0.000798
459,	0.000025,	0.000015,	0.000025,	0.000796
460,	0.000025,	0.000015,	0.000035,	0.000795
461,	0.000025,	0.000015,	0.000045,	0.000794
462,	0.000025,	0.000015,	0.000055,	0.000794
463,	0.000025,	0.000015,	0.000065,	0.000795
464,	0.000025,	0.000015,	0.000075,	0.000796
465,	0.000025,	0.000015,	0.000085,	0.000798
466,	0.000025,	0.000015,	0.000095,	0.000799
469,	0.000025,	0.000025,	0.000005,	0.000799
470,	0.000025,	0.000025,	0.000015,	0.000796
471,	0.000025,	0.000025,	0.000025,	0.000793
472,	0.000025,	0.000025,	0.000035,	0.000791
473,	0.000025,	0.000025,	0.000045,	0.000789
474,	0.000025,	0.000025,	0.000055,	0.000789
475,	0.000025,	0.000025,	0.000065,	0.000791
476,	0.000025,	0.000025,	0.000075,	0.000794
477,	0.000025,	0.000025,	0.000085,	0.000796
478,	0.000025,	0.000025,	0.000095,	0.000799
481,	0.000025,	0.000035,	0.000005,	0.000798
482,	0.000025,	0.000035,	0.000015,	0.000795
483,	0.000025,	0.000035,	0.000025,	0.000791
484,	0.000025,	0.000035,	0.000035,	0.000785
485,	0.000025,	0.000035,	0.000045,	0.000780
486,	0.000025,	0.000035,	0.000055,	0.000780
487,	0.000025,	0.000035,	0.000065,	0.000785
488,	0.000025,	0.000035,	0.000075,	0.000791
489,	0.000025,	0.000035,	0.000085,	0.000795
490,	0.000025,	0.000035,	0.000095,	0.000798
493,	0.000025,	0.000045,	0.000005,	0.000798
494,	0.000025,	0.000045,	0.000015,	0.000794
495,	0.000025,	0.000045,	0.000025,	0.000788
496,	0.000025,	0.000045,	0.000035,	0.000778
497,	0.000025,	0.000045,	0.000045,	0.000766
498,	0.000025,	0.000045,	0.000055,	0.000767
499,	0.000025,	0.000045,	0.000065,	0.000779
500,	0.000025,	0.000045,	0.000075,	0.000788
501,	0.000025,	0.000045,	0.000085,	0.000794
502,	0.000025,	0.000045,	0.000095,	0.000798
505,	0.000025,	0.000055,	0.000005,	0.000798
506,	0.000025,	0.000055,	0.000015,	0.000793
507,	0.000025,	0.000055,	0.000025,	0.000788
508,	0.000025,	0.000055,	0.000035,	0.000777
509,	0.000025,	0.000055,	0.000045,	0.000764
510,	0.000025,	0.000055,	0.000055,	0.000764
511,	0.000025,	0.000055,	0.000065,	0.000777
512,	0.000025,	0.000055,	0.000075,	0.000788
513,	0.000025,	0.000055,	0.000085,	0.000794
514,	0.000025,	0.000055,	0.000095,	0.000798
517,	0.000025,	0.000065,	0.000005,	0.000798
518,	0.000025,	0.000065,	0.000015,	0.000794
519,	0.000025,	0.000065,	0.000025,	0.000790
520,	0.000025,	0.000065,	0.000035,	0.000783
521,	0.000025,	0.000065,	0.000045,	0.000776
522,	0.000025,	0.000065,	0.000055,	0.000776
523,	0.000025,	0.000065,	0.000065,	0.000784
524,	0.000025,	0.000065,	0.000075,	0.000790
525,	0.000025,	0.000065,	0.000085,	0.000794
526,	0.000025,	0.000065,	0.000095,	0.000798
529,	0.000025,	0.000075,	0.000005,	0.000799
530,	0.000025,	0.000075,	0.000015,	0.000796
531,	0.000025,	0.000075,	0.000025,	0.000793
532,	0.000025,	0.000075,	0.000035,	0.000790
533,	0.000025,	0.000075,	0.000045,	0.000787
534,	0.000025,	0.000075,	0.000055,	0.000787
535,	0.000025,	0.000075,	0.000065,	0.000790
536,	0.000025,	0.000075,	0.000075,	0.000793
537,	0.000025,	0.000075,	0.000085,	0.000796
538,	0.000025,	0.000075,	0.000095,	0.000799
541,	0.000025,	0.000085,	0.000005,	0.000799
542,	0.000025,	0.000085,	0.000015,	0.000798
543,	0.000025,	0.000085,	0.000025,	0.000796
544,	0.000025,	0.000085,	0.000035,	0.000794
545,	0.000025,	0.000085,	0.000045,	0.000793
546,	0.000025,	0.000085,	0.000055,	0.000793
547,	0.000025,	0.000085,	0.000065,	0.000794
548,	0.000025,	0.000085,	0.000075,	0.000796
549,	0.000025,	0.000085,	0.000085,	0.000798
550,	0.000025,	0.000085,	0.000095,	0.000799
553,	0.000025,	0.000095,	0.000005,	0.000800
554,	0.000025,	0.000095,	0.000015,	0.000799
555,	0.000025,	0.000095,	0.000025,	0.000799
556,	0.000025,	0.000095,	0.000035,	0.000798
557,	0.000025,	0.000095,	0.000045,	0.000798
558,	0.000025,	0.000095,	0.000055,	0.000798
559,	0.000025,	0.000095,	0.000065,	0.000798
560,	0.000025,	0.000095,	0.000075,	0.000799
561,	0.000025,	0.000095,	0.000085,	0.000799
562,	0.000025,	0.000095,	0.000095,	0.000800
589,	0.000035,	0.000005,	0.000005,	0.000800
590,	0.000035,	0.000005,	0.000015,	0.000799
591,	0.000035,	0.000005,	0.000025,	0.000798
592,	0.000035,	0.000005,	0.000035,	0.000798
593,	0.000035,	0.000005,	0.000045,	0.000797
594,	0.000035,	0.000005,	0.000055,	0.000797
595,	0.000035,	0.000005,	0.000065,	0.000798
596,	0.000035,	0.000005,	0.000075,	0.000798
597,	0.000035,	0.000005,	0.000085,	0.000799
598,	0.000035,	0.000005,	0.000095,	0.000800
601,	0.000035,	0.000015,	0.000005,	0.000799
602,	0.000035,	0.000015,	0.000015,	0.000797
603,	0.000035,	0.000015,	0.000025,	0.000795
604,	0.000035,	0.000015,	0.000035,	0.000793
605,	0.000035,	0.000015,	0.000045,	0.000791
606,	0.000035,	0.000015,	0.000055,	0.000791
607,	0.000035,	0.000015,	0.000065,	0.000793
608,	0.000035,	0.000015,	0.000075,	0.000795
609,	0.000035,	0.000015,	0.000085,	0.000797
610,	0.000035,	0.000015,	0.000095,	0.000799
613,	0.000035,	0.000025,	0.000005,	0.000798
614,	0.000035,	0.000025,	0.000015,	0.000795
615,	0.000035,	0.000025,	0.000025,	0.000791
616,	0.000035,	0.000025,	0.000035,	0.000786
617,	0.000035,	0.000025,	0.000045,	0.000780
618,	0.000035,	0.000025,	0.000055,	0.000780
619,	0.000035,	0.000025,	0.000065,	0.000786
620,	0.000035,	0.000025,	0.000075,	0.000791
621,	0.000035,	0.000025,	0.000085,	0.000795
622,	0.000035,	0.000025,	0.000095,	0.000798
625,	0.000035,	0.000035,	0.000005,	0.000798
626,	0.000035,	0.000035,	0.000015,	0.000792
627,	0.000035,	0.000035,	0.000025,	0.000785
628,	0.000035,	0.000035,	0.000035,	0.000768
629,	0.000035,	0.000035,	0.000045,	0.000744
630,	0.000035,	0.000035,	0.000055,	0.000745
631,	0.000035,	0.000035,	0.000065,	0.000769
632,	0.000035,	0.000035,	0.000075,	0.000785
633,	0.000035,	0.000035,	0.000085,	0.000793
634,	0.000035,	0.000035,	0.000095,	0.000798
637,	0.000035,	0.000045,	0.000005,	0.000797
638,	0.000035,	0.000045,	0.000015,	0.000791
639,	0.000035,	0.000045,	0.000025,	0.000778
640,	0.000035,	0.000045,	0.000035,	0.000739
641,	0.000035,	0.000045,	0.000045,	0.000704
642,	0.000035,	0.000045,	0.000055,	0.000705
643,	0.000035,	0.000045,	0.000065,	0.000740
644,	0.000035,	0.000045,	0.000075,	0.000779
645,	0.000035,	0.000045,	0.000085,	0.000791
646,	0.000035,	0.000045,	0.000095,	0.000797
649,	0.000035,	0.000055,	0.000005,	0.000797
650,	0.000035,	0.000055,	0.000015,	0.000790
651,	0.000035,	0.000055,	0.000025,	0.000776
652,	0.000035,	0.000055,	0.000035,	0.000733
653,	0.000035,	0.000055,	0.000045,	0.000699
654,	0.000035,	0.000055,	0.000055,	0.000699
655,	0.000035,	0.000055,	0.000065,	0.000735
656,	0.000035,	0.000055,	0.000075,	0.000777
657,	0.000035,	0.000055,	0.000085,	0.000791
658,	0.000035,	0.000055,	0.000095,	0.000797
661,	0.000035,	0.000065,	0.000005,	0.000797
662,	0.000035,	0.000065,	0.000015,	0.000792
663,	0.000035,	0.000065,	0.000025,	0.000783
664,	0.000035,	0.000065,	0.000035,	0.000759
665,	0.000035,	0.000065,	0.000045,	0.000729
666,	0.000035,	0.000065,	0.000055,	0.000729
667,	0.000035,	0.000065,	0.000065,	0.000759
668,	0.000035,	0.000065,	0.000075,	0.000783
669,	0.000035,	0.000065,	0.000085,	0.000792
670,	0.000035,	0.000065,	0.000095,	0.000798
673,	0.000035,	0.000075,	0.000005,	0.000798
674,	0.000035,	0.000075,	0.000015,	0.000794
675,	0.000035,	0.000075,	0.000025,	0.000790
676,	0.000035,	0.000075,	0.000035,	0.000783
677,	0.000035,	0.000075,	0.000045,	0.000774
678,	0.000035,	0.000075,	0.000055,	0.000774
679,	0.000035,	0.000075,	0.000065,	0.000783
680,	0.000035,	0.000075,	0.000075,	0.000790
681,	0.000035,	0.000075,	0.000085,	0.000794
682,	0.000035,	0.000075,	0.000095,	0.000798
685,	0.000035,	0.000085,	0.000005,	0.000799
686,	0.000035,	0.000085,	0.000015,	0.000797
687,	0.000035,	0.000085,	0.000025,	0.000794
688,	0.000035,	0.000085,	0.000035,	0.000792
689,	0.000035,	0.000085,	0.000045,	0.000790
690,	0.000035,	0.000085,	0.000055,	0.000790
691,	0.000035,	0.000085,	0.000065,	0.000792
692,	0.000035,	0.000085,	0.000075,	0.000794
693,	0.000035,	0.000085,	0.000085,	0.000797
694,	0.000035,	0.000085,	0.000095,	0.000799
697,	0.000035,	0.000095,	0.000005,	0.000800
698,	0.000035,	0.000095,	0.000015,	0.000799
699,	0.000035,	0.000095,	0.000025,	0.000798
700,	0.000035,	0.000095,	0.000035,	0.000797
701,	0.000035,	0.000095,	0.000045,	0.000797
702,	0.000035,	0.000095,	0.000055,	0.000797
703,	0.000035,	0.000095,	0.000065,	0.000797
704,	0.000035,	0.000095,	0.000075,	0.000798
705,	0.000035,	0.000095,	0.000085,	0.000799
706,	0.000035,	0.000095,	0.000095,	0.000800
733,	0.000045,	0.000005,	0.000005,	0.000800
734,	0.000045,	0.000005,	0.000015,	0.000799
735,	0.000045,	0.000005,	0.000025,	0.000798
736,	0.000045,	0.000005,	0.000035,	0.000797
737,	0.000045,	0.000005,	0.000045,	0.000797
738,	0.000045,	0.000005,	0.000055,	0.000797
739,	0.000045,	0.000005,	0.000065,	0.000797
740,	0.000045,	0.000005,	0.000075,	0.000798
741,	0.000045,	0.000005,	0.000085,	0.000799
742,	0.000045,	0.000005,	0.000095,	0.000800
745,	0.000045,	0.000015,	0.000005,	0.000799
746,	0.000045,	0.000015,	0.000015,	0.000796
747,	0.000045,	0.000015,	0.000025,	0.000794
748,	0.000045,	0.000015,	0.000035,	0.000791
749,	0.000045,	0.000015,	0.000045,	0.000789
750,	0.000045,	0.000015,	0.000055,	0.000789
751,	0.000045,	0.000015,	0.000065,	0.000791
752,	0.000045,	0.000015,	0.000075,	0.000794
753,	0.000045,	0.000015,	0.000085,	0.000797
754,	0.000045,	0.000015,	0.000095,	0.000799
757,	0.000045,	0.000025,	0.000005,	0.000798
758,	0.000045,	0.000025,	0.000015,	0.000794
759,	0.000045,	0.000025,	0.000025,	0.000789
760,	0.000045,	0.000025,	0.000035,	0.000780
761,	0.000045,	0.000025,	0.000045,	0.000769
762,	0.000045,	0.000025,	0.000055,	0.000769
763,	0.000045,	0.000025,	0.000065,	0.000780
764,	0.000045,	0.000025,	0.000075,	0.000789
765,	0.000045,	0.000025,	0.000085,	0.000794
766,	0.000045,	0.000025,	0.000095,	0.000798
769,	0.000045,	0.000035,	0.000005,	0.000797
770,	0.000045,	0.000035,	0.000015,	0.000791
771,	0.000045,	0.000035,	0.000025,	0.000779
772,	0.000045,	0.000035,	0.000035,	0.000742
773,	0.000045,	0.000035,	0.000045,	0.000708
774,	0.000045,	0.000035,	0.000055,	0.000709
775,	0.000045,	0.000035,	0.000065,	0.000744
776,	0.000045,	0.000035,	0.000075,	0.000779
777,	0.000045,	0.000035,	0.000085,	0.000791
778,	0.000045,	0.000035,	0.000095,	0.000797
781,	0.000045,	0.000045,	0.000005,	0.000796
782,	0.000045,	0.000045,	0.000015,	0.000788
783,	0.000045,	0.000045,	0.000025,	0.000763
784,	0.000045,	0.000045,	0.000035,	0.000701
785,	0.000045,	0.000045,	0.000045,	0.000667
786,	0.000045,	0.000045,	0.000055,	0.000668
787,	0.000045,	0.000045,	0.000065,	0.000703
788,	0.000045,	0.000045,	0.000075,	0.000765
789,	0.000045,	0.000045,	0.000085,	0.000788
790,	0.000045,	0.000045,	0.000095,	0.000797
793,	0.000045,	0.000055,	0.000005,	0.000796
794,	0.000045,	0.000055,	0.000015,	0.000787
795,	0.000045,	0.000055,	0.000025,	0.000761
796,	0.000045,	0.000055,	0.000035,	0.000696
797,	0.000045,	0.000055,	0.000045,	0.000662
798,	0.000045,	0.000055,	0.000055,	0.000663
799,	0.000045,	0.000055,	0.000065,	0.000697
800,	0.000045,	0.000055,	0.000075,	0.000763
801,	0.000045,	0.000055,	0.000085,	0.000788
802,	0.000045,	0.000055,	0.000095,	0.000796
805,	0.000045,	0.000065,	0.000005,	0.000797
806,	0.000045,	0.000065,	0.000015,	0.000790
807,	0.000045,	0.000065,	0.000025,	0.000774
808,	0.000045,	0.000065,	0.000035,	0.000726
809,	0.000045,	0.000065,	0.000045,	0.000691
810,	0.000045,	0.000065,	0.000055,	0.000692
811,	0.000045,	0.000065,	0.000065,	0.000728
812,	0.000045,	0.000065,	0.000075,	0.000775
813,	0.000045,	0.000065,	0.000085,	0.000790
814,	0.000045,	0.000065,	0.000095,	0.000797
817,	0.000045,	0.000075,	0.000005,	0.000798
818,	0.000045,	0.000075,	0.000015,	0.000793
819,	0.000045,	0.000075,	0.000025,	0.000787
820,	0.000045,	0.000075,	0.000035,	0.000773
821,	0.000045,	0.000075,	0.000045,	0.000755
822,	0.000045,	0.000075,	0.000055,	0.000756
823,	0.000045,	0.000075,	0.000065,	0.000774
824,	0.000045,	0.000075,	0.000075,	0.000787
825,	0.000045,	0.000075,	0.000085,	0.000793
826,	0.000045,	0.000075,	0.000095,	0.000798
829,	0.000045,	0.000085,	0.000005,	0.000799
830,	0.000045,	0.000085,	0.000015,	0.000796
831,	0.000045,	0.000085,	0.000025,	0.000793
832,	0.000045,	0.000085,	0.000035,	0.000790
833,	0.000045,	0.000085,	0.000045,	0.000786
834,	0.000045,	0.000085,	0.000055,	0.000786
835,	0.000045,	0.000085,	0.000065,	0.000790
836,	0.000045,	0.000085,	0.000075,	0.000793
837,	0.000045,	0.000085,	0.000085,	0.000796
838,	0.000045,	0.000085,	0.000095,	0.000799
841,	0.000045,	0.000095,	0.000005,	0.000800
842,	0.000045,	0.000095,	0.000015,	0.000799
843,	0.000045,	0.000095,	0.000025,	0.000798
844,	0.000045,	0.000095,	0.000035,	0.000797
845,	0.000045,	0.000095,	0.000045,	0.000796
846,	0.000045,	0.000095,	0.000055,	0.000796
847,	0.000045,	0.000095,	0.000065,	0.000797
848,	0.000045,	0.000095,	0.000075,	0.000798
849,	0.000045,	0.000095,	0.000085,	0.000799
850,	0.000045,	0.000095,	0.000095,	0.000800
877,	0.000055,	0.000005,	0.000005,	0.000800
878,	0.000055,	0.000005,	0.000015,	0.000799
879,	0.000055,	0.000005,	0.000025,	0.000798
880,	0.000055,	0.000005,	0.000035,	0.000797
881,	0.000055,	0.000005,	0.000045,	0.000797
882,	0.000055,	0.000005,	0.000055,	0.000797
883,	0.000055,	0.000005,	0.000065,	0.000797
884,	0.000055,	0.000005,	0.000075,	0.000798
885,	0.000055,	0.000005,	0.000085,	0.000799
886,	0.000055,	0.000005,	0.000095,	0.000800
889,	0.000055,	0.000015,	0.000005,	0.000799
890,	0.000055,	0.000015,	0.000015,	0.000796
891,	0.000055,	0.000015,	0.000025,	0.000794
892,	0.000055,	0.000015,	0.000035,	0.000791
893,	0.000055,	0.000015,	0.000045,	0.000789
894,	0.000055,	0.000015,	0.000055,	0.000789
895,	0.000055,	0.000015,	0.000065,	0.000791
896,	0.000055,	0.000015,	0.000075,	0.000794
897,	0.000055,	0.000015,	0.000085,	0.000796
898,	0.000055,	0.000015,	0.000095,	0.000799
901,	0.000055,	0.000025,	0.000005,	0.000798
902,	0.000055,	0.000025,	0.000015,	0.000794
903,	0.000055,	0.000025,	0.000025,	0.000788
904,	0.000055,	0.000025,	0.000035,	0.000779
905,	0.000055,	0.000025,	0.000045,	0.000768
906,	0.000055,	0.000025,	0.000055,	0.000769
907,	0.000055,	0.000025,	0.000065,	0.000780
908,	0.000055,	0.000025,	0.000075,	0.000789
909,	0.000055,	0.000025,	0.000085,	0.000794
910,	0.000055,	0.000025,	0.000095,	0.000798
913,	0.000055,	0.000035,	0.000005,	0.000797
914,	0.000055,	0.000035,	0.000015,	0.000791
915,	0.000055,	0.000035,	0.000025,	0.000778
916,	0.000055,	0.000035,	0.000035,	0.000740
917,	0.000055,	0.000035,	0.000045,	0.000706
918,	0.000055,	0.000035,	0.000055,	0.000707
919,	0.000055,	0.000035,	0.000065,	0.000743
920,	0.000055,	0.000035,	0.000075,	0.000779
921,	0.000055,	0.000035,	0.000085,	0.000791
922,	0.000055,	0.000035,	0.000095,	0.000797
925,	0.000055,	0.000045,	0.000005,	0.000796
926,	0.000055,	0.000045,	0.000015,	0.000788
927,	0.000055,	0.000045,	0.000025,	0.000763
928,	0.000055,	0.000045,	0.000035,	0.000699
929,	0.000055,	0.000045,	0.000045,	0.000666
930,	0.000055,	0.000045,	0.000055,	0.000666
931,	0.000055,	0.000045,	0.000065,	0.000701
932,	0.000055,	0.000045,	0.000075,	0.000765
933,	0.000055,	0.000045,	0.000085,	0.000788
934,	0.000055,	0.000045,	0.000095,	0.000797
937,	0.000055,	0.000055,	0.000005,	0.000796
938,	0.000055,	0.000055,	0.000015,	0.000787
939,	0.000055,	0.000055,	0.000025,	0.000759
940,	0.000055,	0.000055,	0.000035,	0.000694
941,	0.000055,	0.000055,	0.000045,	0.000660
942,	0.000055,	0.000055,	0.000055,	0.000661
943,	0.000055,	0.000055,	0.000065,	0.000696
944,	0.000055,	0.000055,	0.000075,	0.000762
945,	0.000055,	0.000055,	0.000085,	0.000788
946,	0.000055,	0.000055,	0.000095,	0.000796
949,	0.000055,	0.000065,	0.000005,	0.000797
950,	0.000055,	0.000065,	0.000015,	0.000790
951,	0.000055,	0.000065,	0.000025,	0.000774
952,	0.000055,	0.000065,	0.000035,	0.000724
953,	0.000055,	0.000065,	0.000045,	0.000689
954,	0.000055,	0.000065,	0.000055,	0.000690
955,	0.000055,	0.000065,	0.000065,	0.000726
956,	0.000055,	0.000065,	0.000075,	0.000775
957,	0.000055,	0.000065,	0.000085,	0.000790
958,	0.000055,	0.000065,	0.000095,	0.000797
961,	0.000055,	0.000075,	0.000005,	0.000798
962,	0.000055,	0.000075,	0.000015,	0.000793
963,	0.000055,	0.000075,	0.000025,	0.000786
964,	0.000055,	0.000075,	0.000035,	0.000772
965,	0.000055,	0.000075,	0.000045,	0.000753
966,	0.000055,	0.000075,	0.000055,	0.000754
967,	0.000055,	0.000075,	0.000065,	0.000773
968,	0.000055,	0.000075,	0.000075,	0.000787
969,	0.000055,	0.000075,	0.000085,	0.000793
970,	0.000055,	0.000075,	0.000095,	0.000798
973,	0.000055,	0.000085,	0.000005,	0.000799
974,	0.000055,	0.000085,	0.000015,	0.000796
975,	0.000055,	0.000085,	0.000025,	0.000793
976,	0.000055,	0.000085,	0.000035,	0.000789
977,	0.000055,	0.000085,	0.000045,	0.000786
978,	0.000055,	0.000085,	0.000055,	0.000786
979,	0.000055,	0.000085,	0.000065,	0.000790
980,	0.000055,	0.000085,	0.000075,	0.000793
981,	0.000055,	0.000085,	0.000085,	0.000796
982,	0.000055,	0.000085,	0.000095,	0.000799
985,	0.000055,	0.000095,	0.000005,	0.000800
986,	0.000055,	0.000095,	0.000015,	0.000799
987,	0.000055,	0.000095,	0.000025,	0.000798
988,	0.000055,	0.000095,	0.000035,	0.000797
989,	0.000055,	0.000095,	0.000045,	0.000796
990,	0.000055,	0.000095,	0.000055,	0.000796
991,	0.000055,	0.000095,	0.000065,	0.000797
992,	0.000055,	0.000095,	0.000075,	0.000798
993,	0.000055,	0.000095,	0.000085,	0.000799
994,	0.000055,	0.000095,	0.000095,	0.000800
1021,	0.000065,	0.000005,	0.000005,	0.000800
1022,	0.000065,	0.000005,	0.000015,	0.000799
1023,	0.000065,	0.000005,	0.000025,	0.000798
1024,	0.000065,	0.000005,	0.000035,	0.000798
1025,	0.000065,	0.000005,	0.000045,	0.000797
1026,	0.000065,	0.000005,	0.000055,	0.000797
1027,	0.000065,	0.000005,	0.000065,	0.000798
1028,	0.000065,	0.000005,	0.000075,	0.000798
1029,	0.000065,	0.000005,	0.000085,	0.000799
1030,	0.000065,	0.000005,	0.000095,	0.000800
1033,	0.000065,	0.000015,	0.000005,	0.000799
1034,	0.000065,	0.000015,	0.000015,	0.000797
1035,	0.000065,	0.000015,	0.000025,	0.000795
1036,	0.000065,	0.000015,	0.000035,	0.000793
1037,	0.000065,	0.000015,	0.000045,	0.000791
1038,	0.000065,	0.000015,	0.000055,	0.000791
1039,	0.000065,	0.000015,	0.000065,	0.000793
1040,	0.000065,	0.000015,	0.000075,	0.000795
1041,	0.000065,	0.000015,	0.000085,	0.000797
1042,	0.000065,	0.000015,	0.000095,	0.000799
1045,	0.000065,	0.000025,	0.000005,	0.000798
1046,	0.000065,	0.000025,	0.000015,	0.000795
1047,	0.000065,	0.000025,	0.000025,	0.000790
1048,	0.000065,	0.000025,	0.000035,	0.000785
1049,	0.000065,	0.000025,	0.000045,	0.000779
1050,	0.000065,	0.000025,	0.000055,	0.000779
1051,	0.000065,	0.000025,	0.000065,	0.000785
1052,	0.000065,	0.000025,	0.000075,	0.000791
1053,	0.000065,	0.000025,	0.000085,	0.000795
1054,	0.000065,	0.000025,	0.000095,	0.000798
1057,	0.000065,	0.000035,	0.000005,	0.000798
1058,	0.000065,	0.000035,	0.000015,	0.000792
1059,	0.000065,	0.000035,	0.000025,	0.000784
1060,	0.000065,	0.000035,	0.000035,	0.000765
1061,	0.000065,	0.000035,	0.000045,	0.000739
1062,	0.000065,	0.000035,	0.000055,	0.000740
1063,	0.000065,	0.000035,	0.000065,	0.000767
1064,	0.000065,	0.000035,	0.000075,	0.000785
1065,	0.000065,	0.000035,	0.000085,	0.000792
1066,	0.000065,	0.000035,	0.000095,	0.000798
1069,	0.000065,	0.000045,	0.000005,	0.000797
1070,	0.000065,	0.000045,	0.000015,	0.000790
1071,	0.000065,	0.000045,	0.000025,	0.000776
1072,	0.000065,	0.000045,	0.000035,	0.000733
1073,	0.000065,	0.000045,	0.000045,	0.000699
1074,	0.000065,	0.000045,	0.000055,	0.000699
1075,	0.000065,	0.000045,	0.000065,	0.000735
1076,	0.000065,	0.000045,	0.000075,	0.000777
1077,	0.000065,	0.000045,	0.000085,	0.000791
1078,	0.000065,	0.000045,	0.000095,	0.000797
1081,	0.000065,	0.000055,	0.000005,	0.000797
1082,	0.000065,	0.000055,	0.000015,	0.000790
1083,	0.000065,	0.000055,	0.000025,	0.000775
1084,	0.000065,	0.000055,	0.000035,	0.000727
1085,	0.000065,	0.000055,	0.000045,	0.000693
1086,	0.000065,	0.000055,	0.000055,	0.000694
1087,	0.000065,	0.000055,	0.000065,	0.000730
1088,	0.000065,	0.000055,	0.000075,	0.000776
1089,	0.000065,	0.000055,	0.000085,	0.000790
1090,	0.000065,	0.000055,	0.000095,	0.000797
1093,	0.000065,	0.000065,	0.000005,	0.000797
1094,	0.000065,	0.000065,	0.000015,	0.000792
1095,	0.000065,	0.000065,	0.000025,	0.000782
1096,	0.000065,	0.000065,	0.000035,	0.000754
1097,	0.000065,	0.000065,	0.000045,	0.000723
1098,	0.000065,	0.000065,	0.000055,	0.000724
1099,	0.000065,	0.000065,	0.000065,	0.000756
1100,	0.000065,	0.000065,	0.000075,	0.000783
1101,	0.000065,	0.000065,	0.000085,	0.000792
1102,	0.000065,	0.000065,	0.000095,	0.000797
1105,	0.000065,	0.000075,	0.000005,	0.000798
1106,	0.000065,	0.000075,	0.000015,	0.000794
1107,	0.000065,	0.000075,	0.000025,	0.000789
1108,	0.000065,	0.000075,	0.000035,	0.000782
1109,	0.000065,	0.000075,	0.000045,	0.000772
1110,	0.000065,	0.000075,	0.000055,	0.000772
1111,	0.000065,	0.000075,	0.000065,	0.000782
1112,	0.000065,	0.000075,	0.000075,	0.000789
1113,	0.000065,	0.000075,	0.000085,	0.000794
1114,	0.000065,	0.000075,	0.000095,	0.000798
1117,	0.000065,	0.000085,	0.000005,	0.000799
1118,	0.000065,	0.000085,	0.000015,	0.000797
1119,	0.000065,	0.000085,	0.000025,	0.000794
1120,	0.000065,	0.000085,	0.000035,	0.000791
1121,	0.000065,	0.000085,	0.000045,	0.000789
1122,	0.000065,	0.000085,	0.000055,	0.000789
1123,	0.000065,	0.000085,	0.000065,	0.000792
1124,	0.000065,	0.000085,	0.000075,	0.000794
1125,	0.000065,	0.000085,	0.000085,	0.000797
1126,	0.000065,	0.000085,	0.000095,	0.000799
1129,	0.000065,	0.000095,	0.000005,	0.000800
1130,	0.000065,	0.000095,	0.000015,	0.000799
1131,	0.000065,	0.000095,	0.000025,	0.000798
1132,	0.000065,	0.000095,	0.000035,	0.000797
1133,	0.000065,	0.000095,	0.000045,	0.000797
1134,	0.000065,	0.000095,	0.000055,	0.000797
1135,	0.000065,	0.000095,	0.000065,	0.000797
1136,	0.000065,	0.000095,	0.000075,	0.000798
1137,	0.000065,	0.000095,	0.000085,	0.000799
1138,	0.000065,	0.000095,	0.000095,	0.000800
1165,	0.000075,	0.000005,	0.000005,	0.000800
1166,	0.000075,	0.000005,	0.000015,	0.000799
1167,	0.000075,	0.000005,	0.000025,	0.000799
1168,	0.000075,	0.000005,	0.000035,	0.000798
1169,	0.000075,	0.000005,	0.000045,	0.000798
1170,	0.000075,	0.000005,	0.000055,	0.000798
1171,	0.000075,	0.000005,	0.000065,	0.000798
1172,	0.000075,	0.000005,	0.000075,	0.000799
1173,	0.000075,	0.000005,	0.000085,	0.000799
1174,	0.000075,	0.000005,	0.000095,	0.000800
1177,	0.000075,	0.000015,	0.000005,	0.000799
1178,	0.000075,	0.000015,	0.000015,	0.000798
1179,	0.000075,	0.000015,	0.000025,	0.000796
1180,	0.000075,	0.000015,	0.000035,	0.000795
1181,	0.000075,	0.000015,	0.000045,	0.000794
1182,	0.000075,	0.000015,	0.000055,	0.000794
1183,	0.000075,	0.000015,	0.000065,	0.000795
1184,	0.000075,	0.000015,	0.000075,	0.000796
1185,	0.000075,	0.000015,	0.000085,	0.000798
1186,	0.000075,	0.000015,	0.000095,	0.000799
1189,	0.000075,	0.000025,	0.000005,	0.000799
1190,	0.000075,	0.000025,	0.000015,	0.000796
1191,	0.000075,	0.000025,	0.000025,	0.000793
1192,	0.000075,	0.000025,	0.000035,	0.000790
1193,	0.000075,	0.000025,	0.000045,	0.000788
1194,	0.000075,	0.000025,	0.000055,	0.000788
1195,	0.000075,	0.000025,	0.000065,	0.000791
1196,	0.000075,	0.000025,	0.000075,	0.000793
1197,	0.000075,	0.000025,	0.000085,	0.000796
1198,	0.000075,	0.000025,	0.000095,	0.000799
1201,	0.000075,	0.000035,	0.000005,	0.000798
1202,	0.000075,	0.000035,	0.000015,	0.000795
1203,	0.000075,	0.000035,	0.000025,	0.000790
1204,	0.000075,	0.000035,	0.000035,	0.000784
1205,	0.000075,	0.000035,	0.000045,	0.000778
1206,	0.000075,	0.000035,	0.000055,	0.000778
1207,	0.000075,	0.000035,	0.000065,	0.000785
1208,	0.000075,	0.000035,	0.000075,	0.000790
1209,	0.000075,	0.000035,	0.000085,	0.000795
1210,	0.000075,	0.000035,	0.000095,	0.000798
1213,	0.000075,	0.000045,	0.000005,	0.000798
1214,	0.000075,	0.000045,	0.000015,	0.000793
1215,	0.000075,	0.000045,	0.000025,	0.000787
1216,	0.000075,	0.000045,	0.000035,	0.000776
1217,	0.000075,	0.000045,	0.000045,	0.000762
1218,	0.000075,	0.000045,	0.000055,	0.000763
1219,	0.000075,	0.000045,	0.000065,	0.000777
1220,	0.000075,	0.000045,	0.000075,	0.000788
1221,	0.000075,	0.000045,	0.000085,	0.000793
1222,	0.000075,	0.000045,	0.000095,	0.000798
1225,	0.000075,	0.000055,	0.000005,	0.000798
1226,	0.000075,	0.000055,	0.000015,	0.000793
1227,	0.000075,	0.000055,	0.000025,	0.000787
1228,	0.000075,	0.000055,	0.000035,	0.000774
1229,	0.000075,	0.000055,	0.000045,	0.000759
1230,	0.000075,	0.000055,	0.000055,	0.000759
1231,	0.000075,	0.000055,	0.000065,	0.000775
1232,	0.000075,	0.000055,	0.000075,	0.000787
1233,	0.000075,	0.000055,	0.000085,	0.000793
1234,	0.000075,	0.000055,	0.000095,	0.000798
1237,	0.000075,	0.000065,	0.000005,	0.000798
1238,	0.000075,	0.000065,	0.000015,	0.000794
1239,	0.000075,	0.000065,	0.000025,	0.000789
1240,	0.000075,	0.000065,	0.000035,	0.000782
1241,	0.000075,	0.000065,	0.000045,	0.000773
1242,	0.000075,	0.000065,	0.000055,	0.000773
1243,	0.000075,	0.000065,	0.000065,	0.000782
1244,	0.000075,	0.000065,	0.000075,	0.000790
1245,	0.000075,	0.000065,	0.000085,	0.000794
1246,	0.000075,	0.000065,	0.000095,	0.000798
1249,	0.000075,	0.000075,	0.000005,	0.000799
1250,	0.000075,	0.000075,	0.000015,	0.000796
1251,	0.000075,	0.000075,	0.000025,	0.000793
1252,	0.000075,	0.000075,	0.000035,	0.000789
1253,	0.000075,	0.000075,	0.000045,	0.000786
1254,	0.000075,	0.000075,	0.000055,	0.000786
1255,	0.000075,	0.000075,	0.000065,	0.000789
1256,	0.000075,	0.000075,	0.000075,	0.000793
1257,	0.000075,	0.000075,	0.000085,	0.000796
1258,	0.000075,	0.000075,	0.000095,	0.000799
1261,	0.000075,	0.000085,	0.000005,	0.000799
1262,	0.000075,	0.000085,	0.000015,	0.000797
1263,	0.000075,	0.000085,	0.000025,	0.000796
1264,	0.000075,	0.000085,	0.000035,	0.000794
1265,	0.000075,	0.000085,	0.000045,	0.000793
1266,	0.000075,	0.000085,	0.000055,	0.000793
1267,	0.000075,	0.000085,	0.000065,	0.000794
1268,	0.000075,	0.000085,	0.000075,	0.000796
1269,	0.000075,	0.000085,	0.000085,	0.000798
1270,	0.000075,	0.000085,	0.000095,	0.000799
1273,	0.000075,	0.000095,	0.000005,	0.000800
1274,	0.000075,	0.000095,	0.000015,	0.000799
1275,	0.000075,	0.000095,	0.000025,	0.000799
1276,	0.000075,	0.000095,	0.000035,	0.000798
1277,	0.000075,	0.000095,	0.000045,	0.000798
1278,	0.000075,	0.000095,	0.000055,	0.000798
1279,	0.000075,	0.000095,	0.000065,	0.000798
1280,	0.000075,	0.000095,	0.000075,	0.000799
1281,	0.000075,	0.000095,	0.000085,	0.000799
1282,	0.000075,	0.000095,	0.000095,	0.000800
1309,	0.000085,	0.000005,	0.000005,	0.000800
1310,	0.000085,	0.000005,	0.000015,	0.000800
1311,	0.000085,	0.000005,	0.000025,	0.000799
1312,	0.000085,	0.000005,	0.000035,	0.000799
1313,	0.000085,	0.000005,	0.000045,	0.000799
1314,	0.000085,	0.000005,	0.000055,	0.000799
1315,	0.000085,	0.000005,	0.000065,	0.000799
1316,	0.000085,	0.000005,	0.000075,	0.000799
1317,	0.000085,	0.000005,	0.000085,	0.000800
1318,	0.000085,	0.000005,	0.000095,	0.000800
1321,	0.000085,	0.000015,	0.000005,	0.000800
1322,	0.000085,	0.000015,	0.000015,	0.000799
1323,	0.000085,	0.000015,	0.000025,	0.000798
1324,	0.000085,	0.000015,	0.000035,	0.000797
1325,	0.000085,	0.000015,	0.000045,	0.000796
1326,	0.000085,	0.000015,	0.000055,	0.000796
1327,	0.000085,	0.000015,	0.000065,	0.000797
1328,	0.000085,	0.000015,	0.000075,	0.000798
1329,	0.000085,	0.000015,	0.000085,	0.000799
1330,	0.000085,	0.000015,	0.000095,	0.000800
1333,	0.000085,	0.000025,	0.000005,	0.000799
1334,	0.000085,	0.000025,	0.000015,	0.000798
1335,	0.000085,	0.000025,	0.000025,	0.000796
1336,	0.000085,	0.000025,	0.000035,	0.000795
1337,	0.000085,	0.000025,	0.000045,	0.000794
1338,	0.000085,	0.000025,	0.000055,	0.000794
1339,	0.000085,	0.000025,	0.000065,	0.000795
1340,	0.000085,	0.000025,	0.000075,	0.000796
1341,	0.000085,	0.000025,	0.000085,	0.000798
1342,	0.000085,	0.000025,	0.000095,	0.000799
1345,	0.000085,	0.000035,	0.000005,	0.000799
1346,	0.000085,	0.000035,	0.000015,	0.000797
1347,	0.000085,	0.000035,	0.000025,	0.000795
1348,	0.000085,	0.000035,	0.000035,	0.000792
1349,	0.000085,	0.000035,	0.000045,	0.000791
1350,	0.000085,	0.000035,	0.000055,	0.000791
1351,	0.000085,	0.000035,	0.000065,	0.000792
1352,	0.000085,	0.000035,	0.000075,	0.000795
1353,	0.000085,	0.000035,	0.000085,	0.000797
1354,	0.000085,	0.000035,	0.000095,	0.000799
1357,	0.000085,	0.000045,	0.000005,	0.000799
1358,	0.000085,	0.000045,	0.000015,	0.000796
1359,	0.000085,	0.000045,	0.000025,	0.000793
1360,	0.000085,	0.000045,	0.000035,	0.000790
1361,	0.000085,	0.000045,	0.000045,	0.000788
1362,	0.000085,	0.000045,	0.000055,	0.000788
1363,	0.000085,	0.000045,	0.000065,	0.000790
1364,	0.000085,	0.000045,	0.000075,	0.000793
1365,	0.000085,	0.000045,	0.000085,	0.000796
1366,	0.000085,	0.000045,	0.000095,	0.000799
1369,	0.000085,	0.000055,	0.000005,	0.000799
1370,	0.000085,	0.000055,	0.000015,	0.000796
1371,	0.000085,	0.000055,	0.000025,	0.000793
1372,	0.000085,	0.000055,	0.000035,	0.000790
1373,	0.000085,	0.000055,	0.000045,	0.000787
1374,	0.000085,	0.000055,	0.000055,	0.000787
1375,	0.000085,	0.000055,	0.000065,	0.000790
1376,	0.000085,	0.000055,	0.000075,	0.000793
1377,	0.000085,	0.000055,	0.000085,	0.000796
1378,	0.000085,	0.000055,	0.000095,	0.000799
1381,	0.000085,	0.000065,	0.000005,	0.000799
1382,	0.000085,	0.000065,	0.000015,	0.000797
1383,	0.000085,	0.000065,	0.000025,	0.000794
1384,	0.000085,	0.000065,	0.000035,	0.000792
1385,	0.000085,	0.000065,	0.000045,	0.000790
1386,	0.000085,	0.000065,	0.000055,	0.000790
1387,	0.000085,	0.000065,	0.000065,	0.000792
1388,	0.000085,	0.000065,	0.000075,	0.000794
1389,	0.000085,	0.000065,	0.000085,	0.000797
1390,	0.000085,	0.000065,	0.000095,	0.000799
1393,	0.000085,	0.000075,	0.000005,	0.000799
1394,	0.000085,	0.000075,	0.000015,	0.000798
1395,	0.000085,	0.000075,	0.000025,	0.000796
1396,	0.000085,	0.000075,	0.000035,	0.000794
1397,	0.000085,	0.000075,	0.000045,	0.000793
1398,	0.000085,	0.000075,	0.000055,	0.000793
1399,	0.000085,	0.000075,	0.000065,	0.000794
1400,	0.000085,	0.000075,	0.000075,	0.000796
1401,	0.000085,	0.000075,	0.000085,	0.000798
1402,	0.000085,	0.000075,	0.000095,	0.000799
1405,	0.000085,	0.000085,	0.000005,	0.000800
1406,	0.000085,	0.000085,	0.000015,	0.000799
1407,	0.000085,	0.000085,	0.000025,	0.000797
1408,	0.000085,	0.000085,	0.000035,	0.000797
1409,	0.000085,	0.000085,	0.000045,	0.000796
1410,	0.000085,	0.000085,	0.000055,	0.000796
1411,	0.000085,	0.000085,	0.000065,	0.000797
1412,	0.000085,	0.000085,	0.000075,	0.000798
1413,	0.000085,	0.000085,	0.000085,	0.000799
1414,	0.000085,	0.000085,	0.000095,	0.000800
1417,	0.000085,	0.000095,	0.000005,	0.000800
1418,	0.000085,	0.000095,	0.000015,	0.000800
1419,	0.000085,	0.000095,	0.000025,	0.000799
1420,	0.000085,	0.000095,	0.000035,	0.000799
1421,	0.000085,	0.000095,	0.000045,	0.000799
1422,	0.000085,	0.000095,	0.000055,	0.000799
1423,	0.000085,	0.000095,	0.000065,	0.000799
1424,	0.000085,	0.000095,	0.000075,	0.000799
1425,	0.000085,	0.000095,	0.000085,	0.000800
1426,	0.000085,	0.000095,	0.000095,	0.000800
1453,	0.000095,	0.000005,	0.000005,	0.000800
1454,	0.000095,	0.000005,	0.000015,	0.000800
1455,	0.000095,	0.000005,	0.000025,	0.000800
1456,	0.000095,	0.000005,	0.000035,	0.000800
1457,	0.000095,	0.000005,	0.000045,	0.000800
1458,	0.000095,	0.000005,	0.000055,	0.000800
1459,	0.000095,	0.000005,	0.000065,	0.000800
1460,	0.000095,	0.000005,	0.000075,	0.000800
1461,	0.000095,	0.000005,	0.000085,	0.000800
1462,	0.000095,	0.000005,	0.000095,	0.000800
1465,	0.000095,	0.000015,	0.000005,	0.000800
1466,	0.000095,	0.000015,	0.000015,	0.000800
1467,	0.000095,	0.000015,	0.000025,	0.000799
1468,	0.000095,	0.000015,	0.000035,	0.000799
1469,	0.000095,	0.000015,	0.000045,	0.000799
1470,	0.000095,	0.000015,	0.000055,	0.000799
1471,	0.000095,	0.000015,	0.000065,	0.000799
1472,	0.000095,	0.000015,	0.000075,	0.000799
1473,	0.000095,	0.000015,	0.000085,	0.000800
1474,	0.000095,	0.000015,	0.000095,	0.000800
1477,	0.000095,	0.000025,	0.000005,	0.000800
1478,	0.000095,	0.000025,	0.000015,	0.000799
1479,	0.000095,	0.000025,	0.000025,	0.000799
1480,	0.000095,	0.000025,	0.000035,	0.000798
1481,	0.000095,	0.000025,	0.000045,	0.000798
1482,	0.000095,	0.000025,	0.000055,	0.000798
1483,	0.000095,	0.000025,	0.000065,	0.000798
1484,	0.000095,	0.000025,	0.000075,	0.000799
1485,	0.000095,	0.000025,	0.000085,	0.000799
1486,	0.000095,	0.000025,	0.000095,	0.000800
1489,	0.000095,	0.000035,	0.000005,	0.000800
1490,	0.000095,	0.000035,	0.000015,	0.000799
1491,	0.000095,	0.000035,	0.000025,	0.000798
1492,	0.000095,	0.000035,	0.000035,	0.000798
1493,	0.000095,	0.000035,	0.000045,	0.000797
1494,	0.000095,	0.000035,	0.000055,	0.000797
1495,	0.000095,	0.000035,	0.000065,	0.000798
1496,	0.000095,	0.000035,	0.000075,	0.000798
1497,	0.000095,	0.000035,	0.000085,	0.000799
1498,	0.000095,	0.000035,	0.000095,	0.000800
1501,	0.000095,	0.000045,	0.000005,	0.000800
1502,	0.000095,	0.000045,	0.000015,	0.000799
1503,	0.000095,	0.000045,	0.000025,	0.000798
1504,	0.000095,	0.000045,	0.000035,	0.000797
1505,	0.000095,	0.000045,	0.000045,	0.000796
1506,	0.000095,	0.000045,	0.000055,	0.000796
1507,	0.000095,	0.000045,	0.000065,	0.000797
1508,	0.000095,	0.000045,	0.000075,	0.000798
1509,	0.000095,	0.000045,	0.000085,	0.000799
1510,	0.000095,	0.000045,	0.000095,	0.000800
1513,	0.000095,	0.000055,	0.000005,	0.000800
1514,	0.000095,	0.000055,	0.000015,	0.000799
1515,	0.000095,	0.000055,	0.000025,	0.000798
1516,	0.000095,	0.000055,	0.000035,	0.000797
1517,	0.000095,	0.000055,	0.000045,	0.000796
1518,	0.000095,	0.000055,	0.000055,	0.000796
1519,	0.000095,	0.000055,	0.000065,	0.000797
1520,	0.000095,	0.000055,	0.000075,	0.000798
1521,	0.000095,	0.000055,	0.000085,	0.000799
1522,	0.000095,	0.000055,	0.000095,	0.000800
1525,	0.000095,	0.000065,	0.000005,	0.000800
1526,	0.000095,	0.000065,	0.000015,	0.000799
1527,	0.000095,	0.000065,	0.000025,	0.000798
1528,	0.000095,	0.000065,	0.000035,	0.000797
1529,	0.000095,	0.000065,	0.000045,	0.000797
1530,	0.000095,	0.000065,	0.000055,	0.000797
1531,	0.000095,	0.000065,	0.000065,	0.000797
1532,	0.000095,	0.000065,	0.000075,	0.000798
1533,	0.000095,	0.000065,	0.000085,	0.000799
1534,	0.000095,	0.000065,	0.000095,	0.000800
1537,	0.000095,	0.000075,	0.000005,	0.000800
1538,	0.000095,	0.000075,	0.000015,	0.000799
1539,	0.000095,	0.000075,	0.000025,	0.000799
1540,	0.000095,	0.000075,	0.000035,	0.000798
1541,	0.000095,	0.000075,	0.000045,	0.000798
1542,	0.000095,	0.000075,	0.000055,	0.000798
1543,	0.000095,	0.000075,	0.000065,	0.000798
1544,	0.000095,	0.000075,	0.000075,	0.000799
1545,	0.000095,	0.000075,	0.000085,	0.000799
1546,	0.000095,	0.000075,	0.000095,	0.000800
1549,	0.000095,	0.000085,	0.000005,	0.000800
1550,	0.000095,	0.000085,	0.000015,	0.000800
1551,	0.000095,	0.000085,	0.000025,	0.000799
1552,	0.000095,	0.000085,	0.000035,	0.000799
1553,	0.000095,	0.000085,	0.000045,	0.000799
1554,	0.000095,	0.000085,	0.000055,	0.000799
1555,	0.000095,	0.000085,	0.000065,	0.000799
1556,	0.000095,	0.000085,	0.000075,	0.000799
1557,	0.000095,	0.000085,	0.000085,	0.000800
1558,	0.000095,	0.000085,	0.000095,	0.000800
1561,	0.000095,	0.000095,	0.000005,	0.000800
1562,	0.000095,	0.000095,	0.000015,	0.000800
1563,	0.000095,	0.000095,	0.000025,	0.000800
1564,	0.000095,	0.000095,	0.000035,	0.000800
1565,	0.000095,	0.000095,	0.000045,	0.000800
1566,	0.000095,	0.000095,	0.000055,	0.000800
1567,	0.000095,	0.000095,	0.000065,	0.000800
1568,	0.000095,	0.000095,	0.000075,	0.000800
1569,	0.000095,	0.000095,	0.000085,	0.000800
1570,	0.000095,	0.000095,	0.000095,	0.000800
