,x,y,z,scalar,1,1,1,0.5
157,	0.000005,	0.000005,	0.000005,	0.000800
158,	0.000005,	0.000005,	0.000015,	0.000800
159,	0.000005,	0.000005,	0.000025,	0.000800
160,	0.000005,	0.000005,	0.000035,	0.000800
161,	0.000005,	0.000005,	0.000045,	0.000800
162,	0.000005,	0.000005,	0.000055,	0.000800
163,	0.000005,	0.000005,	0.000065,	0.000800
164,	0.000005,	0.000005,	0.000075,	0.000800
165,	0.000005,	0.000005,	0.000085,	0.000800
166,	0.000005,	0.000005,	0.000095,	0.000800
169,	0.000005,	0.000015,	0.000005,	0.000800
170,	0.000005,	0.000015,	0.000015,	0.000800
171,	0.000005,	0.000015,	0.000025,	0.000799
172,	0.000005,	0.000015,	0.000035,	0.000799
173,	0.000005,	0.000015,	0.000045,	0.000799
174,	0.000005,	0.000015,	0.000055,	0.000799
175,	0.000005,	0.000015,	0.000065,	0.000799
176,	0.000005,	0.000015,	0.000075,	0.000799
177,	0.000005,	0.000015,	0.000085,	0.000800
178,	0.000005,	0.000015,	0.000095,	0.000800
181,	0.000005,	0.000025,	0.000005,	0.000800
182,	0.000005,	0.000025,	0.000015,	0.000799
183,	0.000005,	0.000025,	0.000025,	0.000799
184,	0.000005,	0.000025,	0.000035,	0.000799
185,	0.000005,	0.000025,	0.000045,	0.000798
186,	0.000005,	0.000025,	0.000055,	0.000798
187,	0.000005,	0.000025,	0.000065,	0.000799
188,	0.000005,	0.000025,	0.000075,	0.000799
189,	0.000005,	0.000025,	0.000085,	0.000799
190,	0.000005,	0.000025,	0.000095,	0.000800
193,	0.000005,	0.000035,	0.000005,	0.000800
194,	0.000005,	0.000035,	0.000015,	0.000799
195,	0.000005,	0.000035,	0.000025,	0.000799
196,	0.000005,	0.000035,	0.000035,	0.000798
197,	0.000005,	0.000035,	0.000045,	0.000798
198,	0.000005,	0.000035,	0.000055,	0.000798
199,	0.000005,	0.000035,	0.000065,	0.000798
200,	0.000005,	0.000035,	0.000075,	0.000799
201,	0.000005,	0.000035,	0.000085,	0.000799
202,	0.000005,	0.000035,	0.000095,	0.000800
205,	0.000005,	0.000045,	0.000005,	0.000800
206,	0.000005,	0.000045,	0.000015,	0.000799
207,	0.000005,	0.000045,	0.000025,	0.000798
208,	0.000005,	0.000045,	0.000035,	0.000798
209,	0.000005,	0.000045,	0.000045,	0.000797
210,	0.000005,	0.000045,	0.000055,	0.000797
211,	0.000005,	0.000045,	0.000065,	0.000798
212,	0.000005,	0.000045,	0.000075,	0.000798
213,	0.000005,	0.000045,	0.000085,	0.000799
214,	0.000005,	0.000045,	0.000095,	0.000800
217,	0.000005,	0.000055,	0.000005,	0.000800
218,	0.000005,	0.000055,	0.000015,	0.000799
219,	0.000005,	0.000055,	0.000025,	0.000798
220,	0.000005,	0.000055,	0.000035,	0.000798
221,	0.000005,	0.000055,	0.000045,	0.000797
222,	0.000005,	0.000055,	0.000055,	0.000797
223,	0.000005,	0.000055,	0.000065,	0.000798
224,	0.000005,	0.000055,	0.000075,	0.000798
225,	0.000005,	0.000055,	0.000085,	0.000799
226,	0.000005,	0.000055,	0.000095,	0.000800
229,	0.000005,	0.000065,	0.000005,	0.000800
230,	0.000005,	0.000065,	0.000015,	0.000799
231,	0.000005,	0.000065,	0.000025,	0.000799
232,	0.000005,	0.000065,	0.000035,	0.000798
233,	0.000005,	0.000065,	0.000045,	0.000798
234,	0.000005,	0.000065,	0.000055,	0.000798
235,	0.000005,	0.000065,	0.000065,	0.000798
236,	0.000005,	0.000065,	0.000075,	0.000799
237,	0.000005,	0.000065,	0.000085,	0.000799
238,	0.000005,	0.000065,	0.000095,	0.000800
241,	0.000005,	0.000075,	0.000005,	0.000800
242,	0.000005,	0.000075,	0.000015,	0.000799
243,	0.000005,	0.000075,	0.000025,	0.000799
244,	0.000005,	0.000075,	0.000035,	0.000799
245,	0.000005,	0.000075,	0.000045,	0.000798
246,	0.000005,	0.000075,	0.000055,	0.000798
247,	0.000005,	0.000075,	0.000065,	0.000799
248,	0.000005,	0.000075,	0.000075,	0.000799
249,	0.000005,	0.000075,	0.000085,	0.000799
250,	0.000005,	0.000075,	0.000095,	0.000800
253,	0.000005,	0.000085,	0.000005,	0.000800
254,	0.000005,	0.000085,	0.000015,	0.000800
255,	0.000005,	0.000085,	0.000025,	0.000799
256,	0.000005,	0.000085,	0.000035,	0.000799
257,	0.000005,	0.000085,	0.000045,	0.000799
258,	0.000005,	0.000085,	0.000055,	0.000799
259,	0.000005,	0.000085,	0.000065,	0.000799
260,	0.000005,	0.000085,	0.000075,	0.000799
261,	0.000005,	0.000085,	0.000085,	0.000800
262,	0.000005,	0.000085,	0.000095,	0.000800
265,	0.000005,	0.000095,	0.000005,	0.000800
266,	0.000005,	0.000095,	0.000015,	0.000800
267,	0.000005,	0.000095,	0.000025,	0.000800
268,	0.000005,	0.000095,	0.000035,	0.000800
269,	0.000005,	0.000095,	0.000045,	0.000800
270,	0.000005,	0.000095,	0.000055,	0.000800
271,	0.000005,	0.000095,	0.000065,	0.000800
272,	0.000005,	0.000095,	0.000075,	0.000800
273,	0.000005,	0.000095,	0.000085,	0.000800
274,	0.000005,	0.000095,	0.000095,	0.000800
301,	0.000015,	0.000005,	0.000005,	0.000800
302,	0.000015,	0.000005,	0.000015,	0.000800
303,	0.000015,	0.000005,	0.000025,	0.000799
304,	0.000015,	0.000005,	0.000035,	0.000799
305,	0.000015,	0.000005,	0.000045,	0.000799
306,	0.000015,	0.000005,	0.000055,	0.000799
307,	0.000015,	0.000005,	0.000065,	0.000799
308,	0.000015,	0.000005,	0.000075,	0.000799
309,	0.000015,	0.000005,	0.000085,	0.000800
310,	0.000015,	0.000005,	0.000095,	0.000800
313,	0.000015,	0.000015,	0.000005,	0.000800
314,	0.000015,	0.000015,	0.000015,	0.000799
315,	0.000015,	0.000015,	0.000025,	0.000798
316,	0.000015,	0.000015,	0.000035,	0.000798
317,	0.000015,	0.000015,	0.000045,	0.000797
318,	0.000015,	0.000015,	0.000055,	0.000797
319,	0.000015,	0.000015,	0.000065,	0.000798
320,	0.000015,	0.000015,	0.000075,	0.000798
321,	0.000015,	0.000015,	0.000085,	0.000799
322,	0.000015,	0.000015,	0.000095,	0.000800
325,	0.000015,	0.000025,	0.000005,	0.000799
326,	0.000015,	0.000025,	0.000015,	0.000798
327,	0.000015,	0.000025,	0.000025,	0.000797
328,	0.000015,	0.000025,	0.000035,	0.000796
329,	0.000015,	0.000025,	0.000045,	0.000795
330,	0.000015,	0.000025,	0.000055,	0.000795
331,	0.000015,	0.000025,	0.000065,	0.000796
332,	0.000015,	0.000025,	0.000075,	0.000797
333,	0.000015,	0.000025,	0.000085,	0.000798
334,	0.000015,	0.000025,	0.000095,	0.000799
337,	0.000015,	0.000035,	0.000005,	0.000799
338,	0.000015,	0.000035,	0.000015,	0.000798
339,	0.000015,	0.000035,	0.000025,	0.000796
340,	0.000015,	0.000035,	0.000035,	0.000794
341,	0.000015,	0.000035,	0.000045,	0.000793
342,	0.000015,	0.000035,	0.000055,	0.000793
343,	0.000015,	0.000035,	0.000065,	0.000794
344,	0.000015,	0.000035,	0.000075,	0.000796
345,	0.000015,	0.000035,	0.000085,	0.000798
346,	0.000015,	0.000035,	0.000095,	0.000799
349,	0.000015,	0.000045,	0.000005,	0.000799
350,	0.000015,	0.000045,	0.000015,	0.000797
351,	0.000015,	0.000045,	0.000025,	0.000795
352,	0.000015,	0.000045,	0.000035,	0.000793
353,	0.000015,	0.000045,	0.000045,	0.000791
354,	0.000015,	0.000045,	0.000055,	0.000791
355,	0.000015,	0.000045,	0.000065,	0.000793
356,	0.000015,	0.000045,	0.000075,	0.000795
357,	0.000015,	0.000045,	0.000085,	0.000797
358,	0.000015,	0.000045,	0.000095,	0.000799
361,	0.000015,	0.000055,	0.000005,	0.000799
362,	0.000015,	0.000055,	0.000015,	0.000797
363,	0.000015,	0.000055,	0.000025,	0.000795
364,	0.000015,	0.000055,	0.000035,	0.000793
365,	0.000015,	0.000055,	0.000045,	0.000791
366,	0.000015,	0.000055,	0.000055,	0.000791
367,	0.000015,	0.000055,	0.000065,	0.000793
368,	0.000015,	0.000055,	0.000075,	0.000795
369,	0.000015,	0.000055,	0.000085,	0.000797
370,	0.000015,	0.000055,	0.000095,	0.000799
373,	0.000015,	0.000065,	0.000005,	0.000799
374,	0.000015,	0.000065,	0.000015,	0.000797
375,	0.000015,	0.000065,	0.000025,	0.000795
376,	0.000015,	0.000065,	0.000035,	0.000794
377,	0.000015,	0.000065,	0.000045,	0.000792
378,	0.000015,	0.000065,	0.000055,	0.000792
379,	0.000015,	0.000065,	0.000065,	0.000794
380,	0.000015,	0.000065,	0.000075,	0.000796
381,	0.000015,	0.000065,	0.000085,	0.000797
382,	0.000015,	0.000065,	0.000095,	0.000799
385,	0.000015,	0.000075,	0.000005,	0.000799
386,	0.000015,	0.000075,	0.000015,	0.000798
387,	0.000015,	0.000075,	0.000025,	0.000797
388,	0.000015,	0.000075,	0.000035,	0.000795
389,	0.000015,	0.000075,	0.000045,	0.000795
390,	0.000015,	0.000075,	0.000055,	0.000795
391,	0.000015,	0.000075,	0.000065,	0.000795
392,	0.000015,	0.000075,	0.000075,	0.000797
393,	0.000015,	0.000075,	0.000085,	0.000798
394,	0.000015,	0.000075,	0.000095,	0.000799
397,	0.000015,	0.000085,	0.000005,	0.000800
398,	0.000015,	0.000085,	0.000015,	0.000799
399,	0.000015,	0.000085,	0.000025,	0.000798
400,	0.000015,	0.000085,	0.000035,	0.000797
401,	0.000015,	0.000085,	0.000045,	0.000797
402,	0.000015,	0.000085,	0.000055,	0.000797
403,	0.000015,	0.000085,	0.000065,	0.000797
404,	0.000015,	0.000085,	0.000075,	0.000798
405,	0.000015,	0.000085,	0.000085,	0.000799
406,	0.000015,	0.000085,	0.000095,	0.000800
409,	0.000015,	0.000095,	0.000005,	0.000800
410,	0.000015,	0.000095,	0.000015,	0.000800
411,	0.000015,	0.000095,	0.000025,	0.000799
412,	0.000015,	0.000095,	0.000035,	0.000799
413,	0.000015,	0.000095,	0.000045,	0.000799
414,	0.000015,	0.000095,	0.000055,	0.000799
415,	0.000015,	0.000095,	0.000065,	0.000799
416,	0.000015,	0.000095,	0.000075,	0.000799
417,	0.000015,	0.000095,	0.000085,	0.000800
418,	0.000015,	0.000095,	0.000095,	0.000800
445,	0.000025,	0.000005,	0.000005,	0.000800
446,	0.000025,	0.000005,	0.000015,	0.000799
447,	0.000025,	0.000005,	0.000025,	0.000799
448,	0.000025,	0.000005,	0.000035,	0.000799
449,	0.000025,	0.000005,	0.000045,	0.000798
450,	0.000025,	0.000005,	0.000055,	0.000798
451,	0.000025,	0.000005,	0.000065,	0.000799
452,	0.000025,	0.000005,	0.000075,	0.000799
453,	0.000025,	0.000005,	0.000085,	0.000799
454,	0.000025,	0.000005,	0.000095,	0.000800
457,	0.000025,	0.000015,	0.000005,	0.000799
458,	0.000025,	0.000015,	0.000015,	0.000798
459,	0.000025,	0.000015,	0.000025,	0.000797
460,	0.000025,	0.000015,	0.000035,	0.000796
461,	0.000025,	0.000015,	0.000045,	0.000795
462,	0.000025,	0.000015,	0.000055,	0.000795
463,	0.000025,	0.000015,	0.000065,	0.000796
464,	0.000025,	0.000015,	0.000075,	0.000797
465,	0.000025,	0.000015,	0.000085,	0.000798
466,	0.000025,	0.000015,	0.000095,	0.000799
469,	0.000025,	0.000025,	0.000005,	0.000799
470,	0.000025,	0.000025,	0.000015,	0.000797
471,	0.000025,	0.000025,	0.000025,	0.000795
472,	0.000025,	0.000025,	0.000035,	0.000793
473,	0.000025,	0.000025,	0.000045,	0.000791
474,	0.000025,	0.000025,	0.000055,	0.000791
475,	0.000025,	0.000025,	0.000065,	0.000793
476,	0.000025,	0.000025,	0.000075,	0.000795
477,	0.000025,	0.000025,	0.000085,	0.000797
478,	0.000025,	0.000025,	0.000095,	0.000799
481,	0.000025,	0.000035,	0.000005,	0.000799
482,	0.000025,	0.000035,	0.000015,	0.000796
483,	0.000025,	0.000035,	0.000025,	0.000792
484,	0.000025,	0.000035,	0.000035,	0.000789
485,	0.000025,	0.000035,	0.000045,	0.000785
486,	0.000025,	0.000035,	0.000055,	0.000785
487,	0.000025,	0.000035,	0.000065,	0.000789
488,	0.000025,	0.000035,	0.000075,	0.000792
489,	0.000025,	0.000035,	0.000085,	0.000796
490,	0.000025,	0.000035,	0.000095,	0.000799
493,	0.000025,	0.000045,	0.000005,	0.000798
494,	0.000025,	0.000045,	0.000015,	0.000795
495,	0.000025,	0.000045,	0.000025,	0.000791
496,	0.000025,	0.000045,	0.000035,	0.000784
497,	0.000025,	0.000045,	0.000045,	0.000776
498,	0.000025,	0.000045,	0.000055,	0.000776
499,	0.000025,	0.000045,	0.000065,	0.000784
500,	0.000025,	0.000045,	0.000075,	0.000791
501,	0.000025,	0.000045,	0.000085,	0.000795
502,	0.000025,	0.000045,	0.000095,	0.000798
505,	0.000025,	0.000055,	0.000005,	0.000798
506,	0.000025,	0.000055,	0.000015,	0.000795
507,	0.000025,	0.000055,	0.000025,	0.000790
508,	0.000025,	0.000055,	0.000035,	0.000783
509,	0.000025,	0.000055,	0.000045,	0.000774
510,	0.000025,	0.000055,	0.000055,	0.000774
511,	0.000025,	0.000055,	0.000065,	0.000783
512,	0.000025,	0.000055,	0.000075,	0.000790
513,	0.000025,	0.000055,	0.000085,	0.000795
514,	0.000025,	0.000055,	0.000095,	0.000798
517,	0.000025,	0.000065,	0.000005,	0.000799
518,	0.000025,	0.000065,	0.000015,	0.000795
519,	0.000025,	0.000065,	0.000025,	0.000792
520,	0.000025,	0.000065,	0.000035,	0.000787
521,	0.000025,	0.000065,	0.000045,	0.000782
522,	0.000025,	0.000065,	0.000055,	0.000782
523,	0.000025,	0.000065,	0.000065,	0.000787
524,	0.000025,	0.000065,	0.000075,	0.000792
525,	0.000025,	0.000065,	0.000085,	0.000796
526,	0.000025,	0.000065,	0.000095,	0.000799
529,	0.000025,	0.000075,	0.000005,	0.000799
530,	0.000025,	0.000075,	0.000015,	0.000797
531,	0.000025,	0.000075,	0.000025,	0.000794
532,	0.000025,	0.000075,	0.000035,	0.000792
533,	0.000025,	0.000075,	0.000045,	0.000790
534,	0.000025,	0.000075,	0.000055,	0.000790
535,	0.000025,	0.000075,	0.000065,	0.000792
536,	0.000025,	0.000075,	0.000075,	0.000794
537,	0.000025,	0.000075,	0.000085,	0.000797
538,	0.000025,	0.000075,	0.000095,	0.000799
541,	0.000025,	0.000085,	0.000005,	0.000799
542,	0.000025,	0.000085,	0.000015,	0.000798
543,	0.000025,	0.000085,	0.000025,	0.000797
544,	0.000025,	0.000085,	0.000035,	0.000795
545,	0.000025,	0.000085,	0.000045,	0.000794
546,	0.000025,	0.000085,	0.000055,	0.000794
547,	0.000025,	0.000085,	0.000065,	0.000795
548,	0.000025,	0.000085,	0.000075,	0.000797
549,	0.000025,	0.000085,	0.000085,	0.000798
550,	0.000025,	0.000085,	0.000095,	0.000799
553,	0.000025,	0.000095,	0.000005,	0.000800
554,	0.000025,	0.000095,	0.000015,	0.000799
555,	0.000025,	0.000095,	0.000025,	0.000799
556,	0.000025,	0.000095,	0.000035,	0.000799
557,	0.000025,	0.000095,	0.000045,	0.000798
558,	0.000025,	0.000095,	0.000055,	0.000798
559,	0.000025,	0.000095,	0.000065,	0.000799
560,	0.000025,	0.000095,	0.000075,	0.000799
561,	0.000025,	0.000095,	0.000085,	0.000799
562,	0.000025,	0.000095,	0.000095,	0.000800
589,	0.000035,	0.000005,	0.000005,	0.000800
590,	0.000035,	0.000005,	0.000015,	0.000799
591,	0.000035,	0.000005,	0.000025,	0.000799
592,	0.000035,	0.000005,	0.000035,	0.000798
593,	0.000035,	0.000005,	0.000045,	0.000798
594,	0.000035,	0.000005,	0.000055,	0.000798
595,	0.000035,	0.000005,	0.000065,	0.000798
596,	0.000035,	0.000005,	0.000075,	0.000799
597,	0.000035,	0.000005,	0.000085,	0.000799
598,	0.000035,	0.000005,	0.000095,	0.000800
601,	0.000035,	0.000015,	0.000005,	0.000799
602,	0.000035,	0.000015,	0.000015,	0.000798
603,	0.000035,	0.000015,	0.000025,	0.000796
604,	0.000035,	0.000015,	0.000035,	0.000794
605,	0.000035,	0.000015,	0.000045,	0.000793
606,	0.000035,	0.000015,	0.000055,	0.000793
607,	0.000035,	0.000015,	0.000065,	0.000794
608,	0.000035,	0.000015,	0.000075,	0.000796
609,	0.000035,	0.000015,	0.000085,	0.000798
610,	0.000035,	0.000015,	0.000095,	0.000799
613,	0.000035,	0.000025,	0.000005,	0.000799
614,	0.000035,	0.000025,	0.000015,	0.000796
615,	0.000035,	0.000025,	0.000025,	0.000792
616,	0.000035,	0.000025,	0.000035,	0.000789
617,	0.000035,	0.000025,	0.000045,	0.000785
618,	0.000035,	0.000025,	0.000055,	0.000785
619,	0.000035,	0.000025,	0.000065,	0.000789
620,	0.000035,	0.000025,	0.000075,	0.000793
621,	0.000035,	0.000025,	0.000085,	0.000796
622,	0.000035,	0.000025,	0.000095,	0.000799
625,	0.000035,	0.000035,	0.000005,	0.000798
626,	0.000035,	0.000035,	0.000015,	0.000794
627,	0.000035,	0.000035,	0.000025,	0.000788
628,	0.000035,	0.000035,	0.000035,	0.000778
629,	0.000035,	0.000035,	0.000045,	0.000762
630,	0.000035,	0.000035,	0.000055,	0.000762
631,	0.000035,	0.000035,	0.000065,	0.000779
632,	0.000035,	0.000035,	0.000075,	0.000789
633,	0.000035,	0.000035,	0.000085,	0.000794
634,	0.000035,	0.000035,	0.000095,	0.000798
637,	0.000035,	0.000045,	0.000005,	0.000798
638,	0.000035,	0.000045,	0.000015,	0.000793
639,	0.000035,	0.000045,	0.000025,	0.000784
640,	0.000035,	0.000045,	0.000035,	0.000758
641,	0.000035,	0.000045,	0.000045,	0.000725
642,	0.000035,	0.000045,	0.000055,	0.000726
643,	0.000035,	0.000045,	0.000065,	0.000759
644,	0.000035,	0.000045,	0.000075,	0.000784
645,	0.000035,	0.000045,	0.000085,	0.000793
646,	0.000035,	0.000045,	0.000095,	0.000798
649,	0.000035,	0.000055,	0.000005,	0.000798
650,	0.000035,	0.000055,	0.000015,	0.000792
651,	0.000035,	0.000055,	0.000025,	0.000783
652,	0.000035,	0.000055,	0.000035,	0.000753
653,	0.000035,	0.000055,	0.000045,	0.000719
654,	0.000035,	0.000055,	0.000055,	0.000719
655,	0.000035,	0.000055,	0.000065,	0.000755
656,	0.000035,	0.000055,	0.000075,	0.000783
657,	0.000035,	0.000055,	0.000085,	0.000793
658,	0.000035,	0.000055,	0.000095,	0.000798
661,	0.000035,	0.000065,	0.000005,	0.000798
662,	0.000035,	0.000065,	0.000015,	0.000794
663,	0.000035,	0.000065,	0.000025,	0.000787
664,	0.000035,	0.000065,	0.000035,	0.000773
665,	0.000035,	0.000065,	0.000045,	0.000749
666,	0.000035,	0.000065,	0.000055,	0.000750
667,	0.000035,	0.000065,	0.000065,	0.000773
668,	0.000035,	0.000065,	0.000075,	0.000787
669,	0.000035,	0.000065,	0.000085,	0.000794
670,	0.000035,	0.000065,	0.000095,	0.000798
673,	0.000035,	0.000075,	0.000005,	0.000799
674,	0.000035,	0.000075,	0.000015,	0.000795
675,	0.000035,	0.000075,	0.000025,	0.000792
676,	0.000035,	0.000075,	0.000035,	0.000787
677,	0.000035,	0.000075,	0.000045,	0.000781
678,	0.000035,	0.000075,	0.000055,	0.000781
679,	0.000035,	0.000075,	0.000065,	0.000787
680,	0.000035,	0.000075,	0.000075,	0.000792
681,	0.000035,	0.000075,	0.000085,	0.000795
682,	0.000035,	0.000075,	0.000095,	0.000799
685,	0.000035,	0.000085,	0.000005,	0.000799
686,	0.000035,	0.000085,	0.000015,	0.000797
687,	0.000035,	0.000085,	0.000025,	0.000795
688,	0.000035,	0.000085,	0.000035,	0.000793
689,	0.000035,	0.000085,	0.000045,	0.000792
690,	0.000035,	0.000085,	0.000055,	0.000792
691,	0.000035,	0.000085,	0.000065,	0.000793
692,	0.000035,	0.000085,	0.000075,	0.000795
693,	0.000035,	0.000085,	0.000085,	0.000797
694,	0.000035,	0.000085,	0.000095,	0.000799
697,	0.000035,	0.000095,	0.000005,	0.000800
698,	0.000035,	0.000095,	0.000015,	0.000799
699,	0.000035,	0.000095,	0.000025,	0.000798
700,	0.000035,	0.000095,	0.000035,	0.000798
701,	0.000035,	0.000095,	0.000045,	0.000798
702,	0.000035,	0.000095,	0.000055,	0.000798
703,	0.000035,	0.000095,	0.000065,	0.000798
704,	0.000035,	0.000095,	0.000075,	0.000799
705,	0.000035,	0.000095,	0.000085,	0.000799
706,	0.000035,	0.000095,	0.000095,	0.000800
733,	0.000045,	0.000005,	0.000005,	0.000800
734,	0.000045,	0.000005,	0.000015,	0.000799
735,	0.000045,	0.000005,	0.000025,	0.000798
736,	0.000045,	0.000005,	0.000035,	0.000798
737,	0.000045,	0.000005,	0.000045,	0.000797
738,	0.000045,	0.000005,	0.000055,	0.000797
739,	0.000045,	0.000005,	0.000065,	0.000798
740,	0.000045,	0.000005,	0.000075,	0.000798
741,	0.000045,	0.000005,	0.000085,	0.000799
742,	0.000045,	0.000005,	0.000095,	0.000800
745,	0.000045,	0.000015,	0.000005,	0.000799
746,	0.000045,	0.000015,	0.000015,	0.000797
747,	0.000045,	0.000015,	0.000025,	0.000795
748,	0.000045,	0.000015,	0.000035,	0.000793
749,	0.000045,	0.000015,	0.000045,	0.000791
750,	0.000045,	0.000015,	0.000055,	0.000792
751,	0.000045,	0.000015,	0.000065,	0.000793
752,	0.000045,	0.000015,	0.000075,	0.000795
753,	0.000045,	0.000015,	0.000085,	0.000797
754,	0.000045,	0.000015,	0.000095,	0.000799
757,	0.000045,	0.000025,	0.000005,	0.000798
758,	0.000045,	0.000025,	0.000015,	0.000795
759,	0.000045,	0.000025,	0.000025,	0.000791
760,	0.000045,	0.000025,	0.000035,	0.000785
761,	0.000045,	0.000025,	0.000045,	0.000778
762,	0.000045,	0.000025,	0.000055,	0.000778
763,	0.000045,	0.000025,	0.000065,	0.000785
764,	0.000045,	0.000025,	0.000075,	0.000791
765,	0.000045,	0.000025,	0.000085,	0.000795
766,	0.000045,	0.000025,	0.000095,	0.000798
769,	0.000045,	0.000035,	0.000005,	0.000798
770,	0.000045,	0.000035,	0.000015,	0.000793
771,	0.000045,	0.000035,	0.000025,	0.000784
772,	0.000045,	0.000035,	0.000035,	0.000760
773,	0.000045,	0.000035,	0.000045,	0.000730
774,	0.000045,	0.000035,	0.000055,	0.000730
775,	0.000045,	0.000035,	0.000065,	0.000762
776,	0.000045,	0.000035,	0.000075,	0.000785
777,	0.000045,	0.000035,	0.000085,	0.000793
778,	0.000045,	0.000035,	0.000095,	0.000798
781,	0.000045,	0.000045,	0.000005,	0.000797
782,	0.000045,	0.000045,	0.000015,	0.000791
783,	0.000045,	0.000045,	0.000025,	0.000774
784,	0.000045,	0.000045,	0.000035,	0.000721
785,	0.000045,	0.000045,	0.000045,	0.000684
786,	0.000045,	0.000045,	0.000055,	0.000684
787,	0.000045,	0.000045,	0.000065,	0.000724
788,	0.000045,	0.000045,	0.000075,	0.000775
789,	0.000045,	0.000045,	0.000085,	0.000791
790,	0.000045,	0.000045,	0.000095,	0.000797
793,	0.000045,	0.000055,	0.000005,	0.000797
794,	0.000045,	0.000055,	0.000015,	0.000790
795,	0.000045,	0.000055,	0.000025,	0.000772
796,	0.000045,	0.000055,	0.000035,	0.000716
797,	0.000045,	0.000055,	0.000045,	0.000678
798,	0.000045,	0.000055,	0.000055,	0.000678
799,	0.000045,	0.000055,	0.000065,	0.000717
800,	0.000045,	0.000055,	0.000075,	0.000773
801,	0.000045,	0.000055,	0.000085,	0.000791
802,	0.000045,	0.000055,	0.000095,	0.000797
805,	0.000045,	0.000065,	0.000005,	0.000798
806,	0.000045,	0.000065,	0.000015,	0.000792
807,	0.000045,	0.000065,	0.000025,	0.000781
808,	0.000045,	0.000065,	0.000035,	0.000746
809,	0.000045,	0.000065,	0.000045,	0.000710
810,	0.000045,	0.000065,	0.000055,	0.000711
811,	0.000045,	0.000065,	0.000065,	0.000748
812,	0.000045,	0.000065,	0.000075,	0.000782
813,	0.000045,	0.000065,	0.000085,	0.000792
814,	0.000045,	0.000065,	0.000095,	0.000798
817,	0.000045,	0.000075,	0.000005,	0.000798
818,	0.000045,	0.000075,	0.000015,	0.000794
819,	0.000045,	0.000075,	0.000025,	0.000790
820,	0.000045,	0.000075,	0.000035,	0.000781
821,	0.000045,	0.000075,	0.000045,	0.000769
822,	0.000045,	0.000075,	0.000055,	0.000769
823,	0.000045,	0.000075,	0.000065,	0.000781
824,	0.000045,	0.000075,	0.000075,	0.000790
825,	0.000045,	0.000075,	0.000085,	0.000795
826,	0.000045,	0.000075,	0.000095,	0.000798
829,	0.000045,	0.000085,	0.000005,	0.000799
830,	0.000045,	0.000085,	0.000015,	0.000797
831,	0.000045,	0.000085,	0.000025,	0.000794
832,	0.000045,	0.000085,	0.000035,	0.000792
833,	0.000045,	0.000085,	0.000045,	0.000790
834,	0.000045,	0.000085,	0.000055,	0.000790
835,	0.000045,	0.000085,	0.000065,	0.000792
836,	0.000045,	0.000085,	0.000075,	0.000794
837,	0.000045,	0.000085,	0.000085,	0.000797
838,	0.000045,	0.000085,	0.000095,	0.000799
841,	0.000045,	0.000095,	0.000005,	0.000800
842,	0.000045,	0.000095,	0.000015,	0.000799
843,	0.000045,	0.000095,	0.000025,	0.000798
844,	0.000045,	0.000095,	0.000035,	0.000797
845,	0.000045,	0.000095,	0.000045,	0.000797
846,	0.000045,	0.000095,	0.000055,	0.000797
847,	0.000045,	0.000095,	0.000065,	0.000797
848,	0.000045,	0.000095,	0.000075,	0.000798
849,	0.000045,	0.000095,	0.000085,	0.000799
850,	0.000045,	0.000095,	0.000095,	0.000800
877,	0.000055,	0.000005,	0.000005,	0.000800
878,	0.000055,	0.000005,	0.000015,	0.000799
879,	0.000055,	0.000005,	0.000025,	0.000798
880,	0.000055,	0.000005,	0.000035,	0.000798
881,	0.000055,	0.000005,	0.000045,	0.000797
882,	0.000055,	0.000005,	0.000055,	0.000797
883,	0.000055,	0.000005,	0.000065,	0.000798
884,	0.000055,	0.000005,	0.000075,	0.000798
885,	0.000055,	0.000005,	0.000085,	0.000799
886,	0.000055,	0.000005,	0.000095,	0.000800
889,	0.000055,	0.000015,	0.000005,	0.000799
890,	0.000055,	0.000015,	0.000015,	0.000797
891,	0.000055,	0.000015,	0.000025,	0.000795
892,	0.000055,	0.000015,	0.000035,	0.000793
893,	0.000055,	0.000015,	0.000045,	0.000791
894,	0.000055,	0.000015,	0.000055,	0.000791
895,	0.000055,	0.000015,	0.000065,	0.000793
896,	0.000055,	0.000015,	0.000075,	0.000795
897,	0.000055,	0.000015,	0.000085,	0.000797
898,	0.000055,	0.000015,	0.000095,	0.000799
901,	0.000055,	0.000025,	0.000005,	0.000798
902,	0.000055,	0.000025,	0.000015,	0.000795
903,	0.000055,	0.000025,	0.000025,	0.000791
904,	0.000055,	0.000025,	0.000035,	0.000784
905,	0.000055,	0.000025,	0.000045,	0.000777
906,	0.000055,	0.000025,	0.000055,	0.000777
907,	0.000055,	0.000025,	0.000065,	0.000785
908,	0.000055,	0.000025,	0.000075,	0.000791
909,	0.000055,	0.000025,	0.000085,	0.000795
910,	0.000055,	0.000025,	0.000095,	0.000798
913,	0.000055,	0.000035,	0.000005,	0.000798
914,	0.000055,	0.000035,	0.000015,	0.000793
915,	0.000055,	0.000035,	0.000025,	0.000784
916,	0.000055,	0.000035,	0.000035,	0.000759
917,	0.000055,	0.000035,	0.000045,	0.000727
918,	0.000055,	0.000035,	0.000055,	0.000728
919,	0.000055,	0.000035,	0.000065,	0.000761
920,	0.000055,	0.000035,	0.000075,	0.000784
921,	0.000055,	0.000035,	0.000085,	0.000793
922,	0.000055,	0.000035,	0.000095,	0.000798
925,	0.000055,	0.000045,	0.000005,	0.000797
926,	0.000055,	0.000045,	0.000015,	0.000791
927,	0.000055,	0.000045,	0.000025,	0.000773
928,	0.000055,	0.000045,	0.000035,	0.000719
929,	0.000055,	0.000045,	0.000045,	0.000682
930,	0.000055,	0.000045,	0.000055,	0.000683
931,	0.000055,	0.000045,	0.000065,	0.000722
932,	0.000055,	0.000045,	0.000075,	0.000775
933,	0.000055,	0.000045,	0.000085,	0.000791
934,	0.000055,	0.000045,	0.000095,	0.000797
937,	0.000055,	0.000055,	0.000005,	0.000797
938,	0.000055,	0.000055,	0.000015,	0.000790
939,	0.000055,	0.000055,	0.000025,	0.000771
940,	0.000055,	0.000055,	0.000035,	0.000714
941,	0.000055,	0.000055,	0.000045,	0.000675
942,	0.000055,	0.000055,	0.000055,	0.000677
943,	0.000055,	0.000055,	0.000065,	0.000716
944,	0.000055,	0.000055,	0.000075,	0.000772
945,	0.000055,	0.000055,	0.000085,	0.000790
946,	0.000055,	0.000055,	0.000095,	0.000797
949,	0.000055,	0.000065,	0.000005,	0.000798
950,	0.000055,	0.000065,	0.000015,	0.000792
951,	0.000055,	0.000065,	0.000025,	0.000781
952,	0.000055,	0.000065,	0.000035,	0.000745
953,	0.000055,	0.000065,	0.000045,	0.000708
954,	0.000055,	0.000065,	0.000055,	0.000709
955,	0.000055,	0.000065,	0.000065,	0.000747
956,	0.000055,	0.000065,	0.000075,	0.000782
957,	0.000055,	0.000065,	0.000085,	0.000792
958,	0.000055,	0.000065,	0.000095,	0.000798
961,	0.000055,	0.000075,	0.000005,	0.000798
962,	0.000055,	0.000075,	0.000015,	0.000794
963,	0.000055,	0.000075,	0.000025,	0.000789
964,	0.000055,	0.000075,	0.000035,	0.000780
965,	0.000055,	0.000075,	0.000045,	0.000768
966,	0.000055,	0.000075,	0.000055,	0.000769
967,	0.000055,	0.000075,	0.000065,	0.000781
968,	0.000055,	0.000075,	0.000075,	0.000790
969,	0.000055,	0.000075,	0.000085,	0.000794
970,	0.000055,	0.000075,	0.000095,	0.000798
973,	0.000055,	0.000085,	0.000005,	0.000799
974,	0.000055,	0.000085,	0.000015,	0.000797
975,	0.000055,	0.000085,	0.000025,	0.000794
976,	0.000055,	0.000085,	0.000035,	0.000792
977,	0.000055,	0.000085,	0.000045,	0.000789
978,	0.000055,	0.000085,	0.000055,	0.000789
979,	0.000055,	0.000085,	0.000065,	0.000792
980,	0.000055,	0.000085,	0.000075,	0.000794
981,	0.000055,	0.000085,	0.000085,	0.000797
982,	0.000055,	0.000085,	0.000095,	0.000799
985,	0.000055,	0.000095,	0.000005,	0.000800
986,	0.000055,	0.000095,	0.000015,	0.000799
987,	0.000055,	0.000095,	0.000025,	0.000798
988,	0.000055,	0.000095,	0.000035,	0.000797
989,	0.000055,	0.000095,	0.000045,	0.000797
990,	0.000055,	0.000095,	0.000055,	0.000797
991,	0.000055,	0.000095,	0.000065,	0.000797
992,	0.000055,	0.000095,	0.000075,	0.000798
993,	0.000055,	0.000095,	0.000085,	0.000799
994,	0.000055,	0.000095,	0.000095,	0.000800
1021,	0.000065,	0.000005,	0.000005,	0.000800
1022,	0.000065,	0.000005,	0.000015,	0.000799
1023,	0.000065,	0.000005,	0.000025,	0.000799
1024,	0.000065,	0.000005,	0.000035,	0.000798
1025,	0.000065,	0.000005,	0.000045,	0.000798
1026,	0.000065,	0.000005,	0.000055,	0.000798
1027,	0.000065,	0.000005,	0.000065,	0.000798
1028,	0.000065,	0.000005,	0.000075,	0.000799
1029,	0.000065,	0.000005,	0.000085,	0.000799
1030,	0.000065,	0.000005,	0.000095,	0.000800
1033,	0.000065,	0.000015,	0.000005,	0.000799
1034,	0.000065,	0.000015,	0.000015,	0.000798
1035,	0.000065,	0.000015,	0.000025,	0.000796
1036,	0.000065,	0.000015,	0.000035,	0.000794
1037,	0.000065,	0.000015,	0.000045,	0.000793
1038,	0.000065,	0.000015,	0.000055,	0.000793
1039,	0.000065,	0.000015,	0.000065,	0.000794
1040,	0.000065,	0.000015,	0.000075,	0.000796
1041,	0.000065,	0.000015,	0.000085,	0.000798
1042,	0.000065,	0.000015,	0.000095,	0.000799
1045,	0.000065,	0.000025,	0.000005,	0.000799
1046,	0.000065,	0.000025,	0.000015,	0.000796
1047,	0.000065,	0.000025,	0.000025,	0.000792
1048,	0.000065,	0.000025,	0.000035,	0.000788
1049,	0.000065,	0.000025,	0.000045,	0.000784
1050,	0.000065,	0.000025,	0.000055,	0.000785
1051,	0.000065,	0.000025,	0.000065,	0.000789
1052,	0.000065,	0.000025,	0.000075,	0.000792
1053,	0.000065,	0.000025,	0.000085,	0.000796
1054,	0.000065,	0.000025,	0.000095,	0.000799
1057,	0.000065,	0.000035,	0.000005,	0.000798
1058,	0.000065,	0.000035,	0.000015,	0.000794
1059,	0.000065,	0.000035,	0.000025,	0.000788
1060,	0.000065,	0.000035,	0.000035,	0.000777
1061,	0.000065,	0.000035,	0.000045,	0.000759
1062,	0.000065,	0.000035,	0.000055,	0.000759
1063,	0.000065,	0.000035,	0.000065,	0.000778
1064,	0.000065,	0.000035,	0.000075,	0.000788
1065,	0.000065,	0.000035,	0.000085,	0.000794
1066,	0.000065,	0.000035,	0.000095,	0.000798
1069,	0.000065,	0.000045,	0.000005,	0.000798
1070,	0.000065,	0.000045,	0.000015,	0.000792
1071,	0.000065,	0.000045,	0.000025,	0.000783
1072,	0.000065,	0.000045,	0.000035,	0.000753
1073,	0.000065,	0.000045,	0.000045,	0.000719
1074,	0.000065,	0.000045,	0.000055,	0.000719
1075,	0.000065,	0.000045,	0.000065,	0.000755
1076,	0.000065,	0.000045,	0.000075,	0.000783
1077,	0.000065,	0.000045,	0.000085,	0.000793
1078,	0.000065,	0.000045,	0.000095,	0.000798
1081,	0.000065,	0.000055,	0.000005,	0.000798
1082,	0.000065,	0.000055,	0.000015,	0.000792
1083,	0.000065,	0.000055,	0.000025,	0.000782
1084,	0.000065,	0.000055,	0.000035,	0.000748
1085,	0.000065,	0.000055,	0.000045,	0.000712
1086,	0.000065,	0.000055,	0.000055,	0.000714
1087,	0.000065,	0.000055,	0.000065,	0.000750
1088,	0.000065,	0.000055,	0.000075,	0.000782
1089,	0.000065,	0.000055,	0.000085,	0.000792
1090,	0.000065,	0.000055,	0.000095,	0.000798
1093,	0.000065,	0.000065,	0.000005,	0.000798
1094,	0.000065,	0.000065,	0.000015,	0.000793
1095,	0.000065,	0.000065,	0.000025,	0.000787
1096,	0.000065,	0.000065,	0.000035,	0.000770
1097,	0.000065,	0.000065,	0.000045,	0.000744
1098,	0.000065,	0.000065,	0.000055,	0.000745
1099,	0.000065,	0.000065,	0.000065,	0.000771
1100,	0.000065,	0.000065,	0.000075,	0.000787
1101,	0.000065,	0.000065,	0.000085,	0.000794
1102,	0.000065,	0.000065,	0.000095,	0.000798
1105,	0.000065,	0.000075,	0.000005,	0.000798
1106,	0.000065,	0.000075,	0.000015,	0.000795
1107,	0.000065,	0.000075,	0.000025,	0.000791
1108,	0.000065,	0.000075,	0.000035,	0.000786
1109,	0.000065,	0.000075,	0.000045,	0.000780
1110,	0.000065,	0.000075,	0.000055,	0.000780
1111,	0.000065,	0.000075,	0.000065,	0.000786
1112,	0.000065,	0.000075,	0.000075,	0.000792
1113,	0.000065,	0.000075,	0.000085,	0.000795
1114,	0.000065,	0.000075,	0.000095,	0.000799
1117,	0.000065,	0.000085,	0.000005,	0.000799
1118,	0.000065,	0.000085,	0.000015,	0.000797
1119,	0.000065,	0.000085,	0.000025,	0.000795
1120,	0.000065,	0.000085,	0.000035,	0.000793
1121,	0.000065,	0.000085,	0.000045,	0.000792
1122,	0.000065,	0.000085,	0.000055,	0.000792
1123,	0.000065,	0.000085,	0.000065,	0.000793
1124,	0.000065,	0.000085,	0.000075,	0.000795
1125,	0.000065,	0.000085,	0.000085,	0.000797
1126,	0.000065,	0.000085,	0.000095,	0.000799
1129,	0.000065,	0.000095,	0.000005,	0.000800
1130,	0.000065,	0.000095,	0.000015,	0.000799
1131,	0.000065,	0.000095,	0.000025,	0.000798
1132,	0.000065,	0.000095,	0.000035,	0.000798
1133,	0.000065,	0.000095,	0.000045,	0.000797
1134,	0.000065,	0.000095,	0.000055,	0.000797
1135,	0.000065,	0.000095,	0.000065,	0.000798
1136,	0.000065,	0.000095,	0.000075,	0.000798
1137,	0.000065,	0.000095,	0.000085,	0.000799
1138,	0.000065,	0.000095,	0.000095,	0.000800
1165,	0.000075,	0.000005,	0.000005,	0.000800
1166,	0.000075,	0.000005,	0.000015,	0.000799
1167,	0.000075,	0.000005,	0.000025,	0.000799
1168,	0.000075,	0.000005,	0.000035,	0.000799
1169,	0.000075,	0.000005,	0.000045,	0.000798
1170,	0.000075,	0.000005,	0.000055,	0.000798
1171,	0.000075,	0.000005,	0.000065,	0.000799
1172,	0.000075,	0.000005,	0.000075,	0.000799
1173,	0.000075,	0.000005,	0.000085,	0.000799
1174,	0.000075,	0.000005,	0.000095,	0.000800
1177,	0.000075,	0.000015,	0.000005,	0.000799
1178,	0.000075,	0.000015,	0.000015,	0.000798
1179,	0.000075,	0.000015,	0.000025,	0.000797
1180,	0.000075,	0.000015,	0.000035,	0.000796
1181,	0.000075,	0.000015,	0.000045,	0.000795
1182,	0.000075,	0.000015,	0.000055,	0.000795
1183,	0.000075,	0.000015,	0.000065,	0.000796
1184,	0.000075,	0.000015,	0.000075,	0.000797
1185,	0.000075,	0.000015,	0.000085,	0.000798
1186,	0.000075,	0.000015,	0.000095,	0.000799
1189,	0.000075,	0.000025,	0.000005,	0.000799
1190,	0.000075,	0.000025,	0.000015,	0.000797
1191,	0.000075,	0.000025,	0.000025,	0.000795
1192,	0.000075,	0.000025,	0.000035,	0.000792
1193,	0.000075,	0.000025,	0.000045,	0.000791
1194,	0.000075,	0.000025,	0.000055,	0.000791
1195,	0.000075,	0.000025,	0.000065,	0.000792
1196,	0.000075,	0.000025,	0.000075,	0.000795
1197,	0.000075,	0.000025,	0.000085,	0.000797
1198,	0.000075,	0.000025,	0.000095,	0.000799
1201,	0.000075,	0.000035,	0.000005,	0.000799
1202,	0.000075,	0.000035,	0.000015,	0.000796
1203,	0.000075,	0.000035,	0.000025,	0.000792
1204,	0.000075,	0.000035,	0.000035,	0.000788
1205,	0.000075,	0.000035,	0.000045,	0.000784
1206,	0.000075,	0.000035,	0.000055,	0.000784
1207,	0.000075,	0.000035,	0.000065,	0.000788
1208,	0.000075,	0.000035,	0.000075,	0.000792
1209,	0.000075,	0.000035,	0.000085,	0.000796
1210,	0.000075,	0.000035,	0.000095,	0.000799
1213,	0.000075,	0.000045,	0.000005,	0.000798
1214,	0.000075,	0.000045,	0.000015,	0.000795
1215,	0.000075,	0.000045,	0.000025,	0.000790
1216,	0.000075,	0.000045,	0.000035,	0.000783
1217,	0.000075,	0.000045,	0.000045,	0.000773
1218,	0.000075,	0.000045,	0.000055,	0.000773
1219,	0.000075,	0.000045,	0.000065,	0.000783
1220,	0.000075,	0.000045,	0.000075,	0.000790
1221,	0.000075,	0.000045,	0.000085,	0.000795
1222,	0.000075,	0.000045,	0.000095,	0.000798
1225,	0.000075,	0.000055,	0.000005,	0.000798
1226,	0.000075,	0.000055,	0.000015,	0.000795
1227,	0.000075,	0.000055,	0.000025,	0.000790
1228,	0.000075,	0.000055,	0.000035,	0.000782
1229,	0.000075,	0.000055,	0.000045,	0.000771
1230,	0.000075,	0.000055,	0.000055,	0.000771
1231,	0.000075,	0.000055,	0.000065,	0.000782
1232,	0.000075,	0.000055,	0.000075,	0.000790
1233,	0.000075,	0.000055,	0.000085,	0.000795
1234,	0.000075,	0.000055,	0.000095,	0.000798
1237,	0.000075,	0.000065,	0.000005,	0.000799
1238,	0.000075,	0.000065,	0.000015,	0.000795
1239,	0.000075,	0.000065,	0.000025,	0.000792
1240,	0.000075,	0.000065,	0.000035,	0.000786
1241,	0.000075,	0.000065,	0.000045,	0.000781
1242,	0.000075,	0.000065,	0.000055,	0.000781
1243,	0.000075,	0.000065,	0.000065,	0.000787
1244,	0.000075,	0.000065,	0.000075,	0.000792
1245,	0.000075,	0.000065,	0.000085,	0.000795
1246,	0.000075,	0.000065,	0.000095,	0.000799
1249,	0.000075,	0.000075,	0.000005,	0.000799
1250,	0.000075,	0.000075,	0.000015,	0.000797
1251,	0.000075,	0.000075,	0.000025,	0.000794
1252,	0.000075,	0.000075,	0.000035,	0.000791
1253,	0.000075,	0.000075,	0.000045,	0.000789
1254,	0.000075,	0.000075,	0.000055,	0.000789
1255,	0.000075,	0.000075,	0.000065,	0.000791
1256,	0.000075,	0.000075,	0.000075,	0.000794
1257,	0.000075,	0.000075,	0.000085,	0.000797
1258,	0.000075,	0.000075,	0.000095,	0.000799
1261,	0.000075,	0.000085,	0.000005,	0.000799
1262,	0.000075,	0.000085,	0.000015,	0.000798
1263,	0.000075,	0.000085,	0.000025,	0.000797
1264,	0.000075,	0.000085,	0.000035,	0.000795
1265,	0.000075,	0.000085,	0.000045,	0.000794
1266,	0.000075,	0.000085,	0.000055,	0.000794
1267,	0.000075,	0.000085,	0.000065,	0.000795
1268,	0.000075,	0.000085,	0.000075,	0.000797
1269,	0.000075,	0.000085,	0.000085,	0.000798
1270,	0.000075,	0.000085,	0.000095,	0.000799
1273,	0.000075,	0.000095,	0.000005,	0.000800
1274,	0.000075,	0.000095,	0.000015,	0.000799
1275,	0.000075,	0.000095,	0.000025,	0.000799
1276,	0.000075,	0.000095,	0.000035,	0.000798
1277,	0.000075,	0.000095,	0.000045,	0.000798
1278,	0.000075,	0.000095,	0.000055,	0.000798
1279,	0.000075,	0.000095,	0.000065,	0.000798
1280,	0.000075,	0.000095,	0.000075,	0.000799
1281,	0.000075,	0.000095,	0.000085,	0.000799
1282,	0.000075,	0.000095,	0.000095,	0.000800
1309,	0.000085,	0.000005,	0.000005,	0.000800
1310,	0.000085,	0.000005,	0.000015,	0.000800
1311,	0.000085,	0.000005,	0.000025,	0.000799
1312,	0.000085,	0.000005,	0.000035,	0.000799
1313,	0.000085,	0.000005,	0.000045,	0.000799
1314,	0.000085,	0.000005,	0.000055,	0.000799
1315,	0.000085,	0.000005,	0.000065,	0.000799
1316,	0.000085,	0.000005,	0.000075,	0.000799
1317,	0.000085,	0.000005,	0.000085,	0.000800
1318,	0.000085,	0.000005,	0.000095,	0.000800
1321,	0.000085,	0.000015,	0.000005,	0.000800
1322,	0.000085,	0.000015,	0.000015,	0.000799
1323,	0.000085,	0.000015,	0.000025,	0.000798
1324,	0.000085,	0.000015,	0.000035,	0.000798
1325,	0.000085,	0.000015,	0.000045,	0.000797
1326,	0.000085,	0.000015,	0.000055,	0.000797
1327,	0.000085,	0.000015,	0.000065,	0.000798
1328,	0.000085,	0.000015,	0.000075,	0.000798
1329,	0.000085,	0.000015,	0.000085,	0.000799
1330,	0.000085,	0.000015,	0.000095,	0.000800
1333,	0.000085,	0.000025,	0.000005,	0.000799
1334,	0.000085,	0.000025,	0.000015,	0.000798
1335,	0.000085,	0.000025,	0.000025,	0.000797
1336,	0.000085,	0.000025,	0.000035,	0.000796
1337,	0.000085,	0.000025,	0.000045,	0.000795
1338,	0.000085,	0.000025,	0.000055,	0.000795
1339,	0.000085,	0.000025,	0.000065,	0.000796
1340,	0.000085,	0.000025,	0.000075,	0.000797
1341,	0.000085,	0.000025,	0.000085,	0.000798
1342,	0.000085,	0.000025,	0.000095,	0.000799
1345,	0.000085,	0.000035,	0.000005,	0.000799
1346,	0.000085,	0.000035,	0.000015,	0.000797
1347,	0.000085,	0.000035,	0.000025,	0.000796
1348,	0.000085,	0.000035,	0.000035,	0.000794
1349,	0.000085,	0.000035,	0.000045,	0.000793
1350,	0.000085,	0.000035,	0.000055,	0.000793
1351,	0.000085,	0.000035,	0.000065,	0.000794
1352,	0.000085,	0.000035,	0.000075,	0.000796
1353,	0.000085,	0.000035,	0.000085,	0.000797
1354,	0.000085,	0.000035,	0.000095,	0.000799
1357,	0.000085,	0.000045,	0.000005,	0.000799
1358,	0.000085,	0.000045,	0.000015,	0.000797
1359,	0.000085,	0.000045,	0.000025,	0.000795
1360,	0.000085,	0.000045,	0.000035,	0.000792
1361,	0.000085,	0.000045,	0.000045,	0.000790
1362,	0.000085,	0.000045,	0.000055,	0.000790
1363,	0.000085,	0.000045,	0.000065,	0.000792
1364,	0.000085,	0.000045,	0.000075,	0.000795
1365,	0.000085,	0.000045,	0.000085,	0.000797
1366,	0.000085,	0.000045,	0.000095,	0.000799
1369,	0.000085,	0.000055,	0.000005,	0.000799
1370,	0.000085,	0.000055,	0.000015,	0.000797
1371,	0.000085,	0.000055,	0.000025,	0.000795
1372,	0.000085,	0.000055,	0.000035,	0.000792
1373,	0.000085,	0.000055,	0.000045,	0.000790
1374,	0.000085,	0.000055,	0.000055,	0.000790
1375,	0.000085,	0.000055,	0.000065,	0.000792
1376,	0.000085,	0.000055,	0.000075,	0.000795
1377,	0.000085,	0.000055,	0.000085,	0.000797
1378,	0.000085,	0.000055,	0.000095,	0.000799
1381,	0.000085,	0.000065,	0.000005,	0.000799
1382,	0.000085,	0.000065,	0.000015,	0.000797
1383,	0.000085,	0.000065,	0.000025,	0.000795
1384,	0.000085,	0.000065,	0.000035,	0.000793
1385,	0.000085,	0.000065,	0.000045,	0.000792
1386,	0.000085,	0.000065,	0.000055,	0.000792
1387,	0.000085,	0.000065,	0.000065,	0.000793
1388,	0.000085,	0.000065,	0.000075,	0.000795
1389,	0.000085,	0.000065,	0.000085,	0.000797
1390,	0.000085,	0.000065,	0.000095,	0.000799
1393,	0.000085,	0.000075,	0.000005,	0.000799
1394,	0.000085,	0.000075,	0.000015,	0.000798
1395,	0.000085,	0.000075,	0.000025,	0.000797
1396,	0.000085,	0.000075,	0.000035,	0.000795
1397,	0.000085,	0.000075,	0.000045,	0.000794
1398,	0.000085,	0.000075,	0.000055,	0.000794
1399,	0.000085,	0.000075,	0.000065,	0.000795
1400,	0.000085,	0.000075,	0.000075,	0.000797
1401,	0.000085,	0.000075,	0.000085,	0.000798
1402,	0.000085,	0.000075,	0.000095,	0.000799
1405,	0.000085,	0.000085,	0.000005,	0.000800
1406,	0.000085,	0.000085,	0.000015,	0.000799
1407,	0.000085,	0.000085,	0.000025,	0.000798
1408,	0.000085,	0.000085,	0.000035,	0.000797
1409,	0.000085,	0.000085,	0.000045,	0.000797
1410,	0.000085,	0.000085,	0.000055,	0.000797
1411,	0.000085,	0.000085,	0.000065,	0.000797
1412,	0.000085,	0.000085,	0.000075,	0.000798
1413,	0.000085,	0.000085,	0.000085,	0.000799
1414,	0.000085,	0.000085,	0.000095,	0.000800
1417,	0.000085,	0.000095,	0.000005,	0.000800
1418,	0.000085,	0.000095,	0.000015,	0.000800
1419,	0.000085,	0.000095,	0.000025,	0.000799
1420,	0.000085,	0.000095,	0.000035,	0.000799
1421,	0.000085,	0.000095,	0.000045,	0.000799
1422,	0.000085,	0.000095,	0.000055,	0.000799
1423,	0.000085,	0.000095,	0.000065,	0.000799
1424,	0.000085,	0.000095,	0.000075,	0.000799
1425,	0.000085,	0.000095,	0.000085,	0.000800
1426,	0.000085,	0.000095,	0.000095,	0.000800
1453,	0.000095,	0.000005,	0.000005,	0.000800
1454,	0.000095,	0.000005,	0.000015,	0.000800
1455,	0.000095,	0.000005,	0.000025,	0.000800
1456,	0.000095,	0.000005,	0.000035,	0.000800
1457,	0.000095,	0.000005,	0.000045,	0.000800
1458,	0.000095,	0.000005,	0.000055,	0.000800
1459,	0.000095,	0.000005,	0.000065,	0.000800
1460,	0.000095,	0.000005,	0.000075,	0.000800
1461,	0.000095,	0.000005,	0.000085,	0.000800
1462,	0.000095,	0.000005,	0.000095,	0.000800
1465,	0.000095,	0.000015,	0.000005,	0.000800
1466,	0.000095,	0.000015,	0.000015,	0.000800
1467,	0.000095,	0.000015,	0.000025,	0.000799
1468,	0.000095,	0.000015,	0.000035,	0.000799
1469,	0.000095,	0.000015,	0.000045,	0.000799
1470,	0.000095,	0.000015,	0.000055,	0.000799
1471,	0.000095,	0.000015,	0.000065,	0.000799
1472,	0.000095,	0.000015,	0.000075,	0.000799
1473,	0.000095,	0.000015,	0.000085,	0.000800
1474,	0.000095,	0.000015,	0.000095,	0.000800
1477,	0.000095,	0.000025,	0.000005,	0.000800
1478,	0.000095,	0.000025,	0.000015,	0.000799
1479,	0.000095,	0.000025,	0.000025,	0.000799
1480,	0.000095,	0.000025,	0.000035,	0.000799
1481,	0.000095,	0.000025,	0.000045,	0.000798
1482,	0.000095,	0.000025,	0.000055,	0.000798
1483,	0.000095,	0.000025,	0.000065,	0.000799
1484,	0.000095,	0.000025,	0.000075,	0.000799
1485,	0.000095,	0.000025,	0.000085,	0.000799
1486,	0.000095,	0.000025,	0.000095,	0.000800
1489,	0.000095,	0.000035,	0.000005,	0.000800
1490,	0.000095,	0.000035,	0.000015,	0.000799
1491,	0.000095,	0.000035,	0.000025,	0.000799
1492,	0.000095,	0.000035,	0.000035,	0.000798
1493,	0.000095,	0.000035,	0.000045,	0.000798
1494,	0.000095,	0.000035,	0.000055,	0.000798
1495,	0.000095,	0.000035,	0.000065,	0.000798
1496,	0.000095,	0.000035,	0.000075,	0.000799
1497,	0.000095,	0.000035,	0.000085,	0.000799
1498,	0.000095,	0.000035,	0.000095,	0.000800
1501,	0.000095,	0.000045,	0.000005,	0.000800
1502,	0.000095,	0.000045,	0.000015,	0.000799
1503,	0.000095,	0.000045,	0.000025,	0.000798
1504,	0.000095,	0.000045,	0.000035,	0.000798
1505,	0.000095,	0.000045,	0.000045,	0.000797
1506,	0.000095,	0.000045,	0.000055,	0.000797
1507,	0.000095,	0.000045,	0.000065,	0.000798
1508,	0.000095,	0.000045,	0.000075,	0.000798
1509,	0.000095,	0.000045,	0.000085,	0.000799
1510,	0.000095,	0.000045,	0.000095,	0.000800
1513,	0.000095,	0.000055,	0.000005,	0.000800
1514,	0.000095,	0.000055,	0.000015,	0.000799
1515,	0.000095,	0.000055,	0.000025,	0.000798
1516,	0.000095,	0.000055,	0.000035,	0.000798
1517,	0.000095,	0.000055,	0.000045,	0.000797
1518,	0.000095,	0.000055,	0.000055,	0.000797
1519,	0.000095,	0.000055,	0.000065,	0.000798
1520,	0.000095,	0.000055,	0.000075,	0.000798
1521,	0.000095,	0.000055,	0.000085,	0.000799
1522,	0.000095,	0.000055,	0.000095,	0.000800
1525,	0.000095,	0.000065,	0.000005,	0.000800
1526,	0.000095,	0.000065,	0.000015,	0.000799
1527,	0.000095,	0.000065,	0.000025,	0.000799
1528,	0.000095,	0.000065,	0.000035,	0.000798
1529,	0.000095,	0.000065,	0.000045,	0.000798
1530,	0.000095,	0.000065,	0.000055,	0.000798
1531,	0.000095,	0.000065,	0.000065,	0.000798
1532,	0.000095,	0.000065,	0.000075,	0.000799
1533,	0.000095,	0.000065,	0.000085,	0.000799
1534,	0.000095,	0.000065,	0.000095,	0.000800
1537,	0.000095,	0.000075,	0.000005,	0.000800
1538,	0.000095,	0.000075,	0.000015,	0.000799
1539,	0.000095,	0.000075,	0.000025,	0.000799
1540,	0.000095,	0.000075,	0.000035,	0.000798
1541,	0.000095,	0.000075,	0.000045,	0.000798
1542,	0.000095,	0.000075,	0.000055,	0.000798
1543,	0.000095,	0.000075,	0.000065,	0.000798
1544,	0.000095,	0.000075,	0.000075,	0.000799
1545,	0.000095,	0.000075,	0.000085,	0.000799
1546,	0.000095,	0.000075,	0.000095,	0.000800
1549,	0.000095,	0.000085,	0.000005,	0.000800
1550,	0.000095,	0.000085,	0.000015,	0.000800
1551,	0.000095,	0.000085,	0.000025,	0.000799
1552,	0.000095,	0.000085,	0.000035,	0.000799
1553,	0.000095,	0.000085,	0.000045,	0.000799
1554,	0.000095,	0.000085,	0.000055,	0.000799
1555,	0.000095,	0.000085,	0.000065,	0.000799
1556,	0.000095,	0.000085,	0.000075,	0.000799
1557,	0.000095,	0.000085,	0.000085,	0.000800
1558,	0.000095,	0.000085,	0.000095,	0.000800
1561,	0.000095,	0.000095,	0.000005,	0.000800
1562,	0.000095,	0.000095,	0.000015,	0.000800
1563,	0.000095,	0.000095,	0.000025,	0.000800
1564,	0.000095,	0.000095,	0.000035,	0.000800
1565,	0.000095,	0.000095,	0.000045,	0.000800
1566,	0.000095,	0.000095,	0.000055,	0.000800
1567,	0.000095,	0.000095,	0.000065,	0.000800
1568,	0.000095,	0.000095,	0.000075,	0.000800
1569,	0.000095,	0.000095,	0.000085,	0.000800
1570,	0.000095,	0.000095,	0.000095,	0.000800
