,x,y,z,scalar,1,1,1,0.5
157,	0.000005,	0.000005,	0.000005,	0.000800
158,	0.000005,	0.000005,	0.000015,	0.000800
159,	0.000005,	0.000005,	0.000025,	0.000800
160,	0.000005,	0.000005,	0.000035,	0.000800
161,	0.000005,	0.000005,	0.000045,	0.000800
162,	0.000005,	0.000005,	0.000055,	0.000800
163,	0.000005,	0.000005,	0.000065,	0.000800
164,	0.000005,	0.000005,	0.000075,	0.000800
165,	0.000005,	0.000005,	0.000085,	0.000800
166,	0.000005,	0.000005,	0.000095,	0.000800
169,	0.000005,	0.000015,	0.000005,	0.000800
170,	0.000005,	0.000015,	0.000015,	0.000800
171,	0.000005,	0.000015,	0.000025,	0.000800
172,	0.000005,	0.000015,	0.000035,	0.000800
173,	0.000005,	0.000015,	0.000045,	0.000800
174,	0.000005,	0.000015,	0.000055,	0.000800
175,	0.000005,	0.000015,	0.000065,	0.000800
176,	0.000005,	0.000015,	0.000075,	0.000800
177,	0.000005,	0.000015,	0.000085,	0.000800
178,	0.000005,	0.000015,	0.000095,	0.000800
181,	0.000005,	0.000025,	0.000005,	0.000800
182,	0.000005,	0.000025,	0.000015,	0.000800
183,	0.000005,	0.000025,	0.000025,	0.000800
184,	0.000005,	0.000025,	0.000035,	0.000799
185,	0.000005,	0.000025,	0.000045,	0.000799
186,	0.000005,	0.000025,	0.000055,	0.000799
187,	0.000005,	0.000025,	0.000065,	0.000799
188,	0.000005,	0.000025,	0.000075,	0.000800
189,	0.000005,	0.000025,	0.000085,	0.000800
190,	0.000005,	0.000025,	0.000095,	0.000800
193,	0.000005,	0.000035,	0.000005,	0.000800
194,	0.000005,	0.000035,	0.000015,	0.000800
195,	0.000005,	0.000035,	0.000025,	0.000799
196,	0.000005,	0.000035,	0.000035,	0.000799
197,	0.000005,	0.000035,	0.000045,	0.000799
198,	0.000005,	0.000035,	0.000055,	0.000799
199,	0.000005,	0.000035,	0.000065,	0.000799
200,	0.000005,	0.000035,	0.000075,	0.000799
201,	0.000005,	0.000035,	0.000085,	0.000800
202,	0.000005,	0.000035,	0.000095,	0.000800
205,	0.000005,	0.000045,	0.000005,	0.000800
206,	0.000005,	0.000045,	0.000015,	0.000800
207,	0.000005,	0.000045,	0.000025,	0.000799
208,	0.000005,	0.000045,	0.000035,	0.000799
209,	0.000005,	0.000045,	0.000045,	0.000799
210,	0.000005,	0.000045,	0.000055,	0.000799
211,	0.000005,	0.000045,	0.000065,	0.000799
212,	0.000005,	0.000045,	0.000075,	0.000799
213,	0.000005,	0.000045,	0.000085,	0.000800
214,	0.000005,	0.000045,	0.000095,	0.000800
217,	0.000005,	0.000055,	0.000005,	0.000800
218,	0.000005,	0.000055,	0.000015,	0.000800
219,	0.000005,	0.000055,	0.000025,	0.000799
220,	0.000005,	0.000055,	0.000035,	0.000799
221,	0.000005,	0.000055,	0.000045,	0.000799
222,	0.000005,	0.000055,	0.000055,	0.000799
223,	0.000005,	0.000055,	0.000065,	0.000799
224,	0.000005,	0.000055,	0.000075,	0.000799
225,	0.000005,	0.000055,	0.000085,	0.000800
226,	0.000005,	0.000055,	0.000095,	0.000800
229,	0.000005,	0.000065,	0.000005,	0.000800
230,	0.000005,	0.000065,	0.000015,	0.000800
231,	0.000005,	0.000065,	0.000025,	0.000799
232,	0.000005,	0.000065,	0.000035,	0.000799
233,	0.000005,	0.000065,	0.000045,	0.000799
234,	0.000005,	0.000065,	0.000055,	0.000799
235,	0.000005,	0.000065,	0.000065,	0.000799
236,	0.000005,	0.000065,	0.000075,	0.000799
237,	0.000005,	0.000065,	0.000085,	0.000800
238,	0.000005,	0.000065,	0.000095,	0.000800
241,	0.000005,	0.000075,	0.000005,	0.000800
242,	0.000005,	0.000075,	0.000015,	0.000800
243,	0.000005,	0.000075,	0.000025,	0.000800
244,	0.000005,	0.000075,	0.000035,	0.000799
245,	0.000005,	0.000075,	0.000045,	0.000799
246,	0.000005,	0.000075,	0.000055,	0.000799
247,	0.000005,	0.000075,	0.000065,	0.000799
248,	0.000005,	0.000075,	0.000075,	0.000800
249,	0.000005,	0.000075,	0.000085,	0.000800
250,	0.000005,	0.000075,	0.000095,	0.000800
253,	0.000005,	0.000085,	0.000005,	0.000800
254,	0.000005,	0.000085,	0.000015,	0.000800
255,	0.000005,	0.000085,	0.000025,	0.000800
256,	0.000005,	0.000085,	0.000035,	0.000800
257,	0.000005,	0.000085,	0.000045,	0.000800
258,	0.000005,	0.000085,	0.000055,	0.000800
259,	0.000005,	0.000085,	0.000065,	0.000800
260,	0.000005,	0.000085,	0.000075,	0.000800
261,	0.000005,	0.000085,	0.000085,	0.000800
262,	0.000005,	0.000085,	0.000095,	0.000800
265,	0.000005,	0.000095,	0.000005,	0.000800
266,	0.000005,	0.000095,	0.000015,	0.000800
267,	0.000005,	0.000095,	0.000025,	0.000800
268,	0.000005,	0.000095,	0.000035,	0.000800
269,	0.000005,	0.000095,	0.000045,	0.000800
270,	0.000005,	0.000095,	0.000055,	0.000800
271,	0.000005,	0.000095,	0.000065,	0.000800
272,	0.000005,	0.000095,	0.000075,	0.000800
273,	0.000005,	0.000095,	0.000085,	0.000800
274,	0.000005,	0.000095,	0.000095,	0.000800
301,	0.000015,	0.000005,	0.000005,	0.000800
302,	0.000015,	0.000005,	0.000015,	0.000800
303,	0.000015,	0.000005,	0.000025,	0.000800
304,	0.000015,	0.000005,	0.000035,	0.000800
305,	0.000015,	0.000005,	0.000045,	0.000800
306,	0.000015,	0.000005,	0.000055,	0.000800
307,	0.000015,	0.000005,	0.000065,	0.000800
308,	0.000015,	0.000005,	0.000075,	0.000800
309,	0.000015,	0.000005,	0.000085,	0.000800
310,	0.000015,	0.000005,	0.000095,	0.000800
313,	0.000015,	0.000015,	0.000005,	0.000800
314,	0.000015,	0.000015,	0.000015,	0.000800
315,	0.000015,	0.000015,	0.000025,	0.000799
316,	0.000015,	0.000015,	0.000035,	0.000799
317,	0.000015,	0.000015,	0.000045,	0.000799
318,	0.000015,	0.000015,	0.000055,	0.000799
319,	0.000015,	0.000015,	0.000065,	0.000799
320,	0.000015,	0.000015,	0.000075,	0.000799
321,	0.000015,	0.000015,	0.000085,	0.000800
322,	0.000015,	0.000015,	0.000095,	0.000800
325,	0.000015,	0.000025,	0.000005,	0.000800
326,	0.000015,	0.000025,	0.000015,	0.000799
327,	0.000015,	0.000025,	0.000025,	0.000799
328,	0.000015,	0.000025,	0.000035,	0.000798
329,	0.000015,	0.000025,	0.000045,	0.000798
330,	0.000015,	0.000025,	0.000055,	0.000798
331,	0.000015,	0.000025,	0.000065,	0.000798
332,	0.000015,	0.000025,	0.000075,	0.000799
333,	0.000015,	0.000025,	0.000085,	0.000799
334,	0.000015,	0.000025,	0.000095,	0.000800
337,	0.000015,	0.000035,	0.000005,	0.000800
338,	0.000015,	0.000035,	0.000015,	0.000799
339,	0.000015,	0.000035,	0.000025,	0.000798
340,	0.000015,	0.000035,	0.000035,	0.000797
341,	0.000015,	0.000035,	0.000045,	0.000797
342,	0.000015,	0.000035,	0.000055,	0.000797
343,	0.000015,	0.000035,	0.000065,	0.000797
344,	0.000015,	0.000035,	0.000075,	0.000798
345,	0.000015,	0.000035,	0.000085,	0.000799
346,	0.000015,	0.000035,	0.000095,	0.000800
349,	0.000015,	0.000045,	0.000005,	0.000800
350,	0.000015,	0.000045,	0.000015,	0.000799
351,	0.000015,	0.000045,	0.000025,	0.000798
352,	0.000015,	0.000045,	0.000035,	0.000797
353,	0.000015,	0.000045,	0.000045,	0.000796
354,	0.000015,	0.000045,	0.000055,	0.000796
355,	0.000015,	0.000045,	0.000065,	0.000797
356,	0.000015,	0.000045,	0.000075,	0.000798
357,	0.000015,	0.000045,	0.000085,	0.000799
358,	0.000015,	0.000045,	0.000095,	0.000800
361,	0.000015,	0.000055,	0.000005,	0.000800
362,	0.000015,	0.000055,	0.000015,	0.000799
363,	0.000015,	0.000055,	0.000025,	0.000798
364,	0.000015,	0.000055,	0.000035,	0.000797
365,	0.000015,	0.000055,	0.000045,	0.000796
366,	0.000015,	0.000055,	0.000055,	0.000796
367,	0.000015,	0.000055,	0.000065,	0.000797
368,	0.000015,	0.000055,	0.000075,	0.000798
369,	0.000015,	0.000055,	0.000085,	0.000799
370,	0.000015,	0.000055,	0.000095,	0.000800
373,	0.000015,	0.000065,	0.000005,	0.000800
374,	0.000015,	0.000065,	0.000015,	0.000799
375,	0.000015,	0.000065,	0.000025,	0.000798
376,	0.000015,	0.000065,	0.000035,	0.000797
377,	0.000015,	0.000065,	0.000045,	0.000797
378,	0.000015,	0.000065,	0.000055,	0.000797
379,	0.000015,	0.000065,	0.000065,	0.000797
380,	0.000015,	0.000065,	0.000075,	0.000798
381,	0.000015,	0.000065,	0.000085,	0.000799
382,	0.000015,	0.000065,	0.000095,	0.000800
385,	0.000015,	0.000075,	0.000005,	0.000800
386,	0.000015,	0.000075,	0.000015,	0.000799
387,	0.000015,	0.000075,	0.000025,	0.000799
388,	0.000015,	0.000075,	0.000035,	0.000798
389,	0.000015,	0.000075,	0.000045,	0.000798
390,	0.000015,	0.000075,	0.000055,	0.000798
391,	0.000015,	0.000075,	0.000065,	0.000798
392,	0.000015,	0.000075,	0.000075,	0.000799
393,	0.000015,	0.000075,	0.000085,	0.000799
394,	0.000015,	0.000075,	0.000095,	0.000800
397,	0.000015,	0.000085,	0.000005,	0.000800
398,	0.000015,	0.000085,	0.000015,	0.000799
399,	0.000015,	0.000085,	0.000025,	0.000799
400,	0.000015,	0.000085,	0.000035,	0.000799
401,	0.000015,	0.000085,	0.000045,	0.000799
402,	0.000015,	0.000085,	0.000055,	0.000799
403,	0.000015,	0.000085,	0.000065,	0.000799
404,	0.000015,	0.000085,	0.000075,	0.000799
405,	0.000015,	0.000085,	0.000085,	0.000799
406,	0.000015,	0.000085,	0.000095,	0.000800
409,	0.000015,	0.000095,	0.000005,	0.000800
410,	0.000015,	0.000095,	0.000015,	0.000800
411,	0.000015,	0.000095,	0.000025,	0.000800
412,	0.000015,	0.000095,	0.000035,	0.000800
413,	0.000015,	0.000095,	0.000045,	0.000800
414,	0.000015,	0.000095,	0.000055,	0.000800
415,	0.000015,	0.000095,	0.000065,	0.000800
416,	0.000015,	0.000095,	0.000075,	0.000800
417,	0.000015,	0.000095,	0.000085,	0.000800
418,	0.000015,	0.000095,	0.000095,	0.000800
445,	0.000025,	0.000005,	0.000005,	0.000800
446,	0.000025,	0.000005,	0.000015,	0.000800
447,	0.000025,	0.000005,	0.000025,	0.000800
448,	0.000025,	0.000005,	0.000035,	0.000799
449,	0.000025,	0.000005,	0.000045,	0.000799
450,	0.000025,	0.000005,	0.000055,	0.000799
451,	0.000025,	0.000005,	0.000065,	0.000799
452,	0.000025,	0.000005,	0.000075,	0.000800
453,	0.000025,	0.000005,	0.000085,	0.000800
454,	0.000025,	0.000005,	0.000095,	0.000800
457,	0.000025,	0.000015,	0.000005,	0.000800
458,	0.000025,	0.000015,	0.000015,	0.000799
459,	0.000025,	0.000015,	0.000025,	0.000799
460,	0.000025,	0.000015,	0.000035,	0.000798
461,	0.000025,	0.000015,	0.000045,	0.000798
462,	0.000025,	0.000015,	0.000055,	0.000798
463,	0.000025,	0.000015,	0.000065,	0.000798
464,	0.000025,	0.000015,	0.000075,	0.000799
465,	0.000025,	0.000015,	0.000085,	0.000799
466,	0.000025,	0.000015,	0.000095,	0.000800
469,	0.000025,	0.000025,	0.000005,	0.000800
470,	0.000025,	0.000025,	0.000015,	0.000799
471,	0.000025,	0.000025,	0.000025,	0.000798
472,	0.000025,	0.000025,	0.000035,	0.000797
473,	0.000025,	0.000025,	0.000045,	0.000796
474,	0.000025,	0.000025,	0.000055,	0.000796
475,	0.000025,	0.000025,	0.000065,	0.000797
476,	0.000025,	0.000025,	0.000075,	0.000798
477,	0.000025,	0.000025,	0.000085,	0.000799
478,	0.000025,	0.000025,	0.000095,	0.000800
481,	0.000025,	0.000035,	0.000005,	0.000799
482,	0.000025,	0.000035,	0.000015,	0.000798
483,	0.000025,	0.000035,	0.000025,	0.000797
484,	0.000025,	0.000035,	0.000035,	0.000795
485,	0.000025,	0.000035,	0.000045,	0.000794
486,	0.000025,	0.000035,	0.000055,	0.000794
487,	0.000025,	0.000035,	0.000065,	0.000795
488,	0.000025,	0.000035,	0.000075,	0.000797
489,	0.000025,	0.000035,	0.000085,	0.000798
490,	0.000025,	0.000035,	0.000095,	0.000799
493,	0.000025,	0.000045,	0.000005,	0.000799
494,	0.000025,	0.000045,	0.000015,	0.000798
495,	0.000025,	0.000045,	0.000025,	0.000796
496,	0.000025,	0.000045,	0.000035,	0.000794
497,	0.000025,	0.000045,	0.000045,	0.000791
498,	0.000025,	0.000045,	0.000055,	0.000791
499,	0.000025,	0.000045,	0.000065,	0.000794
500,	0.000025,	0.000045,	0.000075,	0.000796
501,	0.000025,	0.000045,	0.000085,	0.000798
502,	0.000025,	0.000045,	0.000095,	0.000799
505,	0.000025,	0.000055,	0.000005,	0.000799
506,	0.000025,	0.000055,	0.000015,	0.000798
507,	0.000025,	0.000055,	0.000025,	0.000796
508,	0.000025,	0.000055,	0.000035,	0.000793
509,	0.000025,	0.000055,	0.000045,	0.000791
510,	0.000025,	0.000055,	0.000055,	0.000791
511,	0.000025,	0.000055,	0.000065,	0.000793
512,	0.000025,	0.000055,	0.000075,	0.000796
513,	0.000025,	0.000055,	0.000085,	0.000798
514,	0.000025,	0.000055,	0.000095,	0.000799
517,	0.000025,	0.000065,	0.000005,	0.000799
518,	0.000025,	0.000065,	0.000015,	0.000798
519,	0.000025,	0.000065,	0.000025,	0.000796
520,	0.000025,	0.000065,	0.000035,	0.000795
521,	0.000025,	0.000065,	0.000045,	0.000793
522,	0.000025,	0.000065,	0.000055,	0.000793
523,	0.000025,	0.000065,	0.000065,	0.000795
524,	0.000025,	0.000065,	0.000075,	0.000796
525,	0.000025,	0.000065,	0.000085,	0.000798
526,	0.000025,	0.000065,	0.000095,	0.000799
529,	0.000025,	0.000075,	0.000005,	0.000800
530,	0.000025,	0.000075,	0.000015,	0.000799
531,	0.000025,	0.000075,	0.000025,	0.000797
532,	0.000025,	0.000075,	0.000035,	0.000796
533,	0.000025,	0.000075,	0.000045,	0.000796
534,	0.000025,	0.000075,	0.000055,	0.000796
535,	0.000025,	0.000075,	0.000065,	0.000796
536,	0.000025,	0.000075,	0.000075,	0.000797
537,	0.000025,	0.000075,	0.000085,	0.000799
538,	0.000025,	0.000075,	0.000095,	0.000800
541,	0.000025,	0.000085,	0.000005,	0.000800
542,	0.000025,	0.000085,	0.000015,	0.000799
543,	0.000025,	0.000085,	0.000025,	0.000799
544,	0.000025,	0.000085,	0.000035,	0.000798
545,	0.000025,	0.000085,	0.000045,	0.000798
546,	0.000025,	0.000085,	0.000055,	0.000798
547,	0.000025,	0.000085,	0.000065,	0.000798
548,	0.000025,	0.000085,	0.000075,	0.000799
549,	0.000025,	0.000085,	0.000085,	0.000799
550,	0.000025,	0.000085,	0.000095,	0.000800
553,	0.000025,	0.000095,	0.000005,	0.000800
554,	0.000025,	0.000095,	0.000015,	0.000800
555,	0.000025,	0.000095,	0.000025,	0.000800
556,	0.000025,	0.000095,	0.000035,	0.000799
557,	0.000025,	0.000095,	0.000045,	0.000799
558,	0.000025,	0.000095,	0.000055,	0.000799
559,	0.000025,	0.000095,	0.000065,	0.000799
560,	0.000025,	0.000095,	0.000075,	0.000800
561,	0.000025,	0.000095,	0.000085,	0.000800
562,	0.000025,	0.000095,	0.000095,	0.000800
589,	0.000035,	0.000005,	0.000005,	0.000800
590,	0.000035,	0.000005,	0.000015,	0.000800
591,	0.000035,	0.000005,	0.000025,	0.000799
592,	0.000035,	0.000005,	0.000035,	0.000799
593,	0.000035,	0.000005,	0.000045,	0.000799
594,	0.000035,	0.000005,	0.000055,	0.000799
595,	0.000035,	0.000005,	0.000065,	0.000799
596,	0.000035,	0.000005,	0.000075,	0.000799
597,	0.000035,	0.000005,	0.000085,	0.000800
598,	0.000035,	0.000005,	0.000095,	0.000800
601,	0.000035,	0.000015,	0.000005,	0.000800
602,	0.000035,	0.000015,	0.000015,	0.000799
603,	0.000035,	0.000015,	0.000025,	0.000798
604,	0.000035,	0.000015,	0.000035,	0.000797
605,	0.000035,	0.000015,	0.000045,	0.000797
606,	0.000035,	0.000015,	0.000055,	0.000797
607,	0.000035,	0.000015,	0.000065,	0.000797
608,	0.000035,	0.000015,	0.000075,	0.000798
609,	0.000035,	0.000015,	0.000085,	0.000799
610,	0.000035,	0.000015,	0.000095,	0.000800
613,	0.000035,	0.000025,	0.000005,	0.000799
614,	0.000035,	0.000025,	0.000015,	0.000798
615,	0.000035,	0.000025,	0.000025,	0.000797
616,	0.000035,	0.000025,	0.000035,	0.000795
617,	0.000035,	0.000025,	0.000045,	0.000794
618,	0.000035,	0.000025,	0.000055,	0.000794
619,	0.000035,	0.000025,	0.000065,	0.000795
620,	0.000035,	0.000025,	0.000075,	0.000797
621,	0.000035,	0.000025,	0.000085,	0.000798
622,	0.000035,	0.000025,	0.000095,	0.000799
625,	0.000035,	0.000035,	0.000005,	0.000799
626,	0.000035,	0.000035,	0.000015,	0.000797
627,	0.000035,	0.000035,	0.000025,	0.000795
628,	0.000035,	0.000035,	0.000035,	0.000792
629,	0.000035,	0.000035,	0.000045,	0.000788
630,	0.000035,	0.000035,	0.000055,	0.000789
631,	0.000035,	0.000035,	0.000065,	0.000792
632,	0.000035,	0.000035,	0.000075,	0.000795
633,	0.000035,	0.000035,	0.000085,	0.000797
634,	0.000035,	0.000035,	0.000095,	0.000799
637,	0.000035,	0.000045,	0.000005,	0.000799
638,	0.000035,	0.000045,	0.000015,	0.000797
639,	0.000035,	0.000045,	0.000025,	0.000794
640,	0.000035,	0.000045,	0.000035,	0.000788
641,	0.000035,	0.000045,	0.000045,	0.000776
642,	0.000035,	0.000045,	0.000055,	0.000776
643,	0.000035,	0.000045,	0.000065,	0.000788
644,	0.000035,	0.000045,	0.000075,	0.000794
645,	0.000035,	0.000045,	0.000085,	0.000797
646,	0.000035,	0.000045,	0.000095,	0.000799
649,	0.000035,	0.000055,	0.000005,	0.000799
650,	0.000035,	0.000055,	0.000015,	0.000797
651,	0.000035,	0.000055,	0.000025,	0.000793
652,	0.000035,	0.000055,	0.000035,	0.000786
653,	0.000035,	0.000055,	0.000045,	0.000773
654,	0.000035,	0.000055,	0.000055,	0.000773
655,	0.000035,	0.000055,	0.000065,	0.000787
656,	0.000035,	0.000055,	0.000075,	0.000793
657,	0.000035,	0.000055,	0.000085,	0.000797
658,	0.000035,	0.000055,	0.000095,	0.000799
661,	0.000035,	0.000065,	0.000005,	0.000799
662,	0.000035,	0.000065,	0.000015,	0.000797
663,	0.000035,	0.000065,	0.000025,	0.000795
664,	0.000035,	0.000065,	0.000035,	0.000791
665,	0.000035,	0.000065,	0.000045,	0.000786
666,	0.000035,	0.000065,	0.000055,	0.000786
667,	0.000035,	0.000065,	0.000065,	0.000791
668,	0.000035,	0.000065,	0.000075,	0.000795
669,	0.000035,	0.000065,	0.000085,	0.000797
670,	0.000035,	0.000065,	0.000095,	0.000799
673,	0.000035,	0.000075,	0.000005,	0.000799
674,	0.000035,	0.000075,	0.000015,	0.000798
675,	0.000035,	0.000075,	0.000025,	0.000796
676,	0.000035,	0.000075,	0.000035,	0.000794
677,	0.000035,	0.000075,	0.000045,	0.000793
678,	0.000035,	0.000075,	0.000055,	0.000793
679,	0.000035,	0.000075,	0.000065,	0.000795
680,	0.000035,	0.000075,	0.000075,	0.000796
681,	0.000035,	0.000075,	0.000085,	0.000798
682,	0.000035,	0.000075,	0.000095,	0.000799
685,	0.000035,	0.000085,	0.000005,	0.000800
686,	0.000035,	0.000085,	0.000015,	0.000799
687,	0.000035,	0.000085,	0.000025,	0.000798
688,	0.000035,	0.000085,	0.000035,	0.000797
689,	0.000035,	0.000085,	0.000045,	0.000796
690,	0.000035,	0.000085,	0.000055,	0.000796
691,	0.000035,	0.000085,	0.000065,	0.000797
692,	0.000035,	0.000085,	0.000075,	0.000798
693,	0.000035,	0.000085,	0.000085,	0.000799
694,	0.000035,	0.000085,	0.000095,	0.000800
697,	0.000035,	0.000095,	0.000005,	0.000800
698,	0.000035,	0.000095,	0.000015,	0.000800
699,	0.000035,	0.000095,	0.000025,	0.000799
700,	0.000035,	0.000095,	0.000035,	0.000799
701,	0.000035,	0.000095,	0.000045,	0.000799
702,	0.000035,	0.000095,	0.000055,	0.000799
703,	0.000035,	0.000095,	0.000065,	0.000799
704,	0.000035,	0.000095,	0.000075,	0.000799
705,	0.000035,	0.000095,	0.000085,	0.000800
706,	0.000035,	0.000095,	0.000095,	0.000800
733,	0.000045,	0.000005,	0.000005,	0.000800
734,	0.000045,	0.000005,	0.000015,	0.000800
735,	0.000045,	0.000005,	0.000025,	0.000799
736,	0.000045,	0.000005,	0.000035,	0.000799
737,	0.000045,	0.000005,	0.000045,	0.000799
738,	0.000045,	0.000005,	0.000055,	0.000799
739,	0.000045,	0.000005,	0.000065,	0.000799
740,	0.000045,	0.000005,	0.000075,	0.000799
741,	0.000045,	0.000005,	0.000085,	0.000800
742,	0.000045,	0.000005,	0.000095,	0.000800
745,	0.000045,	0.000015,	0.000005,	0.000800
746,	0.000045,	0.000015,	0.000015,	0.000799
747,	0.000045,	0.000015,	0.000025,	0.000798
748,	0.000045,	0.000015,	0.000035,	0.000797
749,	0.000045,	0.000015,	0.000045,	0.000796
750,	0.000045,	0.000015,	0.000055,	0.000796
751,	0.000045,	0.000015,	0.000065,	0.000797
752,	0.000045,	0.000015,	0.000075,	0.000798
753,	0.000045,	0.000015,	0.000085,	0.000799
754,	0.000045,	0.000015,	0.000095,	0.000800
757,	0.000045,	0.000025,	0.000005,	0.000799
758,	0.000045,	0.000025,	0.000015,	0.000798
759,	0.000045,	0.000025,	0.000025,	0.000796
760,	0.000045,	0.000025,	0.000035,	0.000794
761,	0.000045,	0.000025,	0.000045,	0.000792
762,	0.000045,	0.000025,	0.000055,	0.000792
763,	0.000045,	0.000025,	0.000065,	0.000794
764,	0.000045,	0.000025,	0.000075,	0.000796
765,	0.000045,	0.000025,	0.000085,	0.000798
766,	0.000045,	0.000025,	0.000095,	0.000799
769,	0.000045,	0.000035,	0.000005,	0.000799
770,	0.000045,	0.000035,	0.000015,	0.000797
771,	0.000045,	0.000035,	0.000025,	0.000794
772,	0.000045,	0.000035,	0.000035,	0.000788
773,	0.000045,	0.000035,	0.000045,	0.000778
774,	0.000045,	0.000035,	0.000055,	0.000778
775,	0.000045,	0.000035,	0.000065,	0.000788
776,	0.000045,	0.000035,	0.000075,	0.000794
777,	0.000045,	0.000035,	0.000085,	0.000797
778,	0.000045,	0.000035,	0.000095,	0.000799
781,	0.000045,	0.000045,	0.000005,	0.000799
782,	0.000045,	0.000045,	0.000015,	0.000796
783,	0.000045,	0.000045,	0.000025,	0.000791
784,	0.000045,	0.000045,	0.000035,	0.000774
785,	0.000045,	0.000045,	0.000045,	0.000740
786,	0.000045,	0.000045,	0.000055,	0.000741
787,	0.000045,	0.000045,	0.000065,	0.000776
788,	0.000045,	0.000045,	0.000075,	0.000791
789,	0.000045,	0.000045,	0.000085,	0.000796
790,	0.000045,	0.000045,	0.000095,	0.000799
793,	0.000045,	0.000055,	0.000005,	0.000799
794,	0.000045,	0.000055,	0.000015,	0.000796
795,	0.000045,	0.000055,	0.000025,	0.000790
796,	0.000045,	0.000055,	0.000035,	0.000771
797,	0.000045,	0.000055,	0.000045,	0.000733
798,	0.000045,	0.000055,	0.000055,	0.000733
799,	0.000045,	0.000055,	0.000065,	0.000772
800,	0.000045,	0.000055,	0.000075,	0.000791
801,	0.000045,	0.000055,	0.000085,	0.000796
802,	0.000045,	0.000055,	0.000095,	0.000799
805,	0.000045,	0.000065,	0.000005,	0.000799
806,	0.000045,	0.000065,	0.000015,	0.000796
807,	0.000045,	0.000065,	0.000025,	0.000793
808,	0.000045,	0.000065,	0.000035,	0.000785
809,	0.000045,	0.000065,	0.000045,	0.000767
810,	0.000045,	0.000065,	0.000055,	0.000768
811,	0.000045,	0.000065,	0.000065,	0.000785
812,	0.000045,	0.000065,	0.000075,	0.000793
813,	0.000045,	0.000065,	0.000085,	0.000797
814,	0.000045,	0.000065,	0.000095,	0.000799
817,	0.000045,	0.000075,	0.000005,	0.000799
818,	0.000045,	0.000075,	0.000015,	0.000798
819,	0.000045,	0.000075,	0.000025,	0.000795
820,	0.000045,	0.000075,	0.000035,	0.000793
821,	0.000045,	0.000075,	0.000045,	0.000789
822,	0.000045,	0.000075,	0.000055,	0.000790
823,	0.000045,	0.000075,	0.000065,	0.000793
824,	0.000045,	0.000075,	0.000075,	0.000795
825,	0.000045,	0.000075,	0.000085,	0.000798
826,	0.000045,	0.000075,	0.000095,	0.000799
829,	0.000045,	0.000085,	0.000005,	0.000800
830,	0.000045,	0.000085,	0.000015,	0.000799
831,	0.000045,	0.000085,	0.000025,	0.000797
832,	0.000045,	0.000085,	0.000035,	0.000796
833,	0.000045,	0.000085,	0.000045,	0.000795
834,	0.000045,	0.000085,	0.000055,	0.000795
835,	0.000045,	0.000085,	0.000065,	0.000796
836,	0.000045,	0.000085,	0.000075,	0.000798
837,	0.000045,	0.000085,	0.000085,	0.000799
838,	0.000045,	0.000085,	0.000095,	0.000800
841,	0.000045,	0.000095,	0.000005,	0.000800
842,	0.000045,	0.000095,	0.000015,	0.000800
843,	0.000045,	0.000095,	0.000025,	0.000799
844,	0.000045,	0.000095,	0.000035,	0.000799
845,	0.000045,	0.000095,	0.000045,	0.000799
846,	0.000045,	0.000095,	0.000055,	0.000799
847,	0.000045,	0.000095,	0.000065,	0.000799
848,	0.000045,	0.000095,	0.000075,	0.000799
849,	0.000045,	0.000095,	0.000085,	0.000800
850,	0.000045,	0.000095,	0.000095,	0.000800
877,	0.000055,	0.000005,	0.000005,	0.000800
878,	0.000055,	0.000005,	0.000015,	0.000800
879,	0.000055,	0.000005,	0.000025,	0.000799
880,	0.000055,	0.000005,	0.000035,	0.000799
881,	0.000055,	0.000005,	0.000045,	0.000799
882,	0.000055,	0.000005,	0.000055,	0.000799
883,	0.000055,	0.000005,	0.000065,	0.000799
884,	0.000055,	0.000005,	0.000075,	0.000799
885,	0.000055,	0.000005,	0.000085,	0.000800
886,	0.000055,	0.000005,	0.000095,	0.000800
889,	0.000055,	0.000015,	0.000005,	0.000800
890,	0.000055,	0.000015,	0.000015,	0.000799
891,	0.000055,	0.000015,	0.000025,	0.000798
892,	0.000055,	0.000015,	0.000035,	0.000797
893,	0.000055,	0.000015,	0.000045,	0.000796
894,	0.000055,	0.000015,	0.000055,	0.000796
895,	0.000055,	0.000015,	0.000065,	0.000797
896,	0.000055,	0.000015,	0.000075,	0.000798
897,	0.000055,	0.000015,	0.000085,	0.000799
898,	0.000055,	0.000015,	0.000095,	0.000800
901,	0.000055,	0.000025,	0.000005,	0.000799
902,	0.000055,	0.000025,	0.000015,	0.000798
903,	0.000055,	0.000025,	0.000025,	0.000796
904,	0.000055,	0.000025,	0.000035,	0.000794
905,	0.000055,	0.000025,	0.000045,	0.000792
906,	0.000055,	0.000025,	0.000055,	0.000792
907,	0.000055,	0.000025,	0.000065,	0.000794
908,	0.000055,	0.000025,	0.000075,	0.000796
909,	0.000055,	0.000025,	0.000085,	0.000798
910,	0.000055,	0.000025,	0.000095,	0.000799
913,	0.000055,	0.000035,	0.000005,	0.000799
914,	0.000055,	0.000035,	0.000015,	0.000797
915,	0.000055,	0.000035,	0.000025,	0.000794
916,	0.000055,	0.000035,	0.000035,	0.000788
917,	0.000055,	0.000035,	0.000045,	0.000777
918,	0.000055,	0.000035,	0.000055,	0.000777
919,	0.000055,	0.000035,	0.000065,	0.000788
920,	0.000055,	0.000035,	0.000075,	0.000794
921,	0.000055,	0.000035,	0.000085,	0.000797
922,	0.000055,	0.000035,	0.000095,	0.000799
925,	0.000055,	0.000045,	0.000005,	0.000799
926,	0.000055,	0.000045,	0.000015,	0.000796
927,	0.000055,	0.000045,	0.000025,	0.000791
928,	0.000055,	0.000045,	0.000035,	0.000773
929,	0.000055,	0.000045,	0.000045,	0.000737
930,	0.000055,	0.000045,	0.000055,	0.000739
931,	0.000055,	0.000045,	0.000065,	0.000775
932,	0.000055,	0.000045,	0.000075,	0.000791
933,	0.000055,	0.000045,	0.000085,	0.000796
934,	0.000055,	0.000045,	0.000095,	0.000799
937,	0.000055,	0.000055,	0.000005,	0.000799
938,	0.000055,	0.000055,	0.000015,	0.000796
939,	0.000055,	0.000055,	0.000025,	0.000790
940,	0.000055,	0.000055,	0.000035,	0.000769
941,	0.000055,	0.000055,	0.000045,	0.000730
942,	0.000055,	0.000055,	0.000055,	0.000731
943,	0.000055,	0.000055,	0.000065,	0.000771
944,	0.000055,	0.000055,	0.000075,	0.000790
945,	0.000055,	0.000055,	0.000085,	0.000796
946,	0.000055,	0.000055,	0.000095,	0.000799
949,	0.000055,	0.000065,	0.000005,	0.000799
950,	0.000055,	0.000065,	0.000015,	0.000796
951,	0.000055,	0.000065,	0.000025,	0.000793
952,	0.000055,	0.000065,	0.000035,	0.000784
953,	0.000055,	0.000065,	0.000045,	0.000765
954,	0.000055,	0.000065,	0.000055,	0.000766
955,	0.000055,	0.000065,	0.000065,	0.000785
956,	0.000055,	0.000065,	0.000075,	0.000793
957,	0.000055,	0.000065,	0.000085,	0.000796
958,	0.000055,	0.000065,	0.000095,	0.000799
961,	0.000055,	0.000075,	0.000005,	0.000799
962,	0.000055,	0.000075,	0.000015,	0.000798
963,	0.000055,	0.000075,	0.000025,	0.000795
964,	0.000055,	0.000075,	0.000035,	0.000793
965,	0.000055,	0.000075,	0.000045,	0.000789
966,	0.000055,	0.000075,	0.000055,	0.000789
967,	0.000055,	0.000075,	0.000065,	0.000793
968,	0.000055,	0.000075,	0.000075,	0.000795
969,	0.000055,	0.000075,	0.000085,	0.000798
970,	0.000055,	0.000075,	0.000095,	0.000799
973,	0.000055,	0.000085,	0.000005,	0.000800
974,	0.000055,	0.000085,	0.000015,	0.000799
975,	0.000055,	0.000085,	0.000025,	0.000797
976,	0.000055,	0.000085,	0.000035,	0.000796
977,	0.000055,	0.000085,	0.000045,	0.000795
978,	0.000055,	0.000085,	0.000055,	0.000795
979,	0.000055,	0.000085,	0.000065,	0.000796
980,	0.000055,	0.000085,	0.000075,	0.000798
981,	0.000055,	0.000085,	0.000085,	0.000799
982,	0.000055,	0.000085,	0.000095,	0.000800
985,	0.000055,	0.000095,	0.000005,	0.000800
986,	0.000055,	0.000095,	0.000015,	0.000800
987,	0.000055,	0.000095,	0.000025,	0.000799
988,	0.000055,	0.000095,	0.000035,	0.000799
989,	0.000055,	0.000095,	0.000045,	0.000799
990,	0.000055,	0.000095,	0.000055,	0.000799
991,	0.000055,	0.000095,	0.000065,	0.000799
992,	0.000055,	0.000095,	0.000075,	0.000799
993,	0.000055,	0.000095,	0.000085,	0.000800
994,	0.000055,	0.000095,	0.000095,	0.000800
1021,	0.000065,	0.000005,	0.000005,	0.000800
1022,	0.000065,	0.000005,	0.000015,	0.000800
1023,	0.000065,	0.000005,	0.000025,	0.000799
1024,	0.000065,	0.000005,	0.000035,	0.000799
1025,	0.000065,	0.000005,	0.000045,	0.000799
1026,	0.000065,	0.000005,	0.000055,	0.000799
1027,	0.000065,	0.000005,	0.000065,	0.000799
1028,	0.000065,	0.000005,	0.000075,	0.000799
1029,	0.000065,	0.000005,	0.000085,	0.000800
1030,	0.000065,	0.000005,	0.000095,	0.000800
1033,	0.000065,	0.000015,	0.000005,	0.000800
1034,	0.000065,	0.000015,	0.000015,	0.000799
1035,	0.000065,	0.000015,	0.000025,	0.000798
1036,	0.000065,	0.000015,	0.000035,	0.000797
1037,	0.000065,	0.000015,	0.000045,	0.000797
1038,	0.000065,	0.000015,	0.000055,	0.000797
1039,	0.000065,	0.000015,	0.000065,	0.000797
1040,	0.000065,	0.000015,	0.000075,	0.000798
1041,	0.000065,	0.000015,	0.000085,	0.000799
1042,	0.000065,	0.000015,	0.000095,	0.000800
1045,	0.000065,	0.000025,	0.000005,	0.000799
1046,	0.000065,	0.000025,	0.000015,	0.000798
1047,	0.000065,	0.000025,	0.000025,	0.000797
1048,	0.000065,	0.000025,	0.000035,	0.000795
1049,	0.000065,	0.000025,	0.000045,	0.000794
1050,	0.000065,	0.000025,	0.000055,	0.000794
1051,	0.000065,	0.000025,	0.000065,	0.000795
1052,	0.000065,	0.000025,	0.000075,	0.000797
1053,	0.000065,	0.000025,	0.000085,	0.000798
1054,	0.000065,	0.000025,	0.000095,	0.000799
1057,	0.000065,	0.000035,	0.000005,	0.000799
1058,	0.000065,	0.000035,	0.000015,	0.000797
1059,	0.000065,	0.000035,	0.000025,	0.000795
1060,	0.000065,	0.000035,	0.000035,	0.000792
1061,	0.000065,	0.000035,	0.000045,	0.000788
1062,	0.000065,	0.000035,	0.000055,	0.000788
1063,	0.000065,	0.000035,	0.000065,	0.000792
1064,	0.000065,	0.000035,	0.000075,	0.000795
1065,	0.000065,	0.000035,	0.000085,	0.000797
1066,	0.000065,	0.000035,	0.000095,	0.000799
1069,	0.000065,	0.000045,	0.000005,	0.000799
1070,	0.000065,	0.000045,	0.000015,	0.000797
1071,	0.000065,	0.000045,	0.000025,	0.000793
1072,	0.000065,	0.000045,	0.000035,	0.000786
1073,	0.000065,	0.000045,	0.000045,	0.000773
1074,	0.000065,	0.000045,	0.000055,	0.000773
1075,	0.000065,	0.000045,	0.000065,	0.000787
1076,	0.000065,	0.000045,	0.000075,	0.000793
1077,	0.000065,	0.000045,	0.000085,	0.000797
1078,	0.000065,	0.000045,	0.000095,	0.000799
1081,	0.000065,	0.000055,	0.000005,	0.000799
1082,	0.000065,	0.000055,	0.000015,	0.000796
1083,	0.000065,	0.000055,	0.000025,	0.000793
1084,	0.000065,	0.000055,	0.000035,	0.000785
1085,	0.000065,	0.000055,	0.000045,	0.000769
1086,	0.000065,	0.000055,	0.000055,	0.000770
1087,	0.000065,	0.000055,	0.000065,	0.000786
1088,	0.000065,	0.000055,	0.000075,	0.000793
1089,	0.000065,	0.000055,	0.000085,	0.000797
1090,	0.000065,	0.000055,	0.000095,	0.000799
1093,	0.000065,	0.000065,	0.000005,	0.000799
1094,	0.000065,	0.000065,	0.000015,	0.000797
1095,	0.000065,	0.000065,	0.000025,	0.000794
1096,	0.000065,	0.000065,	0.000035,	0.000790
1097,	0.000065,	0.000065,	0.000045,	0.000784
1098,	0.000065,	0.000065,	0.000055,	0.000784
1099,	0.000065,	0.000065,	0.000065,	0.000791
1100,	0.000065,	0.000065,	0.000075,	0.000795
1101,	0.000065,	0.000065,	0.000085,	0.000797
1102,	0.000065,	0.000065,	0.000095,	0.000799
1105,	0.000065,	0.000075,	0.000005,	0.000799
1106,	0.000065,	0.000075,	0.000015,	0.000798
1107,	0.000065,	0.000075,	0.000025,	0.000796
1108,	0.000065,	0.000075,	0.000035,	0.000794
1109,	0.000065,	0.000075,	0.000045,	0.000793
1110,	0.000065,	0.000075,	0.000055,	0.000793
1111,	0.000065,	0.000075,	0.000065,	0.000794
1112,	0.000065,	0.000075,	0.000075,	0.000796
1113,	0.000065,	0.000075,	0.000085,	0.000798
1114,	0.000065,	0.000075,	0.000095,	0.000799
1117,	0.000065,	0.000085,	0.000005,	0.000800
1118,	0.000065,	0.000085,	0.000015,	0.000799
1119,	0.000065,	0.000085,	0.000025,	0.000798
1120,	0.000065,	0.000085,	0.000035,	0.000797
1121,	0.000065,	0.000085,	0.000045,	0.000796
1122,	0.000065,	0.000085,	0.000055,	0.000796
1123,	0.000065,	0.000085,	0.000065,	0.000797
1124,	0.000065,	0.000085,	0.000075,	0.000798
1125,	0.000065,	0.000085,	0.000085,	0.000799
1126,	0.000065,	0.000085,	0.000095,	0.000800
1129,	0.000065,	0.000095,	0.000005,	0.000800
1130,	0.000065,	0.000095,	0.000015,	0.000800
1131,	0.000065,	0.000095,	0.000025,	0.000799
1132,	0.000065,	0.000095,	0.000035,	0.000799
1133,	0.000065,	0.000095,	0.000045,	0.000799
1134,	0.000065,	0.000095,	0.000055,	0.000799
1135,	0.000065,	0.000095,	0.000065,	0.000799
1136,	0.000065,	0.000095,	0.000075,	0.000799
1137,	0.000065,	0.000095,	0.000085,	0.000800
1138,	0.000065,	0.000095,	0.000095,	0.000800
1165,	0.000075,	0.000005,	0.000005,	0.000800
1166,	0.000075,	0.000005,	0.000015,	0.000800
1167,	0.000075,	0.000005,	0.000025,	0.000800
1168,	0.000075,	0.000005,	0.000035,	0.000799
1169,	0.000075,	0.000005,	0.000045,	0.000799
1170,	0.000075,	0.000005,	0.000055,	0.000799
1171,	0.000075,	0.000005,	0.000065,	0.000799
1172,	0.000075,	0.000005,	0.000075,	0.000800
1173,	0.000075,	0.000005,	0.000085,	0.000800
1174,	0.000075,	0.000005,	0.000095,	0.000800
1177,	0.000075,	0.000015,	0.000005,	0.000800
1178,	0.000075,	0.000015,	0.000015,	0.000799
1179,	0.000075,	0.000015,	0.000025,	0.000799
1180,	0.000075,	0.000015,	0.000035,	0.000798
1181,	0.000075,	0.000015,	0.000045,	0.000798
1182,	0.000075,	0.000015,	0.000055,	0.000798
1183,	0.000075,	0.000015,	0.000065,	0.000798
1184,	0.000075,	0.000015,	0.000075,	0.000799
1185,	0.000075,	0.000015,	0.000085,	0.000799
1186,	0.000075,	0.000015,	0.000095,	0.000800
1189,	0.000075,	0.000025,	0.000005,	0.000800
1190,	0.000075,	0.000025,	0.000015,	0.000799
1191,	0.000075,	0.000025,	0.000025,	0.000798
1192,	0.000075,	0.000025,	0.000035,	0.000797
1193,	0.000075,	0.000025,	0.000045,	0.000796
1194,	0.000075,	0.000025,	0.000055,	0.000796
1195,	0.000075,	0.000025,	0.000065,	0.000797
1196,	0.000075,	0.000025,	0.000075,	0.000798
1197,	0.000075,	0.000025,	0.000085,	0.000799
1198,	0.000075,	0.000025,	0.000095,	0.000800
1201,	0.000075,	0.000035,	0.000005,	0.000799
1202,	0.000075,	0.000035,	0.000015,	0.000798
1203,	0.000075,	0.000035,	0.000025,	0.000797
1204,	0.000075,	0.000035,	0.000035,	0.000795
1205,	0.000075,	0.000035,	0.000045,	0.000794
1206,	0.000075,	0.000035,	0.000055,	0.000794
1207,	0.000075,	0.000035,	0.000065,	0.000795
1208,	0.000075,	0.000035,	0.000075,	0.000797
1209,	0.000075,	0.000035,	0.000085,	0.000798
1210,	0.000075,	0.000035,	0.000095,	0.000799
1213,	0.000075,	0.000045,	0.000005,	0.000799
1214,	0.000075,	0.000045,	0.000015,	0.000798
1215,	0.000075,	0.000045,	0.000025,	0.000796
1216,	0.000075,	0.000045,	0.000035,	0.000793
1217,	0.000075,	0.000045,	0.000045,	0.000791
1218,	0.000075,	0.000045,	0.000055,	0.000791
1219,	0.000075,	0.000045,	0.000065,	0.000793
1220,	0.000075,	0.000045,	0.000075,	0.000796
1221,	0.000075,	0.000045,	0.000085,	0.000798
1222,	0.000075,	0.000045,	0.000095,	0.000799
1225,	0.000075,	0.000055,	0.000005,	0.000799
1226,	0.000075,	0.000055,	0.000015,	0.000798
1227,	0.000075,	0.000055,	0.000025,	0.000796
1228,	0.000075,	0.000055,	0.000035,	0.000793
1229,	0.000075,	0.000055,	0.000045,	0.000790
1230,	0.000075,	0.000055,	0.000055,	0.000790
1231,	0.000075,	0.000055,	0.000065,	0.000793
1232,	0.000075,	0.000055,	0.000075,	0.000796
1233,	0.000075,	0.000055,	0.000085,	0.000798
1234,	0.000075,	0.000055,	0.000095,	0.000799
1237,	0.000075,	0.000065,	0.000005,	0.000799
1238,	0.000075,	0.000065,	0.000015,	0.000798
1239,	0.000075,	0.000065,	0.000025,	0.000796
1240,	0.000075,	0.000065,	0.000035,	0.000794
1241,	0.000075,	0.000065,	0.000045,	0.000793
1242,	0.000075,	0.000065,	0.000055,	0.000793
1243,	0.000075,	0.000065,	0.000065,	0.000794
1244,	0.000075,	0.000065,	0.000075,	0.000796
1245,	0.000075,	0.000065,	0.000085,	0.000798
1246,	0.000075,	0.000065,	0.000095,	0.000799
1249,	0.000075,	0.000075,	0.000005,	0.000800
1250,	0.000075,	0.000075,	0.000015,	0.000798
1251,	0.000075,	0.000075,	0.000025,	0.000797
1252,	0.000075,	0.000075,	0.000035,	0.000796
1253,	0.000075,	0.000075,	0.000045,	0.000795
1254,	0.000075,	0.000075,	0.000055,	0.000795
1255,	0.000075,	0.000075,	0.000065,	0.000796
1256,	0.000075,	0.000075,	0.000075,	0.000797
1257,	0.000075,	0.000075,	0.000085,	0.000799
1258,	0.000075,	0.000075,	0.000095,	0.000800
1261,	0.000075,	0.000085,	0.000005,	0.000800
1262,	0.000075,	0.000085,	0.000015,	0.000799
1263,	0.000075,	0.000085,	0.000025,	0.000798
1264,	0.000075,	0.000085,	0.000035,	0.000798
1265,	0.000075,	0.000085,	0.000045,	0.000797
1266,	0.000075,	0.000085,	0.000055,	0.000797
1267,	0.000075,	0.000085,	0.000065,	0.000798
1268,	0.000075,	0.000085,	0.000075,	0.000798
1269,	0.000075,	0.000085,	0.000085,	0.000799
1270,	0.000075,	0.000085,	0.000095,	0.000800
1273,	0.000075,	0.000095,	0.000005,	0.000800
1274,	0.000075,	0.000095,	0.000015,	0.000800
1275,	0.000075,	0.000095,	0.000025,	0.000800
1276,	0.000075,	0.000095,	0.000035,	0.000799
1277,	0.000075,	0.000095,	0.000045,	0.000799
1278,	0.000075,	0.000095,	0.000055,	0.000799
1279,	0.000075,	0.000095,	0.000065,	0.000799
1280,	0.000075,	0.000095,	0.000075,	0.000800
1281,	0.000075,	0.000095,	0.000085,	0.000800
1282,	0.000075,	0.000095,	0.000095,	0.000800
1309,	0.000085,	0.000005,	0.000005,	0.000800
1310,	0.000085,	0.000005,	0.000015,	0.000800
1311,	0.000085,	0.000005,	0.000025,	0.000800
1312,	0.000085,	0.000005,	0.000035,	0.000800
1313,	0.000085,	0.000005,	0.000045,	0.000800
1314,	0.000085,	0.000005,	0.000055,	0.000800
1315,	0.000085,	0.000005,	0.000065,	0.000800
1316,	0.000085,	0.000005,	0.000075,	0.000800
1317,	0.000085,	0.000005,	0.000085,	0.000800
1318,	0.000085,	0.000005,	0.000095,	0.000800
1321,	0.000085,	0.000015,	0.000005,	0.000800
1322,	0.000085,	0.000015,	0.000015,	0.000800
1323,	0.000085,	0.000015,	0.000025,	0.000799
1324,	0.000085,	0.000015,	0.000035,	0.000799
1325,	0.000085,	0.000015,	0.000045,	0.000799
1326,	0.000085,	0.000015,	0.000055,	0.000799
1327,	0.000085,	0.000015,	0.000065,	0.000799
1328,	0.000085,	0.000015,	0.000075,	0.000799
1329,	0.000085,	0.000015,	0.000085,	0.000800
1330,	0.000085,	0.000015,	0.000095,	0.000800
1333,	0.000085,	0.000025,	0.000005,	0.000800
1334,	0.000085,	0.000025,	0.000015,	0.000799
1335,	0.000085,	0.000025,	0.000025,	0.000799
1336,	0.000085,	0.000025,	0.000035,	0.000798
1337,	0.000085,	0.000025,	0.000045,	0.000798
1338,	0.000085,	0.000025,	0.000055,	0.000798
1339,	0.000085,	0.000025,	0.000065,	0.000798
1340,	0.000085,	0.000025,	0.000075,	0.000799
1341,	0.000085,	0.000025,	0.000085,	0.000799
1342,	0.000085,	0.000025,	0.000095,	0.000800
1345,	0.000085,	0.000035,	0.000005,	0.000800
1346,	0.000085,	0.000035,	0.000015,	0.000799
1347,	0.000085,	0.000035,	0.000025,	0.000798
1348,	0.000085,	0.000035,	0.000035,	0.000797
1349,	0.000085,	0.000035,	0.000045,	0.000797
1350,	0.000085,	0.000035,	0.000055,	0.000797
1351,	0.000085,	0.000035,	0.000065,	0.000797
1352,	0.000085,	0.000035,	0.000075,	0.000798
1353,	0.000085,	0.000035,	0.000085,	0.000799
1354,	0.000085,	0.000035,	0.000095,	0.000800
1357,	0.000085,	0.000045,	0.000005,	0.000800
1358,	0.000085,	0.000045,	0.000015,	0.000799
1359,	0.000085,	0.000045,	0.000025,	0.000798
1360,	0.000085,	0.000045,	0.000035,	0.000797
1361,	0.000085,	0.000045,	0.000045,	0.000796
1362,	0.000085,	0.000045,	0.000055,	0.000796
1363,	0.000085,	0.000045,	0.000065,	0.000797
1364,	0.000085,	0.000045,	0.000075,	0.000798
1365,	0.000085,	0.000045,	0.000085,	0.000799
1366,	0.000085,	0.000045,	0.000095,	0.000800
1369,	0.000085,	0.000055,	0.000005,	0.000800
1370,	0.000085,	0.000055,	0.000015,	0.000799
1371,	0.000085,	0.000055,	0.000025,	0.000798
1372,	0.000085,	0.000055,	0.000035,	0.000796
1373,	0.000085,	0.000055,	0.000045,	0.000796
1374,	0.000085,	0.000055,	0.000055,	0.000796
1375,	0.000085,	0.000055,	0.000065,	0.000796
1376,	0.000085,	0.000055,	0.000075,	0.000798
1377,	0.000085,	0.000055,	0.000085,	0.000799
1378,	0.000085,	0.000055,	0.000095,	0.000800
1381,	0.000085,	0.000065,	0.000005,	0.000800
1382,	0.000085,	0.000065,	0.000015,	0.000799
1383,	0.000085,	0.000065,	0.000025,	0.000798
1384,	0.000085,	0.000065,	0.000035,	0.000797
1385,	0.000085,	0.000065,	0.000045,	0.000796
1386,	0.000085,	0.000065,	0.000055,	0.000796
1387,	0.000085,	0.000065,	0.000065,	0.000797
1388,	0.000085,	0.000065,	0.000075,	0.000798
1389,	0.000085,	0.000065,	0.000085,	0.000799
1390,	0.000085,	0.000065,	0.000095,	0.000800
1393,	0.000085,	0.000075,	0.000005,	0.000800
1394,	0.000085,	0.000075,	0.000015,	0.000799
1395,	0.000085,	0.000075,	0.000025,	0.000798
1396,	0.000085,	0.000075,	0.000035,	0.000798
1397,	0.000085,	0.000075,	0.000045,	0.000797
1398,	0.000085,	0.000075,	0.000055,	0.000797
1399,	0.000085,	0.000075,	0.000065,	0.000798
1400,	0.000085,	0.000075,	0.000075,	0.000799
1401,	0.000085,	0.000075,	0.000085,	0.000799
1402,	0.000085,	0.000075,	0.000095,	0.000800
1405,	0.000085,	0.000085,	0.000005,	0.000800
1406,	0.000085,	0.000085,	0.000015,	0.000799
1407,	0.000085,	0.000085,	0.000025,	0.000799
1408,	0.000085,	0.000085,	0.000035,	0.000799
1409,	0.000085,	0.000085,	0.000045,	0.000799
1410,	0.000085,	0.000085,	0.000055,	0.000799
1411,	0.000085,	0.000085,	0.000065,	0.000799
1412,	0.000085,	0.000085,	0.000075,	0.000799
1413,	0.000085,	0.000085,	0.000085,	0.000799
1414,	0.000085,	0.000085,	0.000095,	0.000800
1417,	0.000085,	0.000095,	0.000005,	0.000800
1418,	0.000085,	0.000095,	0.000015,	0.000800
1419,	0.000085,	0.000095,	0.000025,	0.000800
1420,	0.000085,	0.000095,	0.000035,	0.000800
1421,	0.000085,	0.000095,	0.000045,	0.000800
1422,	0.000085,	0.000095,	0.000055,	0.000800
1423,	0.000085,	0.000095,	0.000065,	0.000800
1424,	0.000085,	0.000095,	0.000075,	0.000800
1425,	0.000085,	0.000095,	0.000085,	0.000800
1426,	0.000085,	0.000095,	0.000095,	0.000800
1453,	0.000095,	0.000005,	0.000005,	0.000800
1454,	0.000095,	0.000005,	0.000015,	0.000800
1455,	0.000095,	0.000005,	0.000025,	0.000800
1456,	0.000095,	0.000005,	0.000035,	0.000800
1457,	0.000095,	0.000005,	0.000045,	0.000800
1458,	0.000095,	0.000005,	0.000055,	0.000800
1459,	0.000095,	0.000005,	0.000065,	0.000800
1460,	0.000095,	0.000005,	0.000075,	0.000800
1461,	0.000095,	0.000005,	0.000085,	0.000800
1462,	0.000095,	0.000005,	0.000095,	0.000800
1465,	0.000095,	0.000015,	0.000005,	0.000800
1466,	0.000095,	0.000015,	0.000015,	0.000800
1467,	0.000095,	0.000015,	0.000025,	0.000800
1468,	0.000095,	0.000015,	0.000035,	0.000800
1469,	0.000095,	0.000015,	0.000045,	0.000800
1470,	0.000095,	0.000015,	0.000055,	0.000800
1471,	0.000095,	0.000015,	0.000065,	0.000800
1472,	0.000095,	0.000015,	0.000075,	0.000800
1473,	0.000095,	0.000015,	0.000085,	0.000800
1474,	0.000095,	0.000015,	0.000095,	0.000800
1477,	0.000095,	0.000025,	0.000005,	0.000800
1478,	0.000095,	0.000025,	0.000015,	0.000800
1479,	0.000095,	0.000025,	0.000025,	0.000800
1480,	0.000095,	0.000025,	0.000035,	0.000799
1481,	0.000095,	0.000025,	0.000045,	0.000799
1482,	0.000095,	0.000025,	0.000055,	0.000799
1483,	0.000095,	0.000025,	0.000065,	0.000799
1484,	0.000095,	0.000025,	0.000075,	0.000800
1485,	0.000095,	0.000025,	0.000085,	0.000800
1486,	0.000095,	0.000025,	0.000095,	0.000800
1489,	0.000095,	0.000035,	0.000005,	0.000800
1490,	0.000095,	0.000035,	0.000015,	0.000800
1491,	0.000095,	0.000035,	0.000025,	0.000799
1492,	0.000095,	0.000035,	0.000035,	0.000799
1493,	0.000095,	0.000035,	0.000045,	0.000799
1494,	0.000095,	0.000035,	0.000055,	0.000799
1495,	0.000095,	0.000035,	0.000065,	0.000799
1496,	0.000095,	0.000035,	0.000075,	0.000799
1497,	0.000095,	0.000035,	0.000085,	0.000800
1498,	0.000095,	0.000035,	0.000095,	0.000800
1501,	0.000095,	0.000045,	0.000005,	0.000800
1502,	0.000095,	0.000045,	0.000015,	0.000800
1503,	0.000095,	0.000045,	0.000025,	0.000799
1504,	0.000095,	0.000045,	0.000035,	0.000799
1505,	0.000095,	0.000045,	0.000045,	0.000799
1506,	0.000095,	0.000045,	0.000055,	0.000799
1507,	0.000095,	0.000045,	0.000065,	0.000799
1508,	0.000095,	0.000045,	0.000075,	0.000799
1509,	0.000095,	0.000045,	0.000085,	0.000800
1510,	0.000095,	0.000045,	0.000095,	0.000800
1513,	0.000095,	0.000055,	0.000005,	0.000800
1514,	0.000095,	0.000055,	0.000015,	0.000800
1515,	0.000095,	0.000055,	0.000025,	0.000799
1516,	0.000095,	0.000055,	0.000035,	0.000799
1517,	0.000095,	0.000055,	0.000045,	0.000799
1518,	0.000095,	0.000055,	0.000055,	0.000799
1519,	0.000095,	0.000055,	0.000065,	0.000799
1520,	0.000095,	0.000055,	0.000075,	0.000799
1521,	0.000095,	0.000055,	0.000085,	0.000800
1522,	0.000095,	0.000055,	0.000095,	0.000800
1525,	0.000095,	0.000065,	0.000005,	0.000800
1526,	0.000095,	0.000065,	0.000015,	0.000800
1527,	0.000095,	0.000065,	0.000025,	0.000799
1528,	0.000095,	0.000065,	0.000035,	0.000799
1529,	0.000095,	0.000065,	0.000045,	0.000799
1530,	0.000095,	0.000065,	0.000055,	0.000799
1531,	0.000095,	0.000065,	0.000065,	0.000799
1532,	0.000095,	0.000065,	0.000075,	0.000799
1533,	0.000095,	0.000065,	0.000085,	0.000800
1534,	0.000095,	0.000065,	0.000095,	0.000800
1537,	0.000095,	0.000075,	0.000005,	0.000800
1538,	0.000095,	0.000075,	0.000015,	0.000800
1539,	0.000095,	0.000075,	0.000025,	0.000800
1540,	0.000095,	0.000075,	0.000035,	0.000799
1541,	0.000095,	0.000075,	0.000045,	0.000799
1542,	0.000095,	0.000075,	0.000055,	0.000799
1543,	0.000095,	0.000075,	0.000065,	0.000799
1544,	0.000095,	0.000075,	0.000075,	0.000800
1545,	0.000095,	0.000075,	0.000085,	0.000800
1546,	0.000095,	0.000075,	0.000095,	0.000800
1549,	0.000095,	0.000085,	0.000005,	0.000800
1550,	0.000095,	0.000085,	0.000015,	0.000800
1551,	0.000095,	0.000085,	0.000025,	0.000800
1552,	0.000095,	0.000085,	0.000035,	0.000800
1553,	0.000095,	0.000085,	0.000045,	0.000800
1554,	0.000095,	0.000085,	0.000055,	0.000800
1555,	0.000095,	0.000085,	0.000065,	0.000800
1556,	0.000095,	0.000085,	0.000075,	0.000800
1557,	0.000095,	0.000085,	0.000085,	0.000800
1558,	0.000095,	0.000085,	0.000095,	0.000800
1561,	0.000095,	0.000095,	0.000005,	0.000800
1562,	0.000095,	0.000095,	0.000015,	0.000800
1563,	0.000095,	0.000095,	0.000025,	0.000800
1564,	0.000095,	0.000095,	0.000035,	0.000800
1565,	0.000095,	0.000095,	0.000045,	0.000800
1566,	0.000095,	0.000095,	0.000055,	0.000800
1567,	0.000095,	0.000095,	0.000065,	0.000800
1568,	0.000095,	0.000095,	0.000075,	0.000800
1569,	0.000095,	0.000095,	0.000085,	0.000800
1570,	0.000095,	0.000095,	0.000095,	0.000800
