,x,y,z,scalar,1,1,1,0.5
157,	0.000005,	0.000005,	0.000005,	0.000800
158,	0.000005,	0.000005,	0.000015,	0.000800
159,	0.000005,	0.000005,	0.000025,	0.000799
160,	0.000005,	0.000005,	0.000035,	0.000799
161,	0.000005,	0.000005,	0.000045,	0.000799
162,	0.000005,	0.000005,	0.000055,	0.000799
163,	0.000005,	0.000005,	0.000065,	0.000799
164,	0.000005,	0.000005,	0.000075,	0.000799
165,	0.000005,	0.000005,	0.000085,	0.000800
166,	0.000005,	0.000005,	0.000095,	0.000800
169,	0.000005,	0.000015,	0.000005,	0.000800
170,	0.000005,	0.000015,	0.000015,	0.000799
171,	0.000005,	0.000015,	0.000025,	0.000798
172,	0.000005,	0.000015,	0.000035,	0.000797
173,	0.000005,	0.000015,	0.000045,	0.000797
174,	0.000005,	0.000015,	0.000055,	0.000797
175,	0.000005,	0.000015,	0.000065,	0.000797
176,	0.000005,	0.000015,	0.000075,	0.000798
177,	0.000005,	0.000015,	0.000085,	0.000799
178,	0.000005,	0.000015,	0.000095,	0.000800
181,	0.000005,	0.000025,	0.000005,	0.000799
182,	0.000005,	0.000025,	0.000015,	0.000798
183,	0.000005,	0.000025,	0.000025,	0.000797
184,	0.000005,	0.000025,	0.000035,	0.000796
185,	0.000005,	0.000025,	0.000045,	0.000795
186,	0.000005,	0.000025,	0.000055,	0.000795
187,	0.000005,	0.000025,	0.000065,	0.000796
188,	0.000005,	0.000025,	0.000075,	0.000797
189,	0.000005,	0.000025,	0.000085,	0.000798
190,	0.000005,	0.000025,	0.000095,	0.000799
193,	0.000005,	0.000035,	0.000005,	0.000799
194,	0.000005,	0.000035,	0.000015,	0.000797
195,	0.000005,	0.000035,	0.000025,	0.000796
196,	0.000005,	0.000035,	0.000035,	0.000794
197,	0.000005,	0.000035,	0.000045,	0.000793
198,	0.000005,	0.000035,	0.000055,	0.000793
199,	0.000005,	0.000035,	0.000065,	0.000794
200,	0.000005,	0.000035,	0.000075,	0.000796
201,	0.000005,	0.000035,	0.000085,	0.000797
202,	0.000005,	0.000035,	0.000095,	0.000799
205,	0.000005,	0.000045,	0.000005,	0.000799
206,	0.000005,	0.000045,	0.000015,	0.000797
207,	0.000005,	0.000045,	0.000025,	0.000795
208,	0.000005,	0.000045,	0.000035,	0.000793
209,	0.000005,	0.000045,	0.000045,	0.000791
210,	0.000005,	0.000045,	0.000055,	0.000791
211,	0.000005,	0.000045,	0.000065,	0.000793
212,	0.000005,	0.000045,	0.000075,	0.000795
213,	0.000005,	0.000045,	0.000085,	0.000797
214,	0.000005,	0.000045,	0.000095,	0.000799
217,	0.000005,	0.000055,	0.000005,	0.000799
218,	0.000005,	0.000055,	0.000015,	0.000797
219,	0.000005,	0.000055,	0.000025,	0.000795
220,	0.000005,	0.000055,	0.000035,	0.000792
221,	0.000005,	0.000055,	0.000045,	0.000790
222,	0.000005,	0.000055,	0.000055,	0.000790
223,	0.000005,	0.000055,	0.000065,	0.000792
224,	0.000005,	0.000055,	0.000075,	0.000795
225,	0.000005,	0.000055,	0.000085,	0.000797
226,	0.000005,	0.000055,	0.000095,	0.000799
229,	0.000005,	0.000065,	0.000005,	0.000799
230,	0.000005,	0.000065,	0.000015,	0.000797
231,	0.000005,	0.000065,	0.000025,	0.000796
232,	0.000005,	0.000065,	0.000035,	0.000794
233,	0.000005,	0.000065,	0.000045,	0.000792
234,	0.000005,	0.000065,	0.000055,	0.000792
235,	0.000005,	0.000065,	0.000065,	0.000794
236,	0.000005,	0.000065,	0.000075,	0.000796
237,	0.000005,	0.000065,	0.000085,	0.000797
238,	0.000005,	0.000065,	0.000095,	0.000799
241,	0.000005,	0.000075,	0.000005,	0.000799
242,	0.000005,	0.000075,	0.000015,	0.000798
243,	0.000005,	0.000075,	0.000025,	0.000797
244,	0.000005,	0.000075,	0.000035,	0.000795
245,	0.000005,	0.000075,	0.000045,	0.000795
246,	0.000005,	0.000075,	0.000055,	0.000795
247,	0.000005,	0.000075,	0.000065,	0.000795
248,	0.000005,	0.000075,	0.000075,	0.000797
249,	0.000005,	0.000075,	0.000085,	0.000798
250,	0.000005,	0.000075,	0.000095,	0.000799
253,	0.000005,	0.000085,	0.000005,	0.000800
254,	0.000005,	0.000085,	0.000015,	0.000799
255,	0.000005,	0.000085,	0.000025,	0.000798
256,	0.000005,	0.000085,	0.000035,	0.000797
257,	0.000005,	0.000085,	0.000045,	0.000797
258,	0.000005,	0.000085,	0.000055,	0.000797
259,	0.000005,	0.000085,	0.000065,	0.000797
260,	0.000005,	0.000085,	0.000075,	0.000798
261,	0.000005,	0.000085,	0.000085,	0.000799
262,	0.000005,	0.000085,	0.000095,	0.000800
265,	0.000005,	0.000095,	0.000005,	0.000800
266,	0.000005,	0.000095,	0.000015,	0.000800
267,	0.000005,	0.000095,	0.000025,	0.000799
268,	0.000005,	0.000095,	0.000035,	0.000799
269,	0.000005,	0.000095,	0.000045,	0.000799
270,	0.000005,	0.000095,	0.000055,	0.000799
271,	0.000005,	0.000095,	0.000065,	0.000799
272,	0.000005,	0.000095,	0.000075,	0.000799
273,	0.000005,	0.000095,	0.000085,	0.000800
274,	0.000005,	0.000095,	0.000095,	0.000800
301,	0.000015,	0.000005,	0.000005,	0.000800
302,	0.000015,	0.000005,	0.000015,	0.000799
303,	0.000015,	0.000005,	0.000025,	0.000798
304,	0.000015,	0.000005,	0.000035,	0.000797
305,	0.000015,	0.000005,	0.000045,	0.000797
306,	0.000015,	0.000005,	0.000055,	0.000797
307,	0.000015,	0.000005,	0.000065,	0.000798
308,	0.000015,	0.000005,	0.000075,	0.000798
309,	0.000015,	0.000005,	0.000085,	0.000799
310,	0.000015,	0.000005,	0.000095,	0.000800
313,	0.000015,	0.000015,	0.000005,	0.000799
314,	0.000015,	0.000015,	0.000015,	0.000797
315,	0.000015,	0.000015,	0.000025,	0.000794
316,	0.000015,	0.000015,	0.000035,	0.000792
317,	0.000015,	0.000015,	0.000045,	0.000791
318,	0.000015,	0.000015,	0.000055,	0.000791
319,	0.000015,	0.000015,	0.000065,	0.000792
320,	0.000015,	0.000015,	0.000075,	0.000794
321,	0.000015,	0.000015,	0.000085,	0.000797
322,	0.000015,	0.000015,	0.000095,	0.000799
325,	0.000015,	0.000025,	0.000005,	0.000798
326,	0.000015,	0.000025,	0.000015,	0.000794
327,	0.000015,	0.000025,	0.000025,	0.000790
328,	0.000015,	0.000025,	0.000035,	0.000786
329,	0.000015,	0.000025,	0.000045,	0.000782
330,	0.000015,	0.000025,	0.000055,	0.000782
331,	0.000015,	0.000025,	0.000065,	0.000786
332,	0.000015,	0.000025,	0.000075,	0.000790
333,	0.000015,	0.000025,	0.000085,	0.000794
334,	0.000015,	0.000025,	0.000095,	0.000798
337,	0.000015,	0.000035,	0.000005,	0.000797
338,	0.000015,	0.000035,	0.000015,	0.000792
339,	0.000015,	0.000035,	0.000025,	0.000785
340,	0.000015,	0.000035,	0.000035,	0.000775
341,	0.000015,	0.000035,	0.000045,	0.000766
342,	0.000015,	0.000035,	0.000055,	0.000766
343,	0.000015,	0.000035,	0.000065,	0.000776
344,	0.000015,	0.000035,	0.000075,	0.000785
345,	0.000015,	0.000035,	0.000085,	0.000792
346,	0.000015,	0.000035,	0.000095,	0.000797
349,	0.000015,	0.000045,	0.000005,	0.000797
350,	0.000015,	0.000045,	0.000015,	0.000790
351,	0.000015,	0.000045,	0.000025,	0.000780
352,	0.000015,	0.000045,	0.000035,	0.000764
353,	0.000015,	0.000045,	0.000045,	0.000748
354,	0.000015,	0.000045,	0.000055,	0.000748
355,	0.000015,	0.000045,	0.000065,	0.000765
356,	0.000015,	0.000045,	0.000075,	0.000781
357,	0.000015,	0.000045,	0.000085,	0.000791
358,	0.000015,	0.000045,	0.000095,	0.000797
361,	0.000015,	0.000055,	0.000005,	0.000797
362,	0.000015,	0.000055,	0.000015,	0.000790
363,	0.000015,	0.000055,	0.000025,	0.000780
364,	0.000015,	0.000055,	0.000035,	0.000762
365,	0.000015,	0.000055,	0.000045,	0.000744
366,	0.000015,	0.000055,	0.000055,	0.000745
367,	0.000015,	0.000055,	0.000065,	0.000762
368,	0.000015,	0.000055,	0.000075,	0.000780
369,	0.000015,	0.000055,	0.000085,	0.000790
370,	0.000015,	0.000055,	0.000095,	0.000797
373,	0.000015,	0.000065,	0.000005,	0.000797
374,	0.000015,	0.000065,	0.000015,	0.000791
375,	0.000015,	0.000065,	0.000025,	0.000784
376,	0.000015,	0.000065,	0.000035,	0.000772
377,	0.000015,	0.000065,	0.000045,	0.000759
378,	0.000015,	0.000065,	0.000055,	0.000760
379,	0.000015,	0.000065,	0.000065,	0.000772
380,	0.000015,	0.000065,	0.000075,	0.000784
381,	0.000015,	0.000065,	0.000085,	0.000792
382,	0.000015,	0.000065,	0.000095,	0.000797
385,	0.000015,	0.000075,	0.000005,	0.000798
386,	0.000015,	0.000075,	0.000015,	0.000794
387,	0.000015,	0.000075,	0.000025,	0.000789
388,	0.000015,	0.000075,	0.000035,	0.000783
389,	0.000015,	0.000075,	0.000045,	0.000778
390,	0.000015,	0.000075,	0.000055,	0.000778
391,	0.000015,	0.000075,	0.000065,	0.000783
392,	0.000015,	0.000075,	0.000075,	0.000789
393,	0.000015,	0.000075,	0.000085,	0.000794
394,	0.000015,	0.000075,	0.000095,	0.000798
397,	0.000015,	0.000085,	0.000005,	0.000799
398,	0.000015,	0.000085,	0.000015,	0.000796
399,	0.000015,	0.000085,	0.000025,	0.000794
400,	0.000015,	0.000085,	0.000035,	0.000791
401,	0.000015,	0.000085,	0.000045,	0.000790
402,	0.000015,	0.000085,	0.000055,	0.000790
403,	0.000015,	0.000085,	0.000065,	0.000791
404,	0.000015,	0.000085,	0.000075,	0.000794
405,	0.000015,	0.000085,	0.000085,	0.000796
406,	0.000015,	0.000085,	0.000095,	0.000799
409,	0.000015,	0.000095,	0.000005,	0.000800
410,	0.000015,	0.000095,	0.000015,	0.000799
411,	0.000015,	0.000095,	0.000025,	0.000798
412,	0.000015,	0.000095,	0.000035,	0.000797
413,	0.000015,	0.000095,	0.000045,	0.000797
414,	0.000015,	0.000095,	0.000055,	0.000797
415,	0.000015,	0.000095,	0.000065,	0.000797
416,	0.000015,	0.000095,	0.000075,	0.000798
417,	0.000015,	0.000095,	0.000085,	0.000799
418,	0.000015,	0.000095,	0.000095,	0.000800
445,	0.000025,	0.000005,	0.000005,	0.000799
446,	0.000025,	0.000005,	0.000015,	0.000798
447,	0.000025,	0.000005,	0.000025,	0.000797
448,	0.000025,	0.000005,	0.000035,	0.000796
449,	0.000025,	0.000005,	0.000045,	0.000795
450,	0.000025,	0.000005,	0.000055,	0.000795
451,	0.000025,	0.000005,	0.000065,	0.000796
452,	0.000025,	0.000005,	0.000075,	0.000797
453,	0.000025,	0.000005,	0.000085,	0.000798
454,	0.000025,	0.000005,	0.000095,	0.000799
457,	0.000025,	0.000015,	0.000005,	0.000798
458,	0.000025,	0.000015,	0.000015,	0.000794
459,	0.000025,	0.000015,	0.000025,	0.000790
460,	0.000025,	0.000015,	0.000035,	0.000786
461,	0.000025,	0.000015,	0.000045,	0.000782
462,	0.000025,	0.000015,	0.000055,	0.000782
463,	0.000025,	0.000015,	0.000065,	0.000786
464,	0.000025,	0.000015,	0.000075,	0.000790
465,	0.000025,	0.000015,	0.000085,	0.000794
466,	0.000025,	0.000015,	0.000095,	0.000798
469,	0.000025,	0.000025,	0.000005,	0.000797
470,	0.000025,	0.000025,	0.000015,	0.000790
471,	0.000025,	0.000025,	0.000025,	0.000781
472,	0.000025,	0.000025,	0.000035,	0.000765
473,	0.000025,	0.000025,	0.000045,	0.000748
474,	0.000025,	0.000025,	0.000055,	0.000748
475,	0.000025,	0.000025,	0.000065,	0.000765
476,	0.000025,	0.000025,	0.000075,	0.000781
477,	0.000025,	0.000025,	0.000085,	0.000790
478,	0.000025,	0.000025,	0.000095,	0.000797
481,	0.000025,	0.000035,	0.000005,	0.000796
482,	0.000025,	0.000035,	0.000015,	0.000785
483,	0.000025,	0.000035,	0.000025,	0.000762
484,	0.000025,	0.000035,	0.000035,	0.000718
485,	0.000025,	0.000035,	0.000045,	0.000693
486,	0.000025,	0.000035,	0.000055,	0.000693
487,	0.000025,	0.000035,	0.000065,	0.000720
488,	0.000025,	0.000035,	0.000075,	0.000764
489,	0.000025,	0.000035,	0.000085,	0.000785
490,	0.000025,	0.000035,	0.000095,	0.000796
493,	0.000025,	0.000045,	0.000005,	0.000795
494,	0.000025,	0.000045,	0.000015,	0.000780
495,	0.000025,	0.000045,	0.000025,	0.000740
496,	0.000025,	0.000045,	0.000035,	0.000688
497,	0.000025,	0.000045,	0.000045,	0.000664
498,	0.000025,	0.000045,	0.000055,	0.000664
499,	0.000025,	0.000045,	0.000065,	0.000690
500,	0.000025,	0.000045,	0.000075,	0.000742
501,	0.000025,	0.000045,	0.000085,	0.000781
502,	0.000025,	0.000045,	0.000095,	0.000795
505,	0.000025,	0.000055,	0.000005,	0.000795
506,	0.000025,	0.000055,	0.000015,	0.000779
507,	0.000025,	0.000055,	0.000025,	0.000737
508,	0.000025,	0.000055,	0.000035,	0.000684
509,	0.000025,	0.000055,	0.000045,	0.000660
510,	0.000025,	0.000055,	0.000055,	0.000661
511,	0.000025,	0.000055,	0.000065,	0.000686
512,	0.000025,	0.000055,	0.000075,	0.000738
513,	0.000025,	0.000055,	0.000085,	0.000780
514,	0.000025,	0.000055,	0.000095,	0.000795
517,	0.000025,	0.000065,	0.000005,	0.000795
518,	0.000025,	0.000065,	0.000015,	0.000784
519,	0.000025,	0.000065,	0.000025,	0.000755
520,	0.000025,	0.000065,	0.000035,	0.000707
521,	0.000025,	0.000065,	0.000045,	0.000681
522,	0.000025,	0.000065,	0.000055,	0.000681
523,	0.000025,	0.000065,	0.000065,	0.000708
524,	0.000025,	0.000065,	0.000075,	0.000756
525,	0.000025,	0.000065,	0.000085,	0.000784
526,	0.000025,	0.000065,	0.000095,	0.000796
529,	0.000025,	0.000075,	0.000005,	0.000797
530,	0.000025,	0.000075,	0.000015,	0.000789
531,	0.000025,	0.000075,	0.000025,	0.000777
532,	0.000025,	0.000075,	0.000035,	0.000752
533,	0.000025,	0.000075,	0.000045,	0.000730
534,	0.000025,	0.000075,	0.000055,	0.000731
535,	0.000025,	0.000075,	0.000065,	0.000752
536,	0.000025,	0.000075,	0.000075,	0.000777
537,	0.000025,	0.000075,	0.000085,	0.000789
538,	0.000025,	0.000075,	0.000095,	0.000797
541,	0.000025,	0.000085,	0.000005,	0.000798
542,	0.000025,	0.000085,	0.000015,	0.000794
543,	0.000025,	0.000085,	0.000025,	0.000789
544,	0.000025,	0.000085,	0.000035,	0.000783
545,	0.000025,	0.000085,	0.000045,	0.000777
546,	0.000025,	0.000085,	0.000055,	0.000777
547,	0.000025,	0.000085,	0.000065,	0.000783
548,	0.000025,	0.000085,	0.000075,	0.000789
549,	0.000025,	0.000085,	0.000085,	0.000794
550,	0.000025,	0.000085,	0.000095,	0.000798
553,	0.000025,	0.000095,	0.000005,	0.000799
554,	0.000025,	0.000095,	0.000015,	0.000798
555,	0.000025,	0.000095,	0.000025,	0.000796
556,	0.000025,	0.000095,	0.000035,	0.000795
557,	0.000025,	0.000095,	0.000045,	0.000794
558,	0.000025,	0.000095,	0.000055,	0.000794
559,	0.000025,	0.000095,	0.000065,	0.000795
560,	0.000025,	0.000095,	0.000075,	0.000797
561,	0.000025,	0.000095,	0.000085,	0.000798
562,	0.000025,	0.000095,	0.000095,	0.000799
589,	0.000035,	0.000005,	0.000005,	0.000799
590,	0.000035,	0.000005,	0.000015,	0.000797
591,	0.000035,	0.000005,	0.000025,	0.000796
592,	0.000035,	0.000005,	0.000035,	0.000794
593,	0.000035,	0.000005,	0.000045,	0.000793
594,	0.000035,	0.000005,	0.000055,	0.000793
595,	0.000035,	0.000005,	0.000065,	0.000794
596,	0.000035,	0.000005,	0.000075,	0.000796
597,	0.000035,	0.000005,	0.000085,	0.000797
598,	0.000035,	0.000005,	0.000095,	0.000799
601,	0.000035,	0.000015,	0.000005,	0.000797
602,	0.000035,	0.000015,	0.000015,	0.000792
603,	0.000035,	0.000015,	0.000025,	0.000786
604,	0.000035,	0.000015,	0.000035,	0.000776
605,	0.000035,	0.000015,	0.000045,	0.000768
606,	0.000035,	0.000015,	0.000055,	0.000768
607,	0.000035,	0.000015,	0.000065,	0.000777
608,	0.000035,	0.000015,	0.000075,	0.000786
609,	0.000035,	0.000015,	0.000085,	0.000792
610,	0.000035,	0.000015,	0.000095,	0.000797
613,	0.000035,	0.000025,	0.000005,	0.000796
614,	0.000035,	0.000025,	0.000015,	0.000785
615,	0.000035,	0.000025,	0.000025,	0.000764
616,	0.000035,	0.000025,	0.000035,	0.000722
617,	0.000035,	0.000025,	0.000045,	0.000696
618,	0.000035,	0.000025,	0.000055,	0.000696
619,	0.000035,	0.000025,	0.000065,	0.000723
620,	0.000035,	0.000025,	0.000075,	0.000765
621,	0.000035,	0.000025,	0.000085,	0.000786
622,	0.000035,	0.000025,	0.000095,	0.000796
625,	0.000035,	0.000035,	0.000005,	0.000794
626,	0.000035,	0.000035,	0.000015,	0.000774
627,	0.000035,	0.000035,	0.000025,	0.000717
628,	0.000035,	0.000035,	0.000035,	0.000665
629,	0.000035,	0.000035,	0.000045,	0.000642
630,	0.000035,	0.000035,	0.000055,	0.000642
631,	0.000035,	0.000035,	0.000065,	0.000666
632,	0.000035,	0.000035,	0.000075,	0.000719
633,	0.000035,	0.000035,	0.000085,	0.000775
634,	0.000035,	0.000035,	0.000095,	0.000794
637,	0.000035,	0.000045,	0.000005,	0.000792
638,	0.000035,	0.000045,	0.000015,	0.000762
639,	0.000035,	0.000045,	0.000025,	0.000686
640,	0.000035,	0.000045,	0.000035,	0.000638
641,	0.000035,	0.000045,	0.000045,	0.000617
642,	0.000035,	0.000045,	0.000055,	0.000618
643,	0.000035,	0.000045,	0.000065,	0.000639
644,	0.000035,	0.000045,	0.000075,	0.000688
645,	0.000035,	0.000045,	0.000085,	0.000763
646,	0.000035,	0.000045,	0.000095,	0.000793
649,	0.000035,	0.000055,	0.000005,	0.000792
650,	0.000035,	0.000055,	0.000015,	0.000759
651,	0.000035,	0.000055,	0.000025,	0.000682
652,	0.000035,	0.000055,	0.000035,	0.000634
653,	0.000035,	0.000055,	0.000045,	0.000614
654,	0.000035,	0.000055,	0.000055,	0.000615
655,	0.000035,	0.000055,	0.000065,	0.000635
656,	0.000035,	0.000055,	0.000075,	0.000685
657,	0.000035,	0.000055,	0.000085,	0.000761
658,	0.000035,	0.000055,	0.000095,	0.000792
661,	0.000035,	0.000065,	0.000005,	0.000793
662,	0.000035,	0.000065,	0.000015,	0.000770
663,	0.000035,	0.000065,	0.000025,	0.000705
664,	0.000035,	0.000065,	0.000035,	0.000653
665,	0.000035,	0.000065,	0.000045,	0.000631
666,	0.000035,	0.000065,	0.000055,	0.000632
667,	0.000035,	0.000065,	0.000065,	0.000654
668,	0.000035,	0.000065,	0.000075,	0.000706
669,	0.000035,	0.000065,	0.000085,	0.000771
670,	0.000035,	0.000065,	0.000095,	0.000794
673,	0.000035,	0.000075,	0.000005,	0.000795
674,	0.000035,	0.000075,	0.000015,	0.000783
675,	0.000035,	0.000075,	0.000025,	0.000751
676,	0.000035,	0.000075,	0.000035,	0.000701
677,	0.000035,	0.000075,	0.000045,	0.000675
678,	0.000035,	0.000075,	0.000055,	0.000676
679,	0.000035,	0.000075,	0.000065,	0.000702
680,	0.000035,	0.000075,	0.000075,	0.000752
681,	0.000035,	0.000075,	0.000085,	0.000783
682,	0.000035,	0.000075,	0.000095,	0.000795
685,	0.000035,	0.000085,	0.000005,	0.000797
686,	0.000035,	0.000085,	0.000015,	0.000791
687,	0.000035,	0.000085,	0.000025,	0.000782
688,	0.000035,	0.000085,	0.000035,	0.000768
689,	0.000035,	0.000085,	0.000045,	0.000752
690,	0.000035,	0.000085,	0.000055,	0.000753
691,	0.000035,	0.000085,	0.000065,	0.000768
692,	0.000035,	0.000085,	0.000075,	0.000783
693,	0.000035,	0.000085,	0.000085,	0.000791
694,	0.000035,	0.000085,	0.000095,	0.000797
697,	0.000035,	0.000095,	0.000005,	0.000799
698,	0.000035,	0.000095,	0.000015,	0.000797
699,	0.000035,	0.000095,	0.000025,	0.000795
700,	0.000035,	0.000095,	0.000035,	0.000793
701,	0.000035,	0.000095,	0.000045,	0.000791
702,	0.000035,	0.000095,	0.000055,	0.000791
703,	0.000035,	0.000095,	0.000065,	0.000793
704,	0.000035,	0.000095,	0.000075,	0.000795
705,	0.000035,	0.000095,	0.000085,	0.000797
706,	0.000035,	0.000095,	0.000095,	0.000799
733,	0.000045,	0.000005,	0.000005,	0.000799
734,	0.000045,	0.000005,	0.000015,	0.000797
735,	0.000045,	0.000005,	0.000025,	0.000795
736,	0.000045,	0.000005,	0.000035,	0.000793
737,	0.000045,	0.000005,	0.000045,	0.000791
738,	0.000045,	0.000005,	0.000055,	0.000792
739,	0.000045,	0.000005,	0.000065,	0.000793
740,	0.000045,	0.000005,	0.000075,	0.000795
741,	0.000045,	0.000005,	0.000085,	0.000797
742,	0.000045,	0.000005,	0.000095,	0.000799
745,	0.000045,	0.000015,	0.000005,	0.000797
746,	0.000045,	0.000015,	0.000015,	0.000791
747,	0.000045,	0.000015,	0.000025,	0.000782
748,	0.000045,	0.000015,	0.000035,	0.000767
749,	0.000045,	0.000015,	0.000045,	0.000754
750,	0.000045,	0.000015,	0.000055,	0.000755
751,	0.000045,	0.000015,	0.000065,	0.000768
752,	0.000045,	0.000015,	0.000075,	0.000782
753,	0.000045,	0.000015,	0.000085,	0.000791
754,	0.000045,	0.000015,	0.000095,	0.000797
757,	0.000045,	0.000025,	0.000005,	0.000795
758,	0.000045,	0.000025,	0.000015,	0.000781
759,	0.000045,	0.000025,	0.000025,	0.000745
760,	0.000045,	0.000025,	0.000035,	0.000694
761,	0.000045,	0.000025,	0.000045,	0.000669
762,	0.000045,	0.000025,	0.000055,	0.000671
763,	0.000045,	0.000025,	0.000065,	0.000696
764,	0.000045,	0.000025,	0.000075,	0.000747
765,	0.000045,	0.000025,	0.000085,	0.000782
766,	0.000045,	0.000025,	0.000095,	0.000795
769,	0.000045,	0.000035,	0.000005,	0.000793
770,	0.000045,	0.000035,	0.000015,	0.000763
771,	0.000045,	0.000035,	0.000025,	0.000689
772,	0.000045,	0.000035,	0.000035,	0.000640
773,	0.000045,	0.000035,	0.000045,	0.000620
774,	0.000045,	0.000035,	0.000055,	0.000620
775,	0.000045,	0.000035,	0.000065,	0.000641
776,	0.000045,	0.000035,	0.000075,	0.000691
777,	0.000045,	0.000035,	0.000085,	0.000765
778,	0.000045,	0.000035,	0.000095,	0.000793
781,	0.000045,	0.000045,	0.000005,	0.000790
782,	0.000045,	0.000045,	0.000015,	0.000741
783,	0.000045,	0.000045,	0.000025,	0.000660
784,	0.000045,	0.000045,	0.000035,	0.000616
785,	0.000045,	0.000045,	0.000045,	0.000597
786,	0.000045,	0.000045,	0.000055,	0.000598
787,	0.000045,	0.000045,	0.000065,	0.000617
788,	0.000045,	0.000045,	0.000075,	0.000662
789,	0.000045,	0.000045,	0.000085,	0.000744
790,	0.000045,	0.000045,	0.000095,	0.000790
793,	0.000045,	0.000055,	0.000005,	0.000789
794,	0.000045,	0.000055,	0.000015,	0.000738
795,	0.000045,	0.000055,	0.000025,	0.000656
796,	0.000045,	0.000055,	0.000035,	0.000613
797,	0.000045,	0.000055,	0.000045,	0.000595
798,	0.000045,	0.000055,	0.000055,	0.000595
799,	0.000045,	0.000055,	0.000065,	0.000614
800,	0.000045,	0.000055,	0.000075,	0.000658
801,	0.000045,	0.000055,	0.000085,	0.000741
802,	0.000045,	0.000055,	0.000095,	0.000790
805,	0.000045,	0.000065,	0.000005,	0.000792
806,	0.000045,	0.000065,	0.000015,	0.000756
807,	0.000045,	0.000065,	0.000025,	0.000677
808,	0.000045,	0.000065,	0.000035,	0.000630
809,	0.000045,	0.000065,	0.000045,	0.000610
810,	0.000045,	0.000065,	0.000055,	0.000610
811,	0.000045,	0.000065,	0.000065,	0.000631
812,	0.000045,	0.000065,	0.000075,	0.000679
813,	0.000045,	0.000065,	0.000085,	0.000757
814,	0.000045,	0.000065,	0.000095,	0.000792
817,	0.000045,	0.000075,	0.000005,	0.000794
818,	0.000045,	0.000075,	0.000015,	0.000777
819,	0.000045,	0.000075,	0.000025,	0.000726
820,	0.000045,	0.000075,	0.000035,	0.000674
821,	0.000045,	0.000075,	0.000045,	0.000650
822,	0.000045,	0.000075,	0.000055,	0.000650
823,	0.000045,	0.000075,	0.000065,	0.000675
824,	0.000045,	0.000075,	0.000075,	0.000728
825,	0.000045,	0.000075,	0.000085,	0.000778
826,	0.000045,	0.000075,	0.000095,	0.000795
829,	0.000045,	0.000085,	0.000005,	0.000797
830,	0.000045,	0.000085,	0.000015,	0.000789
831,	0.000045,	0.000085,	0.000025,	0.000776
832,	0.000045,	0.000085,	0.000035,	0.000750
833,	0.000045,	0.000085,	0.000045,	0.000728
834,	0.000045,	0.000085,	0.000055,	0.000729
835,	0.000045,	0.000085,	0.000065,	0.000752
836,	0.000045,	0.000085,	0.000075,	0.000777
837,	0.000045,	0.000085,	0.000085,	0.000790
838,	0.000045,	0.000085,	0.000095,	0.000797
841,	0.000045,	0.000095,	0.000005,	0.000799
842,	0.000045,	0.000095,	0.000015,	0.000797
843,	0.000045,	0.000095,	0.000025,	0.000794
844,	0.000045,	0.000095,	0.000035,	0.000791
845,	0.000045,	0.000095,	0.000045,	0.000788
846,	0.000045,	0.000095,	0.000055,	0.000788
847,	0.000045,	0.000095,	0.000065,	0.000791
848,	0.000045,	0.000095,	0.000075,	0.000794
849,	0.000045,	0.000095,	0.000085,	0.000797
850,	0.000045,	0.000095,	0.000095,	0.000799
877,	0.000055,	0.000005,	0.000005,	0.000799
878,	0.000055,	0.000005,	0.000015,	0.000797
879,	0.000055,	0.000005,	0.000025,	0.000795
880,	0.000055,	0.000005,	0.000035,	0.000793
881,	0.000055,	0.000005,	0.000045,	0.000791
882,	0.000055,	0.000005,	0.000055,	0.000791
883,	0.000055,	0.000005,	0.000065,	0.000793
884,	0.000055,	0.000005,	0.000075,	0.000795
885,	0.000055,	0.000005,	0.000085,	0.000797
886,	0.000055,	0.000005,	0.000095,	0.000799
889,	0.000055,	0.000015,	0.000005,	0.000797
890,	0.000055,	0.000015,	0.000015,	0.000791
891,	0.000055,	0.000015,	0.000025,	0.000781
892,	0.000055,	0.000015,	0.000035,	0.000767
893,	0.000055,	0.000015,	0.000045,	0.000753
894,	0.000055,	0.000015,	0.000055,	0.000754
895,	0.000055,	0.000015,	0.000065,	0.000768
896,	0.000055,	0.000015,	0.000075,	0.000782
897,	0.000055,	0.000015,	0.000085,	0.000791
898,	0.000055,	0.000015,	0.000095,	0.000797
901,	0.000055,	0.000025,	0.000005,	0.000795
902,	0.000055,	0.000025,	0.000015,	0.000781
903,	0.000055,	0.000025,	0.000025,	0.000744
904,	0.000055,	0.000025,	0.000035,	0.000693
905,	0.000055,	0.000025,	0.000045,	0.000668
906,	0.000055,	0.000025,	0.000055,	0.000669
907,	0.000055,	0.000025,	0.000065,	0.000695
908,	0.000055,	0.000025,	0.000075,	0.000747
909,	0.000055,	0.000025,	0.000085,	0.000781
910,	0.000055,	0.000025,	0.000095,	0.000795
913,	0.000055,	0.000035,	0.000005,	0.000792
914,	0.000055,	0.000035,	0.000015,	0.000762
915,	0.000055,	0.000035,	0.000025,	0.000687
916,	0.000055,	0.000035,	0.000035,	0.000639
917,	0.000055,	0.000035,	0.000045,	0.000618
918,	0.000055,	0.000035,	0.000055,	0.000619
919,	0.000055,	0.000035,	0.000065,	0.000640
920,	0.000055,	0.000035,	0.000075,	0.000691
921,	0.000055,	0.000035,	0.000085,	0.000764
922,	0.000055,	0.000035,	0.000095,	0.000793
925,	0.000055,	0.000045,	0.000005,	0.000790
926,	0.000055,	0.000045,	0.000015,	0.000740
927,	0.000055,	0.000045,	0.000025,	0.000658
928,	0.000055,	0.000045,	0.000035,	0.000614
929,	0.000055,	0.000045,	0.000045,	0.000596
930,	0.000055,	0.000045,	0.000055,	0.000597
931,	0.000055,	0.000045,	0.000065,	0.000616
932,	0.000055,	0.000045,	0.000075,	0.000661
933,	0.000055,	0.000045,	0.000085,	0.000744
934,	0.000055,	0.000045,	0.000095,	0.000790
937,	0.000055,	0.000055,	0.000005,	0.000789
938,	0.000055,	0.000055,	0.000015,	0.000737
939,	0.000055,	0.000055,	0.000025,	0.000655
940,	0.000055,	0.000055,	0.000035,	0.000612
941,	0.000055,	0.000055,	0.000045,	0.000593
942,	0.000055,	0.000055,	0.000055,	0.000594
943,	0.000055,	0.000055,	0.000065,	0.000613
944,	0.000055,	0.000055,	0.000075,	0.000657
945,	0.000055,	0.000055,	0.000085,	0.000740
946,	0.000055,	0.000055,	0.000095,	0.000790
949,	0.000055,	0.000065,	0.000005,	0.000792
950,	0.000055,	0.000065,	0.000015,	0.000754
951,	0.000055,	0.000065,	0.000025,	0.000675
952,	0.000055,	0.000065,	0.000035,	0.000628
953,	0.000055,	0.000065,	0.000045,	0.000609
954,	0.000055,	0.000065,	0.000055,	0.000609
955,	0.000055,	0.000065,	0.000065,	0.000630
956,	0.000055,	0.000065,	0.000075,	0.000678
957,	0.000055,	0.000065,	0.000085,	0.000757
958,	0.000055,	0.000065,	0.000095,	0.000792
961,	0.000055,	0.000075,	0.000005,	0.000794
962,	0.000055,	0.000075,	0.000015,	0.000776
963,	0.000055,	0.000075,	0.000025,	0.000724
964,	0.000055,	0.000075,	0.000035,	0.000671
965,	0.000055,	0.000075,	0.000045,	0.000648
966,	0.000055,	0.000075,	0.000055,	0.000649
967,	0.000055,	0.000075,	0.000065,	0.000674
968,	0.000055,	0.000075,	0.000075,	0.000727
969,	0.000055,	0.000075,	0.000085,	0.000777
970,	0.000055,	0.000075,	0.000095,	0.000795
973,	0.000055,	0.000085,	0.000005,	0.000797
974,	0.000055,	0.000085,	0.000015,	0.000789
975,	0.000055,	0.000085,	0.000025,	0.000776
976,	0.000055,	0.000085,	0.000035,	0.000749
977,	0.000055,	0.000085,	0.000045,	0.000727
978,	0.000055,	0.000085,	0.000055,	0.000727
979,	0.000055,	0.000085,	0.000065,	0.000751
980,	0.000055,	0.000085,	0.000075,	0.000776
981,	0.000055,	0.000085,	0.000085,	0.000789
982,	0.000055,	0.000085,	0.000095,	0.000797
985,	0.000055,	0.000095,	0.000005,	0.000799
986,	0.000055,	0.000095,	0.000015,	0.000797
987,	0.000055,	0.000095,	0.000025,	0.000794
988,	0.000055,	0.000095,	0.000035,	0.000791
989,	0.000055,	0.000095,	0.000045,	0.000788
990,	0.000055,	0.000095,	0.000055,	0.000788
991,	0.000055,	0.000095,	0.000065,	0.000791
992,	0.000055,	0.000095,	0.000075,	0.000794
993,	0.000055,	0.000095,	0.000085,	0.000797
994,	0.000055,	0.000095,	0.000095,	0.000799
1021,	0.000065,	0.000005,	0.000005,	0.000799
1022,	0.000065,	0.000005,	0.000015,	0.000797
1023,	0.000065,	0.000005,	0.000025,	0.000796
1024,	0.000065,	0.000005,	0.000035,	0.000794
1025,	0.000065,	0.000005,	0.000045,	0.000793
1026,	0.000065,	0.000005,	0.000055,	0.000793
1027,	0.000065,	0.000005,	0.000065,	0.000794
1028,	0.000065,	0.000005,	0.000075,	0.000796
1029,	0.000065,	0.000005,	0.000085,	0.000797
1030,	0.000065,	0.000005,	0.000095,	0.000799
1033,	0.000065,	0.000015,	0.000005,	0.000797
1034,	0.000065,	0.000015,	0.000015,	0.000792
1035,	0.000065,	0.000015,	0.000025,	0.000785
1036,	0.000065,	0.000015,	0.000035,	0.000775
1037,	0.000065,	0.000015,	0.000045,	0.000767
1038,	0.000065,	0.000015,	0.000055,	0.000767
1039,	0.000065,	0.000015,	0.000065,	0.000776
1040,	0.000065,	0.000015,	0.000075,	0.000786
1041,	0.000065,	0.000015,	0.000085,	0.000792
1042,	0.000065,	0.000015,	0.000095,	0.000797
1045,	0.000065,	0.000025,	0.000005,	0.000796
1046,	0.000065,	0.000025,	0.000015,	0.000785
1047,	0.000065,	0.000025,	0.000025,	0.000761
1048,	0.000065,	0.000025,	0.000035,	0.000717
1049,	0.000065,	0.000025,	0.000045,	0.000692
1050,	0.000065,	0.000025,	0.000055,	0.000693
1051,	0.000065,	0.000025,	0.000065,	0.000720
1052,	0.000065,	0.000025,	0.000075,	0.000763
1053,	0.000065,	0.000025,	0.000085,	0.000785
1054,	0.000065,	0.000025,	0.000095,	0.000796
1057,	0.000065,	0.000035,	0.000005,	0.000794
1058,	0.000065,	0.000035,	0.000015,	0.000773
1059,	0.000065,	0.000035,	0.000025,	0.000712
1060,	0.000065,	0.000035,	0.000035,	0.000660
1061,	0.000065,	0.000035,	0.000045,	0.000638
1062,	0.000065,	0.000035,	0.000055,	0.000639
1063,	0.000065,	0.000035,	0.000065,	0.000663
1064,	0.000065,	0.000035,	0.000075,	0.000716
1065,	0.000065,	0.000035,	0.000085,	0.000774
1066,	0.000065,	0.000035,	0.000095,	0.000794
1069,	0.000065,	0.000045,	0.000005,	0.000792
1070,	0.000065,	0.000045,	0.000015,	0.000759
1071,	0.000065,	0.000045,	0.000025,	0.000682
1072,	0.000065,	0.000045,	0.000035,	0.000634
1073,	0.000065,	0.000045,	0.000045,	0.000614
1074,	0.000065,	0.000045,	0.000055,	0.000615
1075,	0.000065,	0.000045,	0.000065,	0.000636
1076,	0.000065,	0.000045,	0.000075,	0.000685
1077,	0.000065,	0.000045,	0.000085,	0.000761
1078,	0.000065,	0.000045,	0.000095,	0.000792
1081,	0.000065,	0.000055,	0.000005,	0.000792
1082,	0.000065,	0.000055,	0.000015,	0.000756
1083,	0.000065,	0.000055,	0.000025,	0.000677
1084,	0.000065,	0.000055,	0.000035,	0.000630
1085,	0.000065,	0.000055,	0.000045,	0.000611
1086,	0.000065,	0.000055,	0.000055,	0.000612
1087,	0.000065,	0.000055,	0.000065,	0.000632
1088,	0.000065,	0.000055,	0.000075,	0.000681
1089,	0.000065,	0.000055,	0.000085,	0.000759
1090,	0.000065,	0.000055,	0.000095,	0.000792
1093,	0.000065,	0.000065,	0.000005,	0.000793
1094,	0.000065,	0.000065,	0.000015,	0.000768
1095,	0.000065,	0.000065,	0.000025,	0.000700
1096,	0.000065,	0.000065,	0.000035,	0.000649
1097,	0.000065,	0.000065,	0.000045,	0.000628
1098,	0.000065,	0.000065,	0.000055,	0.000629
1099,	0.000065,	0.000065,	0.000065,	0.000651
1100,	0.000065,	0.000065,	0.000075,	0.000703
1101,	0.000065,	0.000065,	0.000085,	0.000770
1102,	0.000065,	0.000065,	0.000095,	0.000793
1105,	0.000065,	0.000075,	0.000005,	0.000795
1106,	0.000065,	0.000075,	0.000015,	0.000782
1107,	0.000065,	0.000075,	0.000025,	0.000747
1108,	0.000065,	0.000075,	0.000035,	0.000696
1109,	0.000065,	0.000075,	0.000045,	0.000671
1110,	0.000065,	0.000075,	0.000055,	0.000672
1111,	0.000065,	0.000075,	0.000065,	0.000698
1112,	0.000065,	0.000075,	0.000075,	0.000749
1113,	0.000065,	0.000075,	0.000085,	0.000783
1114,	0.000065,	0.000075,	0.000095,	0.000795
1117,	0.000065,	0.000085,	0.000005,	0.000797
1118,	0.000065,	0.000085,	0.000015,	0.000791
1119,	0.000065,	0.000085,	0.000025,	0.000782
1120,	0.000065,	0.000085,	0.000035,	0.000765
1121,	0.000065,	0.000085,	0.000045,	0.000749
1122,	0.000065,	0.000085,	0.000055,	0.000750
1123,	0.000065,	0.000085,	0.000065,	0.000766
1124,	0.000065,	0.000085,	0.000075,	0.000782
1125,	0.000065,	0.000085,	0.000085,	0.000791
1126,	0.000065,	0.000085,	0.000095,	0.000797
1129,	0.000065,	0.000095,	0.000005,	0.000799
1130,	0.000065,	0.000095,	0.000015,	0.000797
1131,	0.000065,	0.000095,	0.000025,	0.000795
1132,	0.000065,	0.000095,	0.000035,	0.000793
1133,	0.000065,	0.000095,	0.000045,	0.000791
1134,	0.000065,	0.000095,	0.000055,	0.000791
1135,	0.000065,	0.000095,	0.000065,	0.000793
1136,	0.000065,	0.000095,	0.000075,	0.000795
1137,	0.000065,	0.000095,	0.000085,	0.000797
1138,	0.000065,	0.000095,	0.000095,	0.000799
1165,	0.000075,	0.000005,	0.000005,	0.000799
1166,	0.000075,	0.000005,	0.000015,	0.000798
1167,	0.000075,	0.000005,	0.000025,	0.000797
1168,	0.000075,	0.000005,	0.000035,	0.000796
1169,	0.000075,	0.000005,	0.000045,	0.000795
1170,	0.000075,	0.000005,	0.000055,	0.000795
1171,	0.000075,	0.000005,	0.000065,	0.000796
1172,	0.000075,	0.000005,	0.000075,	0.000797
1173,	0.000075,	0.000005,	0.000085,	0.000798
1174,	0.000075,	0.000005,	0.000095,	0.000799
1177,	0.000075,	0.000015,	0.000005,	0.000798
1178,	0.000075,	0.000015,	0.000015,	0.000794
1179,	0.000075,	0.000015,	0.000025,	0.000790
1180,	0.000075,	0.000015,	0.000035,	0.000785
1181,	0.000075,	0.000015,	0.000045,	0.000781
1182,	0.000075,	0.000015,	0.000055,	0.000781
1183,	0.000075,	0.000015,	0.000065,	0.000785
1184,	0.000075,	0.000015,	0.000075,	0.000790
1185,	0.000075,	0.000015,	0.000085,	0.000794
1186,	0.000075,	0.000015,	0.000095,	0.000798
1189,	0.000075,	0.000025,	0.000005,	0.000797
1190,	0.000075,	0.000025,	0.000015,	0.000790
1191,	0.000075,	0.000025,	0.000025,	0.000780
1192,	0.000075,	0.000025,	0.000035,	0.000761
1193,	0.000075,	0.000025,	0.000045,	0.000743
1194,	0.000075,	0.000025,	0.000055,	0.000744
1195,	0.000075,	0.000025,	0.000065,	0.000762
1196,	0.000075,	0.000025,	0.000075,	0.000780
1197,	0.000075,	0.000025,	0.000085,	0.000790
1198,	0.000075,	0.000025,	0.000095,	0.000797
1201,	0.000075,	0.000035,	0.000005,	0.000796
1202,	0.000075,	0.000035,	0.000015,	0.000784
1203,	0.000075,	0.000035,	0.000025,	0.000758
1204,	0.000075,	0.000035,	0.000035,	0.000712
1205,	0.000075,	0.000035,	0.000045,	0.000686
1206,	0.000075,	0.000035,	0.000055,	0.000687
1207,	0.000075,	0.000035,	0.000065,	0.000714
1208,	0.000075,	0.000035,	0.000075,	0.000760
1209,	0.000075,	0.000035,	0.000085,	0.000785
1210,	0.000075,	0.000035,	0.000095,	0.000796
1213,	0.000075,	0.000045,	0.000005,	0.000795
1214,	0.000075,	0.000045,	0.000015,	0.000779
1215,	0.000075,	0.000045,	0.000025,	0.000733
1216,	0.000075,	0.000045,	0.000035,	0.000682
1217,	0.000075,	0.000045,	0.000045,	0.000657
1218,	0.000075,	0.000045,	0.000055,	0.000658
1219,	0.000075,	0.000045,	0.000065,	0.000683
1220,	0.000075,	0.000045,	0.000075,	0.000737
1221,	0.000075,	0.000045,	0.000085,	0.000780
1222,	0.000075,	0.000045,	0.000095,	0.000795
1225,	0.000075,	0.000055,	0.000005,	0.000795
1226,	0.000075,	0.000055,	0.000015,	0.000778
1227,	0.000075,	0.000055,	0.000025,	0.000730
1228,	0.000075,	0.000055,	0.000035,	0.000677
1229,	0.000075,	0.000055,	0.000045,	0.000653
1230,	0.000075,	0.000055,	0.000055,	0.000654
1231,	0.000075,	0.000055,	0.000065,	0.000679
1232,	0.000075,	0.000055,	0.000075,	0.000733
1233,	0.000075,	0.000055,	0.000085,	0.000779
1234,	0.000075,	0.000055,	0.000095,	0.000795
1237,	0.000075,	0.000065,	0.000005,	0.000795
1238,	0.000075,	0.000065,	0.000015,	0.000782
1239,	0.000075,	0.000065,	0.000025,	0.000749
1240,	0.000075,	0.000065,	0.000035,	0.000699
1241,	0.000075,	0.000065,	0.000045,	0.000674
1242,	0.000075,	0.000065,	0.000055,	0.000674
1243,	0.000075,	0.000065,	0.000065,	0.000701
1244,	0.000075,	0.000065,	0.000075,	0.000751
1245,	0.000075,	0.000065,	0.000085,	0.000783
1246,	0.000075,	0.000065,	0.000095,	0.000795
1249,	0.000075,	0.000075,	0.000005,	0.000796
1250,	0.000075,	0.000075,	0.000015,	0.000788
1251,	0.000075,	0.000075,	0.000025,	0.000775
1252,	0.000075,	0.000075,	0.000035,	0.000746
1253,	0.000075,	0.000075,	0.000045,	0.000723
1254,	0.000075,	0.000075,	0.000055,	0.000724
1255,	0.000075,	0.000075,	0.000065,	0.000748
1256,	0.000075,	0.000075,	0.000075,	0.000776
1257,	0.000075,	0.000075,	0.000085,	0.000789
1258,	0.000075,	0.000075,	0.000095,	0.000796
1261,	0.000075,	0.000085,	0.000005,	0.000798
1262,	0.000075,	0.000085,	0.000015,	0.000793
1263,	0.000075,	0.000085,	0.000025,	0.000788
1264,	0.000075,	0.000085,	0.000035,	0.000782
1265,	0.000075,	0.000085,	0.000045,	0.000775
1266,	0.000075,	0.000085,	0.000055,	0.000776
1267,	0.000075,	0.000085,	0.000065,	0.000782
1268,	0.000075,	0.000085,	0.000075,	0.000789
1269,	0.000075,	0.000085,	0.000085,	0.000793
1270,	0.000075,	0.000085,	0.000095,	0.000798
1273,	0.000075,	0.000095,	0.000005,	0.000799
1274,	0.000075,	0.000095,	0.000015,	0.000798
1275,	0.000075,	0.000095,	0.000025,	0.000796
1276,	0.000075,	0.000095,	0.000035,	0.000795
1277,	0.000075,	0.000095,	0.000045,	0.000794
1278,	0.000075,	0.000095,	0.000055,	0.000794
1279,	0.000075,	0.000095,	0.000065,	0.000795
1280,	0.000075,	0.000095,	0.000075,	0.000796
1281,	0.000075,	0.000095,	0.000085,	0.000798
1282,	0.000075,	0.000095,	0.000095,	0.000799
1309,	0.000085,	0.000005,	0.000005,	0.000800
1310,	0.000085,	0.000005,	0.000015,	0.000799
1311,	0.000085,	0.000005,	0.000025,	0.000798
1312,	0.000085,	0.000005,	0.000035,	0.000797
1313,	0.000085,	0.000005,	0.000045,	0.000797
1314,	0.000085,	0.000005,	0.000055,	0.000797
1315,	0.000085,	0.000005,	0.000065,	0.000797
1316,	0.000085,	0.000005,	0.000075,	0.000798
1317,	0.000085,	0.000005,	0.000085,	0.000799
1318,	0.000085,	0.000005,	0.000095,	0.000800
1321,	0.000085,	0.000015,	0.000005,	0.000799
1322,	0.000085,	0.000015,	0.000015,	0.000796
1323,	0.000085,	0.000015,	0.000025,	0.000794
1324,	0.000085,	0.000015,	0.000035,	0.000792
1325,	0.000085,	0.000015,	0.000045,	0.000791
1326,	0.000085,	0.000015,	0.000055,	0.000791
1327,	0.000085,	0.000015,	0.000065,	0.000792
1328,	0.000085,	0.000015,	0.000075,	0.000794
1329,	0.000085,	0.000015,	0.000085,	0.000796
1330,	0.000085,	0.000015,	0.000095,	0.000799
1333,	0.000085,	0.000025,	0.000005,	0.000798
1334,	0.000085,	0.000025,	0.000015,	0.000794
1335,	0.000085,	0.000025,	0.000025,	0.000790
1336,	0.000085,	0.000025,	0.000035,	0.000785
1337,	0.000085,	0.000025,	0.000045,	0.000781
1338,	0.000085,	0.000025,	0.000055,	0.000781
1339,	0.000085,	0.000025,	0.000065,	0.000785
1340,	0.000085,	0.000025,	0.000075,	0.000790
1341,	0.000085,	0.000025,	0.000085,	0.000794
1342,	0.000085,	0.000025,	0.000095,	0.000798
1345,	0.000085,	0.000035,	0.000005,	0.000797
1346,	0.000085,	0.000035,	0.000015,	0.000792
1347,	0.000085,	0.000035,	0.000025,	0.000784
1348,	0.000085,	0.000035,	0.000035,	0.000773
1349,	0.000085,	0.000035,	0.000045,	0.000761
1350,	0.000085,	0.000035,	0.000055,	0.000762
1351,	0.000085,	0.000035,	0.000065,	0.000773
1352,	0.000085,	0.000035,	0.000075,	0.000785
1353,	0.000085,	0.000035,	0.000085,	0.000792
1354,	0.000085,	0.000035,	0.000095,	0.000797
1357,	0.000085,	0.000045,	0.000005,	0.000797
1358,	0.000085,	0.000045,	0.000015,	0.000790
1359,	0.000085,	0.000045,	0.000025,	0.000779
1360,	0.000085,	0.000045,	0.000035,	0.000758
1361,	0.000085,	0.000045,	0.000045,	0.000739
1362,	0.000085,	0.000045,	0.000055,	0.000740
1363,	0.000085,	0.000045,	0.000065,	0.000760
1364,	0.000085,	0.000045,	0.000075,	0.000779
1365,	0.000085,	0.000045,	0.000085,	0.000790
1366,	0.000085,	0.000045,	0.000095,	0.000797
1369,	0.000085,	0.000055,	0.000005,	0.000797
1370,	0.000085,	0.000055,	0.000015,	0.000790
1371,	0.000085,	0.000055,	0.000025,	0.000778
1372,	0.000085,	0.000055,	0.000035,	0.000756
1373,	0.000085,	0.000055,	0.000045,	0.000735
1374,	0.000085,	0.000055,	0.000055,	0.000736
1375,	0.000085,	0.000055,	0.000065,	0.000756
1376,	0.000085,	0.000055,	0.000075,	0.000778
1377,	0.000085,	0.000055,	0.000085,	0.000790
1378,	0.000085,	0.000055,	0.000095,	0.000797
1381,	0.000085,	0.000065,	0.000005,	0.000797
1382,	0.000085,	0.000065,	0.000015,	0.000791
1383,	0.000085,	0.000065,	0.000025,	0.000782
1384,	0.000085,	0.000065,	0.000035,	0.000768
1385,	0.000085,	0.000065,	0.000045,	0.000753
1386,	0.000085,	0.000065,	0.000055,	0.000754
1387,	0.000085,	0.000065,	0.000065,	0.000768
1388,	0.000085,	0.000065,	0.000075,	0.000783
1389,	0.000085,	0.000065,	0.000085,	0.000791
1390,	0.000085,	0.000065,	0.000095,	0.000797
1393,	0.000085,	0.000075,	0.000005,	0.000798
1394,	0.000085,	0.000075,	0.000015,	0.000793
1395,	0.000085,	0.000075,	0.000025,	0.000788
1396,	0.000085,	0.000075,	0.000035,	0.000782
1397,	0.000085,	0.000075,	0.000045,	0.000776
1398,	0.000085,	0.000075,	0.000055,	0.000776
1399,	0.000085,	0.000075,	0.000065,	0.000782
1400,	0.000085,	0.000075,	0.000075,	0.000789
1401,	0.000085,	0.000075,	0.000085,	0.000793
1402,	0.000085,	0.000075,	0.000095,	0.000798
1405,	0.000085,	0.000085,	0.000005,	0.000799
1406,	0.000085,	0.000085,	0.000015,	0.000796
1407,	0.000085,	0.000085,	0.000025,	0.000793
1408,	0.000085,	0.000085,	0.000035,	0.000791
1409,	0.000085,	0.000085,	0.000045,	0.000789
1410,	0.000085,	0.000085,	0.000055,	0.000789
1411,	0.000085,	0.000085,	0.000065,	0.000791
1412,	0.000085,	0.000085,	0.000075,	0.000793
1413,	0.000085,	0.000085,	0.000085,	0.000796
1414,	0.000085,	0.000085,	0.000095,	0.000799
1417,	0.000085,	0.000095,	0.000005,	0.000800
1418,	0.000085,	0.000095,	0.000015,	0.000799
1419,	0.000085,	0.000095,	0.000025,	0.000798
1420,	0.000085,	0.000095,	0.000035,	0.000797
1421,	0.000085,	0.000095,	0.000045,	0.000797
1422,	0.000085,	0.000095,	0.000055,	0.000797
1423,	0.000085,	0.000095,	0.000065,	0.000797
1424,	0.000085,	0.000095,	0.000075,	0.000798
1425,	0.000085,	0.000095,	0.000085,	0.000799
1426,	0.000085,	0.000095,	0.000095,	0.000800
1453,	0.000095,	0.000005,	0.000005,	0.000800
1454,	0.000095,	0.000005,	0.000015,	0.000800
1455,	0.000095,	0.000005,	0.000025,	0.000799
1456,	0.000095,	0.000005,	0.000035,	0.000799
1457,	0.000095,	0.000005,	0.000045,	0.000799
1458,	0.000095,	0.000005,	0.000055,	0.000799
1459,	0.000095,	0.000005,	0.000065,	0.000799
1460,	0.000095,	0.000005,	0.000075,	0.000799
1461,	0.000095,	0.000005,	0.000085,	0.000800
1462,	0.000095,	0.000005,	0.000095,	0.000800
1465,	0.000095,	0.000015,	0.000005,	0.000800
1466,	0.000095,	0.000015,	0.000015,	0.000799
1467,	0.000095,	0.000015,	0.000025,	0.000798
1468,	0.000095,	0.000015,	0.000035,	0.000797
1469,	0.000095,	0.000015,	0.000045,	0.000797
1470,	0.000095,	0.000015,	0.000055,	0.000797
1471,	0.000095,	0.000015,	0.000065,	0.000797
1472,	0.000095,	0.000015,	0.000075,	0.000798
1473,	0.000095,	0.000015,	0.000085,	0.000799
1474,	0.000095,	0.000015,	0.000095,	0.000800
1477,	0.000095,	0.000025,	0.000005,	0.000799
1478,	0.000095,	0.000025,	0.000015,	0.000798
1479,	0.000095,	0.000025,	0.000025,	0.000797
1480,	0.000095,	0.000025,	0.000035,	0.000796
1481,	0.000095,	0.000025,	0.000045,	0.000795
1482,	0.000095,	0.000025,	0.000055,	0.000795
1483,	0.000095,	0.000025,	0.000065,	0.000796
1484,	0.000095,	0.000025,	0.000075,	0.000797
1485,	0.000095,	0.000025,	0.000085,	0.000798
1486,	0.000095,	0.000025,	0.000095,	0.000799
1489,	0.000095,	0.000035,	0.000005,	0.000799
1490,	0.000095,	0.000035,	0.000015,	0.000797
1491,	0.000095,	0.000035,	0.000025,	0.000796
1492,	0.000095,	0.000035,	0.000035,	0.000794
1493,	0.000095,	0.000035,	0.000045,	0.000792
1494,	0.000095,	0.000035,	0.000055,	0.000792
1495,	0.000095,	0.000035,	0.000065,	0.000794
1496,	0.000095,	0.000035,	0.000075,	0.000796
1497,	0.000095,	0.000035,	0.000085,	0.000797
1498,	0.000095,	0.000035,	0.000095,	0.000799
1501,	0.000095,	0.000045,	0.000005,	0.000799
1502,	0.000095,	0.000045,	0.000015,	0.000797
1503,	0.000095,	0.000045,	0.000025,	0.000795
1504,	0.000095,	0.000045,	0.000035,	0.000792
1505,	0.000095,	0.000045,	0.000045,	0.000790
1506,	0.000095,	0.000045,	0.000055,	0.000790
1507,	0.000095,	0.000045,	0.000065,	0.000792
1508,	0.000095,	0.000045,	0.000075,	0.000795
1509,	0.000095,	0.000045,	0.000085,	0.000797
1510,	0.000095,	0.000045,	0.000095,	0.000799
1513,	0.000095,	0.000055,	0.000005,	0.000799
1514,	0.000095,	0.000055,	0.000015,	0.000797
1515,	0.000095,	0.000055,	0.000025,	0.000795
1516,	0.000095,	0.000055,	0.000035,	0.000792
1517,	0.000095,	0.000055,	0.000045,	0.000789
1518,	0.000095,	0.000055,	0.000055,	0.000789
1519,	0.000095,	0.000055,	0.000065,	0.000792
1520,	0.000095,	0.000055,	0.000075,	0.000795
1521,	0.000095,	0.000055,	0.000085,	0.000797
1522,	0.000095,	0.000055,	0.000095,	0.000799
1525,	0.000095,	0.000065,	0.000005,	0.000799
1526,	0.000095,	0.000065,	0.000015,	0.000797
1527,	0.000095,	0.000065,	0.000025,	0.000795
1528,	0.000095,	0.000065,	0.000035,	0.000793
1529,	0.000095,	0.000065,	0.000045,	0.000791
1530,	0.000095,	0.000065,	0.000055,	0.000791
1531,	0.000095,	0.000065,	0.000065,	0.000793
1532,	0.000095,	0.000065,	0.000075,	0.000795
1533,	0.000095,	0.000065,	0.000085,	0.000797
1534,	0.000095,	0.000065,	0.000095,	0.000799
1537,	0.000095,	0.000075,	0.000005,	0.000799
1538,	0.000095,	0.000075,	0.000015,	0.000798
1539,	0.000095,	0.000075,	0.000025,	0.000796
1540,	0.000095,	0.000075,	0.000035,	0.000795
1541,	0.000095,	0.000075,	0.000045,	0.000794
1542,	0.000095,	0.000075,	0.000055,	0.000794
1543,	0.000095,	0.000075,	0.000065,	0.000795
1544,	0.000095,	0.000075,	0.000075,	0.000796
1545,	0.000095,	0.000075,	0.000085,	0.000798
1546,	0.000095,	0.000075,	0.000095,	0.000799
1549,	0.000095,	0.000085,	0.000005,	0.000800
1550,	0.000095,	0.000085,	0.000015,	0.000799
1551,	0.000095,	0.000085,	0.000025,	0.000798
1552,	0.000095,	0.000085,	0.000035,	0.000797
1553,	0.000095,	0.000085,	0.000045,	0.000797
1554,	0.000095,	0.000085,	0.000055,	0.000797
1555,	0.000095,	0.000085,	0.000065,	0.000797
1556,	0.000095,	0.000085,	0.000075,	0.000798
1557,	0.000095,	0.000085,	0.000085,	0.000799
1558,	0.000095,	0.000085,	0.000095,	0.000800
1561,	0.000095,	0.000095,	0.000005,	0.000800
1562,	0.000095,	0.000095,	0.000015,	0.000800
1563,	0.000095,	0.000095,	0.000025,	0.000799
1564,	0.000095,	0.000095,	0.000035,	0.000799
1565,	0.000095,	0.000095,	0.000045,	0.000799
1566,	0.000095,	0.000095,	0.000055,	0.000799
1567,	0.000095,	0.000095,	0.000065,	0.000799
1568,	0.000095,	0.000095,	0.000075,	0.000799
1569,	0.000095,	0.000095,	0.000085,	0.000800
1570,	0.000095,	0.000095,	0.000095,	0.000800
