,x,y,z,scalar,1,1,1,0.5
157,	0.000005,	0.000005,	0.000005,	0.000800
158,	0.000005,	0.000005,	0.000015,	0.000800
159,	0.000005,	0.000005,	0.000025,	0.000799
160,	0.000005,	0.000005,	0.000035,	0.000799
161,	0.000005,	0.000005,	0.000045,	0.000799
162,	0.000005,	0.000005,	0.000055,	0.000799
163,	0.000005,	0.000005,	0.000065,	0.000799
164,	0.000005,	0.000005,	0.000075,	0.000799
165,	0.000005,	0.000005,	0.000085,	0.000800
166,	0.000005,	0.000005,	0.000095,	0.000800
169,	0.000005,	0.000015,	0.000005,	0.000800
170,	0.000005,	0.000015,	0.000015,	0.000799
171,	0.000005,	0.000015,	0.000025,	0.000798
172,	0.000005,	0.000015,	0.000035,	0.000798
173,	0.000005,	0.000015,	0.000045,	0.000798
174,	0.000005,	0.000015,	0.000055,	0.000798
175,	0.000005,	0.000015,	0.000065,	0.000798
176,	0.000005,	0.000015,	0.000075,	0.000798
177,	0.000005,	0.000015,	0.000085,	0.000799
178,	0.000005,	0.000015,	0.000095,	0.000800
181,	0.000005,	0.000025,	0.000005,	0.000799
182,	0.000005,	0.000025,	0.000015,	0.000798
183,	0.000005,	0.000025,	0.000025,	0.000797
184,	0.000005,	0.000025,	0.000035,	0.000796
185,	0.000005,	0.000025,	0.000045,	0.000796
186,	0.000005,	0.000025,	0.000055,	0.000796
187,	0.000005,	0.000025,	0.000065,	0.000796
188,	0.000005,	0.000025,	0.000075,	0.000797
189,	0.000005,	0.000025,	0.000085,	0.000798
190,	0.000005,	0.000025,	0.000095,	0.000799
193,	0.000005,	0.000035,	0.000005,	0.000799
194,	0.000005,	0.000035,	0.000015,	0.000798
195,	0.000005,	0.000035,	0.000025,	0.000796
196,	0.000005,	0.000035,	0.000035,	0.000795
197,	0.000005,	0.000035,	0.000045,	0.000794
198,	0.000005,	0.000035,	0.000055,	0.000794
199,	0.000005,	0.000035,	0.000065,	0.000795
200,	0.000005,	0.000035,	0.000075,	0.000796
201,	0.000005,	0.000035,	0.000085,	0.000798
202,	0.000005,	0.000035,	0.000095,	0.000799
205,	0.000005,	0.000045,	0.000005,	0.000799
206,	0.000005,	0.000045,	0.000015,	0.000797
207,	0.000005,	0.000045,	0.000025,	0.000796
208,	0.000005,	0.000045,	0.000035,	0.000794
209,	0.000005,	0.000045,	0.000045,	0.000793
210,	0.000005,	0.000045,	0.000055,	0.000793
211,	0.000005,	0.000045,	0.000065,	0.000794
212,	0.000005,	0.000045,	0.000075,	0.000796
213,	0.000005,	0.000045,	0.000085,	0.000797
214,	0.000005,	0.000045,	0.000095,	0.000799
217,	0.000005,	0.000055,	0.000005,	0.000799
218,	0.000005,	0.000055,	0.000015,	0.000797
219,	0.000005,	0.000055,	0.000025,	0.000796
220,	0.000005,	0.000055,	0.000035,	0.000794
221,	0.000005,	0.000055,	0.000045,	0.000793
222,	0.000005,	0.000055,	0.000055,	0.000793
223,	0.000005,	0.000055,	0.000065,	0.000794
224,	0.000005,	0.000055,	0.000075,	0.000796
225,	0.000005,	0.000055,	0.000085,	0.000797
226,	0.000005,	0.000055,	0.000095,	0.000799
229,	0.000005,	0.000065,	0.000005,	0.000799
230,	0.000005,	0.000065,	0.000015,	0.000798
231,	0.000005,	0.000065,	0.000025,	0.000796
232,	0.000005,	0.000065,	0.000035,	0.000795
233,	0.000005,	0.000065,	0.000045,	0.000794
234,	0.000005,	0.000065,	0.000055,	0.000794
235,	0.000005,	0.000065,	0.000065,	0.000795
236,	0.000005,	0.000065,	0.000075,	0.000796
237,	0.000005,	0.000065,	0.000085,	0.000798
238,	0.000005,	0.000065,	0.000095,	0.000799
241,	0.000005,	0.000075,	0.000005,	0.000799
242,	0.000005,	0.000075,	0.000015,	0.000798
243,	0.000005,	0.000075,	0.000025,	0.000797
244,	0.000005,	0.000075,	0.000035,	0.000796
245,	0.000005,	0.000075,	0.000045,	0.000796
246,	0.000005,	0.000075,	0.000055,	0.000796
247,	0.000005,	0.000075,	0.000065,	0.000796
248,	0.000005,	0.000075,	0.000075,	0.000797
249,	0.000005,	0.000075,	0.000085,	0.000798
250,	0.000005,	0.000075,	0.000095,	0.000799
253,	0.000005,	0.000085,	0.000005,	0.000800
254,	0.000005,	0.000085,	0.000015,	0.000799
255,	0.000005,	0.000085,	0.000025,	0.000798
256,	0.000005,	0.000085,	0.000035,	0.000798
257,	0.000005,	0.000085,	0.000045,	0.000797
258,	0.000005,	0.000085,	0.000055,	0.000797
259,	0.000005,	0.000085,	0.000065,	0.000798
260,	0.000005,	0.000085,	0.000075,	0.000798
261,	0.000005,	0.000085,	0.000085,	0.000799
262,	0.000005,	0.000085,	0.000095,	0.000800
265,	0.000005,	0.000095,	0.000005,	0.000800
266,	0.000005,	0.000095,	0.000015,	0.000800
267,	0.000005,	0.000095,	0.000025,	0.000799
268,	0.000005,	0.000095,	0.000035,	0.000799
269,	0.000005,	0.000095,	0.000045,	0.000799
270,	0.000005,	0.000095,	0.000055,	0.000799
271,	0.000005,	0.000095,	0.000065,	0.000799
272,	0.000005,	0.000095,	0.000075,	0.000799
273,	0.000005,	0.000095,	0.000085,	0.000800
274,	0.000005,	0.000095,	0.000095,	0.000800
301,	0.000015,	0.000005,	0.000005,	0.000800
302,	0.000015,	0.000005,	0.000015,	0.000799
303,	0.000015,	0.000005,	0.000025,	0.000798
304,	0.000015,	0.000005,	0.000035,	0.000798
305,	0.000015,	0.000005,	0.000045,	0.000798
306,	0.000015,	0.000005,	0.000055,	0.000798
307,	0.000015,	0.000005,	0.000065,	0.000798
308,	0.000015,	0.000005,	0.000075,	0.000798
309,	0.000015,	0.000005,	0.000085,	0.000799
310,	0.000015,	0.000005,	0.000095,	0.000800
313,	0.000015,	0.000015,	0.000005,	0.000799
314,	0.000015,	0.000015,	0.000015,	0.000797
315,	0.000015,	0.000015,	0.000025,	0.000795
316,	0.000015,	0.000015,	0.000035,	0.000793
317,	0.000015,	0.000015,	0.000045,	0.000792
318,	0.000015,	0.000015,	0.000055,	0.000792
319,	0.000015,	0.000015,	0.000065,	0.000793
320,	0.000015,	0.000015,	0.000075,	0.000795
321,	0.000015,	0.000015,	0.000085,	0.000797
322,	0.000015,	0.000015,	0.000095,	0.000799
325,	0.000015,	0.000025,	0.000005,	0.000798
326,	0.000015,	0.000025,	0.000015,	0.000795
327,	0.000015,	0.000025,	0.000025,	0.000792
328,	0.000015,	0.000025,	0.000035,	0.000789
329,	0.000015,	0.000025,	0.000045,	0.000786
330,	0.000015,	0.000025,	0.000055,	0.000786
331,	0.000015,	0.000025,	0.000065,	0.000789
332,	0.000015,	0.000025,	0.000075,	0.000792
333,	0.000015,	0.000025,	0.000085,	0.000795
334,	0.000015,	0.000025,	0.000095,	0.000798
337,	0.000015,	0.000035,	0.000005,	0.000798
338,	0.000015,	0.000035,	0.000015,	0.000793
339,	0.000015,	0.000035,	0.000025,	0.000788
340,	0.000015,	0.000035,	0.000035,	0.000781
341,	0.000015,	0.000035,	0.000045,	0.000775
342,	0.000015,	0.000035,	0.000055,	0.000775
343,	0.000015,	0.000035,	0.000065,	0.000782
344,	0.000015,	0.000035,	0.000075,	0.000788
345,	0.000015,	0.000035,	0.000085,	0.000793
346,	0.000015,	0.000035,	0.000095,	0.000798
349,	0.000015,	0.000045,	0.000005,	0.000797
350,	0.000015,	0.000045,	0.000015,	0.000792
351,	0.000015,	0.000045,	0.000025,	0.000785
352,	0.000015,	0.000045,	0.000035,	0.000774
353,	0.000015,	0.000045,	0.000045,	0.000764
354,	0.000015,	0.000045,	0.000055,	0.000764
355,	0.000015,	0.000045,	0.000065,	0.000774
356,	0.000015,	0.000045,	0.000075,	0.000785
357,	0.000015,	0.000045,	0.000085,	0.000792
358,	0.000015,	0.000045,	0.000095,	0.000797
361,	0.000015,	0.000055,	0.000005,	0.000797
362,	0.000015,	0.000055,	0.000015,	0.000792
363,	0.000015,	0.000055,	0.000025,	0.000784
364,	0.000015,	0.000055,	0.000035,	0.000773
365,	0.000015,	0.000055,	0.000045,	0.000762
366,	0.000015,	0.000055,	0.000055,	0.000762
367,	0.000015,	0.000055,	0.000065,	0.000773
368,	0.000015,	0.000055,	0.000075,	0.000785
369,	0.000015,	0.000055,	0.000085,	0.000792
370,	0.000015,	0.000055,	0.000095,	0.000797
373,	0.000015,	0.000065,	0.000005,	0.000798
374,	0.000015,	0.000065,	0.000015,	0.000793
375,	0.000015,	0.000065,	0.000025,	0.000787
376,	0.000015,	0.000065,	0.000035,	0.000779
377,	0.000015,	0.000065,	0.000045,	0.000771
378,	0.000015,	0.000065,	0.000055,	0.000772
379,	0.000015,	0.000065,	0.000065,	0.000779
380,	0.000015,	0.000065,	0.000075,	0.000787
381,	0.000015,	0.000065,	0.000085,	0.000793
382,	0.000015,	0.000065,	0.000095,	0.000798
385,	0.000015,	0.000075,	0.000005,	0.000798
386,	0.000015,	0.000075,	0.000015,	0.000795
387,	0.000015,	0.000075,	0.000025,	0.000791
388,	0.000015,	0.000075,	0.000035,	0.000787
389,	0.000015,	0.000075,	0.000045,	0.000784
390,	0.000015,	0.000075,	0.000055,	0.000784
391,	0.000015,	0.000075,	0.000065,	0.000787
392,	0.000015,	0.000075,	0.000075,	0.000791
393,	0.000015,	0.000075,	0.000085,	0.000795
394,	0.000015,	0.000075,	0.000095,	0.000798
397,	0.000015,	0.000085,	0.000005,	0.000799
398,	0.000015,	0.000085,	0.000015,	0.000797
399,	0.000015,	0.000085,	0.000025,	0.000795
400,	0.000015,	0.000085,	0.000035,	0.000793
401,	0.000015,	0.000085,	0.000045,	0.000791
402,	0.000015,	0.000085,	0.000055,	0.000792
403,	0.000015,	0.000085,	0.000065,	0.000793
404,	0.000015,	0.000085,	0.000075,	0.000795
405,	0.000015,	0.000085,	0.000085,	0.000797
406,	0.000015,	0.000085,	0.000095,	0.000799
409,	0.000015,	0.000095,	0.000005,	0.000800
410,	0.000015,	0.000095,	0.000015,	0.000799
411,	0.000015,	0.000095,	0.000025,	0.000798
412,	0.000015,	0.000095,	0.000035,	0.000798
413,	0.000015,	0.000095,	0.000045,	0.000797
414,	0.000015,	0.000095,	0.000055,	0.000797
415,	0.000015,	0.000095,	0.000065,	0.000798
416,	0.000015,	0.000095,	0.000075,	0.000798
417,	0.000015,	0.000095,	0.000085,	0.000799
418,	0.000015,	0.000095,	0.000095,	0.000800
445,	0.000025,	0.000005,	0.000005,	0.000799
446,	0.000025,	0.000005,	0.000015,	0.000798
447,	0.000025,	0.000005,	0.000025,	0.000797
448,	0.000025,	0.000005,	0.000035,	0.000796
449,	0.000025,	0.000005,	0.000045,	0.000796
450,	0.000025,	0.000005,	0.000055,	0.000796
451,	0.000025,	0.000005,	0.000065,	0.000796
452,	0.000025,	0.000005,	0.000075,	0.000797
453,	0.000025,	0.000005,	0.000085,	0.000798
454,	0.000025,	0.000005,	0.000095,	0.000799
457,	0.000025,	0.000015,	0.000005,	0.000798
458,	0.000025,	0.000015,	0.000015,	0.000795
459,	0.000025,	0.000015,	0.000025,	0.000792
460,	0.000025,	0.000015,	0.000035,	0.000789
461,	0.000025,	0.000015,	0.000045,	0.000786
462,	0.000025,	0.000015,	0.000055,	0.000786
463,	0.000025,	0.000015,	0.000065,	0.000789
464,	0.000025,	0.000015,	0.000075,	0.000792
465,	0.000025,	0.000015,	0.000085,	0.000795
466,	0.000025,	0.000015,	0.000095,	0.000798
469,	0.000025,	0.000025,	0.000005,	0.000797
470,	0.000025,	0.000025,	0.000015,	0.000792
471,	0.000025,	0.000025,	0.000025,	0.000785
472,	0.000025,	0.000025,	0.000035,	0.000775
473,	0.000025,	0.000025,	0.000045,	0.000765
474,	0.000025,	0.000025,	0.000055,	0.000765
475,	0.000025,	0.000025,	0.000065,	0.000776
476,	0.000025,	0.000025,	0.000075,	0.000785
477,	0.000025,	0.000025,	0.000085,	0.000792
478,	0.000025,	0.000025,	0.000095,	0.000797
481,	0.000025,	0.000035,	0.000005,	0.000796
482,	0.000025,	0.000035,	0.000015,	0.000788
483,	0.000025,	0.000035,	0.000025,	0.000774
484,	0.000025,	0.000035,	0.000035,	0.000742
485,	0.000025,	0.000035,	0.000045,	0.000717
486,	0.000025,	0.000035,	0.000055,	0.000717
487,	0.000025,	0.000035,	0.000065,	0.000743
488,	0.000025,	0.000035,	0.000075,	0.000775
489,	0.000025,	0.000035,	0.000085,	0.000788
490,	0.000025,	0.000035,	0.000095,	0.000796
493,	0.000025,	0.000045,	0.000005,	0.000796
494,	0.000025,	0.000045,	0.000015,	0.000785
495,	0.000025,	0.000045,	0.000025,	0.000760
496,	0.000025,	0.000045,	0.000035,	0.000712
497,	0.000025,	0.000045,	0.000045,	0.000685
498,	0.000025,	0.000045,	0.000055,	0.000685
499,	0.000025,	0.000045,	0.000065,	0.000713
500,	0.000025,	0.000045,	0.000075,	0.000761
501,	0.000025,	0.000045,	0.000085,	0.000785
502,	0.000025,	0.000045,	0.000095,	0.000796
505,	0.000025,	0.000055,	0.000005,	0.000796
506,	0.000025,	0.000055,	0.000015,	0.000784
507,	0.000025,	0.000055,	0.000025,	0.000757
508,	0.000025,	0.000055,	0.000035,	0.000708
509,	0.000025,	0.000055,	0.000045,	0.000681
510,	0.000025,	0.000055,	0.000055,	0.000681
511,	0.000025,	0.000055,	0.000065,	0.000709
512,	0.000025,	0.000055,	0.000075,	0.000758
513,	0.000025,	0.000055,	0.000085,	0.000785
514,	0.000025,	0.000055,	0.000095,	0.000796
517,	0.000025,	0.000065,	0.000005,	0.000796
518,	0.000025,	0.000065,	0.000015,	0.000787
519,	0.000025,	0.000065,	0.000025,	0.000770
520,	0.000025,	0.000065,	0.000035,	0.000731
521,	0.000025,	0.000065,	0.000045,	0.000704
522,	0.000025,	0.000065,	0.000055,	0.000705
523,	0.000025,	0.000065,	0.000065,	0.000732
524,	0.000025,	0.000065,	0.000075,	0.000770
525,	0.000025,	0.000065,	0.000085,	0.000787
526,	0.000025,	0.000065,	0.000095,	0.000796
529,	0.000025,	0.000075,	0.000005,	0.000797
530,	0.000025,	0.000075,	0.000015,	0.000791
531,	0.000025,	0.000075,	0.000025,	0.000783
532,	0.000025,	0.000075,	0.000035,	0.000768
533,	0.000025,	0.000075,	0.000045,	0.000753
534,	0.000025,	0.000075,	0.000055,	0.000753
535,	0.000025,	0.000075,	0.000065,	0.000769
536,	0.000025,	0.000075,	0.000075,	0.000783
537,	0.000025,	0.000075,	0.000085,	0.000791
538,	0.000025,	0.000075,	0.000095,	0.000797
541,	0.000025,	0.000085,	0.000005,	0.000798
542,	0.000025,	0.000085,	0.000015,	0.000795
543,	0.000025,	0.000085,	0.000025,	0.000791
544,	0.000025,	0.000085,	0.000035,	0.000787
545,	0.000025,	0.000085,	0.000045,	0.000783
546,	0.000025,	0.000085,	0.000055,	0.000783
547,	0.000025,	0.000085,	0.000065,	0.000787
548,	0.000025,	0.000085,	0.000075,	0.000791
549,	0.000025,	0.000085,	0.000085,	0.000795
550,	0.000025,	0.000085,	0.000095,	0.000798
553,	0.000025,	0.000095,	0.000005,	0.000799
554,	0.000025,	0.000095,	0.000015,	0.000798
555,	0.000025,	0.000095,	0.000025,	0.000797
556,	0.000025,	0.000095,	0.000035,	0.000796
557,	0.000025,	0.000095,	0.000045,	0.000795
558,	0.000025,	0.000095,	0.000055,	0.000795
559,	0.000025,	0.000095,	0.000065,	0.000796
560,	0.000025,	0.000095,	0.000075,	0.000797
561,	0.000025,	0.000095,	0.000085,	0.000798
562,	0.000025,	0.000095,	0.000095,	0.000799
589,	0.000035,	0.000005,	0.000005,	0.000799
590,	0.000035,	0.000005,	0.000015,	0.000798
591,	0.000035,	0.000005,	0.000025,	0.000796
592,	0.000035,	0.000005,	0.000035,	0.000795
593,	0.000035,	0.000005,	0.000045,	0.000794
594,	0.000035,	0.000005,	0.000055,	0.000795
595,	0.000035,	0.000005,	0.000065,	0.000795
596,	0.000035,	0.000005,	0.000075,	0.000796
597,	0.000035,	0.000005,	0.000085,	0.000798
598,	0.000035,	0.000005,	0.000095,	0.000799
601,	0.000035,	0.000015,	0.000005,	0.000798
602,	0.000035,	0.000015,	0.000015,	0.000793
603,	0.000035,	0.000015,	0.000025,	0.000788
604,	0.000035,	0.000015,	0.000035,	0.000782
605,	0.000035,	0.000015,	0.000045,	0.000776
606,	0.000035,	0.000015,	0.000055,	0.000776
607,	0.000035,	0.000015,	0.000065,	0.000782
608,	0.000035,	0.000015,	0.000075,	0.000789
609,	0.000035,	0.000015,	0.000085,	0.000793
610,	0.000035,	0.000015,	0.000095,	0.000798
613,	0.000035,	0.000025,	0.000005,	0.000796
614,	0.000035,	0.000025,	0.000015,	0.000788
615,	0.000035,	0.000025,	0.000025,	0.000775
616,	0.000035,	0.000025,	0.000035,	0.000745
617,	0.000035,	0.000025,	0.000045,	0.000720
618,	0.000035,	0.000025,	0.000055,	0.000720
619,	0.000035,	0.000025,	0.000065,	0.000746
620,	0.000035,	0.000025,	0.000075,	0.000775
621,	0.000035,	0.000025,	0.000085,	0.000789
622,	0.000035,	0.000025,	0.000095,	0.000796
625,	0.000035,	0.000035,	0.000005,	0.000795
626,	0.000035,	0.000035,	0.000015,	0.000781
627,	0.000035,	0.000035,	0.000025,	0.000740
628,	0.000035,	0.000035,	0.000035,	0.000686
629,	0.000035,	0.000035,	0.000045,	0.000660
630,	0.000035,	0.000035,	0.000055,	0.000661
631,	0.000035,	0.000035,	0.000065,	0.000687
632,	0.000035,	0.000035,	0.000075,	0.000742
633,	0.000035,	0.000035,	0.000085,	0.000781
634,	0.000035,	0.000035,	0.000095,	0.000795
637,	0.000035,	0.000045,	0.000005,	0.000794
638,	0.000035,	0.000045,	0.000015,	0.000773
639,	0.000035,	0.000045,	0.000025,	0.000710
640,	0.000035,	0.000045,	0.000035,	0.000656
641,	0.000035,	0.000045,	0.000045,	0.000633
642,	0.000035,	0.000045,	0.000055,	0.000633
643,	0.000035,	0.000045,	0.000065,	0.000657
644,	0.000035,	0.000045,	0.000075,	0.000711
645,	0.000035,	0.000045,	0.000085,	0.000774
646,	0.000035,	0.000045,	0.000095,	0.000794
649,	0.000035,	0.000055,	0.000005,	0.000794
650,	0.000035,	0.000055,	0.000015,	0.000771
651,	0.000035,	0.000055,	0.000025,	0.000705
652,	0.000035,	0.000055,	0.000035,	0.000652
653,	0.000035,	0.000055,	0.000045,	0.000629
654,	0.000035,	0.000055,	0.000055,	0.000630
655,	0.000035,	0.000055,	0.000065,	0.000653
656,	0.000035,	0.000055,	0.000075,	0.000708
657,	0.000035,	0.000055,	0.000085,	0.000772
658,	0.000035,	0.000055,	0.000095,	0.000794
661,	0.000035,	0.000065,	0.000005,	0.000795
662,	0.000035,	0.000065,	0.000015,	0.000778
663,	0.000035,	0.000065,	0.000025,	0.000729
664,	0.000035,	0.000065,	0.000035,	0.000673
665,	0.000035,	0.000065,	0.000045,	0.000649
666,	0.000035,	0.000065,	0.000055,	0.000649
667,	0.000035,	0.000065,	0.000065,	0.000674
668,	0.000035,	0.000065,	0.000075,	0.000730
669,	0.000035,	0.000065,	0.000085,	0.000779
670,	0.000035,	0.000065,	0.000095,	0.000795
673,	0.000035,	0.000075,	0.000005,	0.000796
674,	0.000035,	0.000075,	0.000015,	0.000787
675,	0.000035,	0.000075,	0.000025,	0.000767
676,	0.000035,	0.000075,	0.000035,	0.000725
677,	0.000035,	0.000075,	0.000045,	0.000698
678,	0.000035,	0.000075,	0.000055,	0.000698
679,	0.000035,	0.000075,	0.000065,	0.000726
680,	0.000035,	0.000075,	0.000075,	0.000768
681,	0.000035,	0.000075,	0.000085,	0.000787
682,	0.000035,	0.000075,	0.000095,	0.000796
685,	0.000035,	0.000085,	0.000005,	0.000798
686,	0.000035,	0.000085,	0.000015,	0.000793
687,	0.000035,	0.000085,	0.000025,	0.000786
688,	0.000035,	0.000085,	0.000035,	0.000777
689,	0.000035,	0.000085,	0.000045,	0.000768
690,	0.000035,	0.000085,	0.000055,	0.000768
691,	0.000035,	0.000085,	0.000065,	0.000777
692,	0.000035,	0.000085,	0.000075,	0.000787
693,	0.000035,	0.000085,	0.000085,	0.000793
694,	0.000035,	0.000085,	0.000095,	0.000798
697,	0.000035,	0.000095,	0.000005,	0.000799
698,	0.000035,	0.000095,	0.000015,	0.000798
699,	0.000035,	0.000095,	0.000025,	0.000796
700,	0.000035,	0.000095,	0.000035,	0.000795
701,	0.000035,	0.000095,	0.000045,	0.000793
702,	0.000035,	0.000095,	0.000055,	0.000793
703,	0.000035,	0.000095,	0.000065,	0.000795
704,	0.000035,	0.000095,	0.000075,	0.000796
705,	0.000035,	0.000095,	0.000085,	0.000798
706,	0.000035,	0.000095,	0.000095,	0.000799
733,	0.000045,	0.000005,	0.000005,	0.000799
734,	0.000045,	0.000005,	0.000015,	0.000798
735,	0.000045,	0.000005,	0.000025,	0.000796
736,	0.000045,	0.000005,	0.000035,	0.000794
737,	0.000045,	0.000005,	0.000045,	0.000793
738,	0.000045,	0.000005,	0.000055,	0.000793
739,	0.000045,	0.000005,	0.000065,	0.000794
740,	0.000045,	0.000005,	0.000075,	0.000796
741,	0.000045,	0.000005,	0.000085,	0.000798
742,	0.000045,	0.000005,	0.000095,	0.000799
745,	0.000045,	0.000015,	0.000005,	0.000798
746,	0.000045,	0.000015,	0.000015,	0.000792
747,	0.000045,	0.000015,	0.000025,	0.000786
748,	0.000045,	0.000015,	0.000035,	0.000776
749,	0.000045,	0.000015,	0.000045,	0.000767
750,	0.000045,	0.000015,	0.000055,	0.000767
751,	0.000045,	0.000015,	0.000065,	0.000776
752,	0.000045,	0.000015,	0.000075,	0.000786
753,	0.000045,	0.000015,	0.000085,	0.000792
754,	0.000045,	0.000015,	0.000095,	0.000798
757,	0.000045,	0.000025,	0.000005,	0.000796
758,	0.000045,	0.000025,	0.000015,	0.000785
759,	0.000045,	0.000025,	0.000025,	0.000763
760,	0.000045,	0.000025,	0.000035,	0.000718
761,	0.000045,	0.000025,	0.000045,	0.000690
762,	0.000045,	0.000025,	0.000055,	0.000692
763,	0.000045,	0.000025,	0.000065,	0.000720
764,	0.000045,	0.000025,	0.000075,	0.000764
765,	0.000045,	0.000025,	0.000085,	0.000786
766,	0.000045,	0.000025,	0.000095,	0.000796
769,	0.000045,	0.000035,	0.000005,	0.000794
770,	0.000045,	0.000035,	0.000015,	0.000774
771,	0.000045,	0.000035,	0.000025,	0.000712
772,	0.000045,	0.000035,	0.000035,	0.000658
773,	0.000045,	0.000035,	0.000045,	0.000636
774,	0.000045,	0.000035,	0.000055,	0.000636
775,	0.000045,	0.000035,	0.000065,	0.000660
776,	0.000045,	0.000035,	0.000075,	0.000715
777,	0.000045,	0.000035,	0.000085,	0.000775
778,	0.000045,	0.000035,	0.000095,	0.000794
781,	0.000045,	0.000045,	0.000005,	0.000792
782,	0.000045,	0.000045,	0.000015,	0.000761
783,	0.000045,	0.000045,	0.000025,	0.000680
784,	0.000045,	0.000045,	0.000035,	0.000631
785,	0.000045,	0.000045,	0.000045,	0.000611
786,	0.000045,	0.000045,	0.000055,	0.000611
787,	0.000045,	0.000045,	0.000065,	0.000632
788,	0.000045,	0.000045,	0.000075,	0.000682
789,	0.000045,	0.000045,	0.000085,	0.000763
790,	0.000045,	0.000045,	0.000095,	0.000793
793,	0.000045,	0.000055,	0.000005,	0.000792
794,	0.000045,	0.000055,	0.000015,	0.000758
795,	0.000045,	0.000055,	0.000025,	0.000676
796,	0.000045,	0.000055,	0.000035,	0.000628
797,	0.000045,	0.000055,	0.000045,	0.000608
798,	0.000045,	0.000055,	0.000055,	0.000608
799,	0.000045,	0.000055,	0.000065,	0.000629
800,	0.000045,	0.000055,	0.000075,	0.000678
801,	0.000045,	0.000055,	0.000085,	0.000761
802,	0.000045,	0.000055,	0.000095,	0.000792
805,	0.000045,	0.000065,	0.000005,	0.000794
806,	0.000045,	0.000065,	0.000015,	0.000769
807,	0.000045,	0.000065,	0.000025,	0.000699
808,	0.000045,	0.000065,	0.000035,	0.000647
809,	0.000045,	0.000065,	0.000045,	0.000625
810,	0.000045,	0.000065,	0.000055,	0.000625
811,	0.000045,	0.000065,	0.000065,	0.000648
812,	0.000045,	0.000065,	0.000075,	0.000702
813,	0.000045,	0.000065,	0.000085,	0.000771
814,	0.000045,	0.000065,	0.000095,	0.000794
817,	0.000045,	0.000075,	0.000005,	0.000795
818,	0.000045,	0.000075,	0.000015,	0.000783
819,	0.000045,	0.000075,	0.000025,	0.000749
820,	0.000045,	0.000075,	0.000035,	0.000696
821,	0.000045,	0.000075,	0.000045,	0.000670
822,	0.000045,	0.000075,	0.000055,	0.000670
823,	0.000045,	0.000075,	0.000065,	0.000697
824,	0.000045,	0.000075,	0.000075,	0.000751
825,	0.000045,	0.000075,	0.000085,	0.000783
826,	0.000045,	0.000075,	0.000095,	0.000795
829,	0.000045,	0.000085,	0.000005,	0.000797
830,	0.000045,	0.000085,	0.000015,	0.000791
831,	0.000045,	0.000085,	0.000025,	0.000782
832,	0.000045,	0.000085,	0.000035,	0.000767
833,	0.000045,	0.000085,	0.000045,	0.000751
834,	0.000045,	0.000085,	0.000055,	0.000752
835,	0.000045,	0.000085,	0.000065,	0.000768
836,	0.000045,	0.000085,	0.000075,	0.000783
837,	0.000045,	0.000085,	0.000085,	0.000791
838,	0.000045,	0.000085,	0.000095,	0.000797
841,	0.000045,	0.000095,	0.000005,	0.000799
842,	0.000045,	0.000095,	0.000015,	0.000797
843,	0.000045,	0.000095,	0.000025,	0.000795
844,	0.000045,	0.000095,	0.000035,	0.000793
845,	0.000045,	0.000095,	0.000045,	0.000791
846,	0.000045,	0.000095,	0.000055,	0.000791
847,	0.000045,	0.000095,	0.000065,	0.000793
848,	0.000045,	0.000095,	0.000075,	0.000795
849,	0.000045,	0.000095,	0.000085,	0.000797
850,	0.000045,	0.000095,	0.000095,	0.000799
877,	0.000055,	0.000005,	0.000005,	0.000799
878,	0.000055,	0.000005,	0.000015,	0.000798
879,	0.000055,	0.000005,	0.000025,	0.000796
880,	0.000055,	0.000005,	0.000035,	0.000794
881,	0.000055,	0.000005,	0.000045,	0.000793
882,	0.000055,	0.000005,	0.000055,	0.000793
883,	0.000055,	0.000005,	0.000065,	0.000794
884,	0.000055,	0.000005,	0.000075,	0.000796
885,	0.000055,	0.000005,	0.000085,	0.000798
886,	0.000055,	0.000005,	0.000095,	0.000799
889,	0.000055,	0.000015,	0.000005,	0.000797
890,	0.000055,	0.000015,	0.000015,	0.000792
891,	0.000055,	0.000015,	0.000025,	0.000786
892,	0.000055,	0.000015,	0.000035,	0.000775
893,	0.000055,	0.000015,	0.000045,	0.000766
894,	0.000055,	0.000015,	0.000055,	0.000766
895,	0.000055,	0.000015,	0.000065,	0.000776
896,	0.000055,	0.000015,	0.000075,	0.000786
897,	0.000055,	0.000015,	0.000085,	0.000792
898,	0.000055,	0.000015,	0.000095,	0.000798
901,	0.000055,	0.000025,	0.000005,	0.000796
902,	0.000055,	0.000025,	0.000015,	0.000785
903,	0.000055,	0.000025,	0.000025,	0.000762
904,	0.000055,	0.000025,	0.000035,	0.000716
905,	0.000055,	0.000025,	0.000045,	0.000690
906,	0.000055,	0.000025,	0.000055,	0.000690
907,	0.000055,	0.000025,	0.000065,	0.000719
908,	0.000055,	0.000025,	0.000075,	0.000764
909,	0.000055,	0.000025,	0.000085,	0.000786
910,	0.000055,	0.000025,	0.000095,	0.000796
913,	0.000055,	0.000035,	0.000005,	0.000794
914,	0.000055,	0.000035,	0.000015,	0.000773
915,	0.000055,	0.000035,	0.000025,	0.000711
916,	0.000055,	0.000035,	0.000035,	0.000657
917,	0.000055,	0.000035,	0.000045,	0.000634
918,	0.000055,	0.000035,	0.000055,	0.000635
919,	0.000055,	0.000035,	0.000065,	0.000659
920,	0.000055,	0.000035,	0.000075,	0.000714
921,	0.000055,	0.000035,	0.000085,	0.000774
922,	0.000055,	0.000035,	0.000095,	0.000794
925,	0.000055,	0.000045,	0.000005,	0.000792
926,	0.000055,	0.000045,	0.000015,	0.000760
927,	0.000055,	0.000045,	0.000025,	0.000679
928,	0.000055,	0.000045,	0.000035,	0.000630
929,	0.000055,	0.000045,	0.000045,	0.000610
930,	0.000055,	0.000045,	0.000055,	0.000610
931,	0.000055,	0.000045,	0.000065,	0.000631
932,	0.000055,	0.000045,	0.000075,	0.000682
933,	0.000055,	0.000045,	0.000085,	0.000762
934,	0.000055,	0.000045,	0.000095,	0.000793
937,	0.000055,	0.000055,	0.000005,	0.000792
938,	0.000055,	0.000055,	0.000015,	0.000757
939,	0.000055,	0.000055,	0.000025,	0.000675
940,	0.000055,	0.000055,	0.000035,	0.000627
941,	0.000055,	0.000055,	0.000045,	0.000607
942,	0.000055,	0.000055,	0.000055,	0.000607
943,	0.000055,	0.000055,	0.000065,	0.000628
944,	0.000055,	0.000055,	0.000075,	0.000678
945,	0.000055,	0.000055,	0.000085,	0.000760
946,	0.000055,	0.000055,	0.000095,	0.000792
949,	0.000055,	0.000065,	0.000005,	0.000793
950,	0.000055,	0.000065,	0.000015,	0.000769
951,	0.000055,	0.000065,	0.000025,	0.000698
952,	0.000055,	0.000065,	0.000035,	0.000645
953,	0.000055,	0.000065,	0.000045,	0.000624
954,	0.000055,	0.000065,	0.000055,	0.000624
955,	0.000055,	0.000065,	0.000065,	0.000647
956,	0.000055,	0.000065,	0.000075,	0.000701
957,	0.000055,	0.000065,	0.000085,	0.000770
958,	0.000055,	0.000065,	0.000095,	0.000794
961,	0.000055,	0.000075,	0.000005,	0.000795
962,	0.000055,	0.000075,	0.000015,	0.000782
963,	0.000055,	0.000075,	0.000025,	0.000748
964,	0.000055,	0.000075,	0.000035,	0.000694
965,	0.000055,	0.000075,	0.000045,	0.000668
966,	0.000055,	0.000075,	0.000055,	0.000668
967,	0.000055,	0.000075,	0.000065,	0.000696
968,	0.000055,	0.000075,	0.000075,	0.000750
969,	0.000055,	0.000075,	0.000085,	0.000783
970,	0.000055,	0.000075,	0.000095,	0.000795
973,	0.000055,	0.000085,	0.000005,	0.000797
974,	0.000055,	0.000085,	0.000015,	0.000791
975,	0.000055,	0.000085,	0.000025,	0.000782
976,	0.000055,	0.000085,	0.000035,	0.000766
977,	0.000055,	0.000085,	0.000045,	0.000750
978,	0.000055,	0.000085,	0.000055,	0.000750
979,	0.000055,	0.000085,	0.000065,	0.000767
980,	0.000055,	0.000085,	0.000075,	0.000783
981,	0.000055,	0.000085,	0.000085,	0.000791
982,	0.000055,	0.000085,	0.000095,	0.000797
985,	0.000055,	0.000095,	0.000005,	0.000799
986,	0.000055,	0.000095,	0.000015,	0.000797
987,	0.000055,	0.000095,	0.000025,	0.000795
988,	0.000055,	0.000095,	0.000035,	0.000793
989,	0.000055,	0.000095,	0.000045,	0.000791
990,	0.000055,	0.000095,	0.000055,	0.000791
991,	0.000055,	0.000095,	0.000065,	0.000793
992,	0.000055,	0.000095,	0.000075,	0.000795
993,	0.000055,	0.000095,	0.000085,	0.000797
994,	0.000055,	0.000095,	0.000095,	0.000799
1021,	0.000065,	0.000005,	0.000005,	0.000799
1022,	0.000065,	0.000005,	0.000015,	0.000798
1023,	0.000065,	0.000005,	0.000025,	0.000796
1024,	0.000065,	0.000005,	0.000035,	0.000795
1025,	0.000065,	0.000005,	0.000045,	0.000794
1026,	0.000065,	0.000005,	0.000055,	0.000794
1027,	0.000065,	0.000005,	0.000065,	0.000795
1028,	0.000065,	0.000005,	0.000075,	0.000796
1029,	0.000065,	0.000005,	0.000085,	0.000798
1030,	0.000065,	0.000005,	0.000095,	0.000799
1033,	0.000065,	0.000015,	0.000005,	0.000798
1034,	0.000065,	0.000015,	0.000015,	0.000793
1035,	0.000065,	0.000015,	0.000025,	0.000788
1036,	0.000065,	0.000015,	0.000035,	0.000781
1037,	0.000065,	0.000015,	0.000045,	0.000775
1038,	0.000065,	0.000015,	0.000055,	0.000776
1039,	0.000065,	0.000015,	0.000065,	0.000782
1040,	0.000065,	0.000015,	0.000075,	0.000788
1041,	0.000065,	0.000015,	0.000085,	0.000793
1042,	0.000065,	0.000015,	0.000095,	0.000798
1045,	0.000065,	0.000025,	0.000005,	0.000796
1046,	0.000065,	0.000025,	0.000015,	0.000788
1047,	0.000065,	0.000025,	0.000025,	0.000773
1048,	0.000065,	0.000025,	0.000035,	0.000741
1049,	0.000065,	0.000025,	0.000045,	0.000716
1050,	0.000065,	0.000025,	0.000055,	0.000718
1051,	0.000065,	0.000025,	0.000065,	0.000743
1052,	0.000065,	0.000025,	0.000075,	0.000775
1053,	0.000065,	0.000025,	0.000085,	0.000788
1054,	0.000065,	0.000025,	0.000095,	0.000796
1057,	0.000065,	0.000035,	0.000005,	0.000795
1058,	0.000065,	0.000035,	0.000015,	0.000780
1059,	0.000065,	0.000035,	0.000025,	0.000736
1060,	0.000065,	0.000035,	0.000035,	0.000681
1061,	0.000065,	0.000035,	0.000045,	0.000656
1062,	0.000065,	0.000035,	0.000055,	0.000658
1063,	0.000065,	0.000035,	0.000065,	0.000684
1064,	0.000065,	0.000035,	0.000075,	0.000740
1065,	0.000065,	0.000035,	0.000085,	0.000781
1066,	0.000065,	0.000035,	0.000095,	0.000795
1069,	0.000065,	0.000045,	0.000005,	0.000794
1070,	0.000065,	0.000045,	0.000015,	0.000771
1071,	0.000065,	0.000045,	0.000025,	0.000704
1072,	0.000065,	0.000045,	0.000035,	0.000652
1073,	0.000065,	0.000045,	0.000045,	0.000630
1074,	0.000065,	0.000045,	0.000055,	0.000630
1075,	0.000065,	0.000045,	0.000065,	0.000654
1076,	0.000065,	0.000045,	0.000075,	0.000708
1077,	0.000065,	0.000045,	0.000085,	0.000773
1078,	0.000065,	0.000045,	0.000095,	0.000794
1081,	0.000065,	0.000055,	0.000005,	0.000794
1082,	0.000065,	0.000055,	0.000015,	0.000770
1083,	0.000065,	0.000055,	0.000025,	0.000700
1084,	0.000065,	0.000055,	0.000035,	0.000648
1085,	0.000065,	0.000055,	0.000045,	0.000626
1086,	0.000065,	0.000055,	0.000055,	0.000627
1087,	0.000065,	0.000055,	0.000065,	0.000650
1088,	0.000065,	0.000055,	0.000075,	0.000704
1089,	0.000065,	0.000055,	0.000085,	0.000771
1090,	0.000065,	0.000055,	0.000095,	0.000794
1093,	0.000065,	0.000065,	0.000005,	0.000795
1094,	0.000065,	0.000065,	0.000015,	0.000777
1095,	0.000065,	0.000065,	0.000025,	0.000724
1096,	0.000065,	0.000065,	0.000035,	0.000669
1097,	0.000065,	0.000065,	0.000045,	0.000645
1098,	0.000065,	0.000065,	0.000055,	0.000646
1099,	0.000065,	0.000065,	0.000065,	0.000671
1100,	0.000065,	0.000065,	0.000075,	0.000727
1101,	0.000065,	0.000065,	0.000085,	0.000778
1102,	0.000065,	0.000065,	0.000095,	0.000795
1105,	0.000065,	0.000075,	0.000005,	0.000796
1106,	0.000065,	0.000075,	0.000015,	0.000786
1107,	0.000065,	0.000075,	0.000025,	0.000765
1108,	0.000065,	0.000075,	0.000035,	0.000720
1109,	0.000065,	0.000075,	0.000045,	0.000693
1110,	0.000065,	0.000075,	0.000055,	0.000694
1111,	0.000065,	0.000075,	0.000065,	0.000722
1112,	0.000065,	0.000075,	0.000075,	0.000766
1113,	0.000065,	0.000075,	0.000085,	0.000786
1114,	0.000065,	0.000075,	0.000095,	0.000796
1117,	0.000065,	0.000085,	0.000005,	0.000798
1118,	0.000065,	0.000085,	0.000015,	0.000792
1119,	0.000065,	0.000085,	0.000025,	0.000786
1120,	0.000065,	0.000085,	0.000035,	0.000776
1121,	0.000065,	0.000085,	0.000045,	0.000766
1122,	0.000065,	0.000085,	0.000055,	0.000766
1123,	0.000065,	0.000085,	0.000065,	0.000776
1124,	0.000065,	0.000085,	0.000075,	0.000786
1125,	0.000065,	0.000085,	0.000085,	0.000793
1126,	0.000065,	0.000085,	0.000095,	0.000798
1129,	0.000065,	0.000095,	0.000005,	0.000799
1130,	0.000065,	0.000095,	0.000015,	0.000798
1131,	0.000065,	0.000095,	0.000025,	0.000796
1132,	0.000065,	0.000095,	0.000035,	0.000794
1133,	0.000065,	0.000095,	0.000045,	0.000793
1134,	0.000065,	0.000095,	0.000055,	0.000793
1135,	0.000065,	0.000095,	0.000065,	0.000794
1136,	0.000065,	0.000095,	0.000075,	0.000796
1137,	0.000065,	0.000095,	0.000085,	0.000798
1138,	0.000065,	0.000095,	0.000095,	0.000799
1165,	0.000075,	0.000005,	0.000005,	0.000799
1166,	0.000075,	0.000005,	0.000015,	0.000798
1167,	0.000075,	0.000005,	0.000025,	0.000797
1168,	0.000075,	0.000005,	0.000035,	0.000796
1169,	0.000075,	0.000005,	0.000045,	0.000796
1170,	0.000075,	0.000005,	0.000055,	0.000796
1171,	0.000075,	0.000005,	0.000065,	0.000796
1172,	0.000075,	0.000005,	0.000075,	0.000797
1173,	0.000075,	0.000005,	0.000085,	0.000798
1174,	0.000075,	0.000005,	0.000095,	0.000799
1177,	0.000075,	0.000015,	0.000005,	0.000798
1178,	0.000075,	0.000015,	0.000015,	0.000795
1179,	0.000075,	0.000015,	0.000025,	0.000792
1180,	0.000075,	0.000015,	0.000035,	0.000788
1181,	0.000075,	0.000015,	0.000045,	0.000785
1182,	0.000075,	0.000015,	0.000055,	0.000786
1183,	0.000075,	0.000015,	0.000065,	0.000788
1184,	0.000075,	0.000015,	0.000075,	0.000792
1185,	0.000075,	0.000015,	0.000085,	0.000795
1186,	0.000075,	0.000015,	0.000095,	0.000798
1189,	0.000075,	0.000025,	0.000005,	0.000797
1190,	0.000075,	0.000025,	0.000015,	0.000791
1191,	0.000075,	0.000025,	0.000025,	0.000784
1192,	0.000075,	0.000025,	0.000035,	0.000773
1193,	0.000075,	0.000025,	0.000045,	0.000762
1194,	0.000075,	0.000025,	0.000055,	0.000763
1195,	0.000075,	0.000025,	0.000065,	0.000774
1196,	0.000075,	0.000025,	0.000075,	0.000785
1197,	0.000075,	0.000025,	0.000085,	0.000792
1198,	0.000075,	0.000025,	0.000095,	0.000797
1201,	0.000075,	0.000035,	0.000005,	0.000796
1202,	0.000075,	0.000035,	0.000015,	0.000788
1203,	0.000075,	0.000035,	0.000025,	0.000771
1204,	0.000075,	0.000035,	0.000035,	0.000735
1205,	0.000075,	0.000035,	0.000045,	0.000710
1206,	0.000075,	0.000035,	0.000055,	0.000711
1207,	0.000075,	0.000035,	0.000065,	0.000738
1208,	0.000075,	0.000035,	0.000075,	0.000773
1209,	0.000075,	0.000035,	0.000085,	0.000788
1210,	0.000075,	0.000035,	0.000095,	0.000796
1213,	0.000075,	0.000045,	0.000005,	0.000796
1214,	0.000075,	0.000045,	0.000015,	0.000784
1215,	0.000075,	0.000045,	0.000025,	0.000755
1216,	0.000075,	0.000045,	0.000035,	0.000705
1217,	0.000075,	0.000045,	0.000045,	0.000678
1218,	0.000075,	0.000045,	0.000055,	0.000679
1219,	0.000075,	0.000045,	0.000065,	0.000707
1220,	0.000075,	0.000045,	0.000075,	0.000757
1221,	0.000075,	0.000045,	0.000085,	0.000784
1222,	0.000075,	0.000045,	0.000095,	0.000796
1225,	0.000075,	0.000055,	0.000005,	0.000795
1226,	0.000075,	0.000055,	0.000015,	0.000783
1227,	0.000075,	0.000055,	0.000025,	0.000752
1228,	0.000075,	0.000055,	0.000035,	0.000700
1229,	0.000075,	0.000055,	0.000045,	0.000673
1230,	0.000075,	0.000055,	0.000055,	0.000674
1231,	0.000075,	0.000055,	0.000065,	0.000702
1232,	0.000075,	0.000055,	0.000075,	0.000754
1233,	0.000075,	0.000055,	0.000085,	0.000784
1234,	0.000075,	0.000055,	0.000095,	0.000796
1237,	0.000075,	0.000065,	0.000005,	0.000796
1238,	0.000075,	0.000065,	0.000015,	0.000786
1239,	0.000075,	0.000065,	0.000025,	0.000766
1240,	0.000075,	0.000065,	0.000035,	0.000724
1241,	0.000075,	0.000065,	0.000045,	0.000696
1242,	0.000075,	0.000065,	0.000055,	0.000697
1243,	0.000075,	0.000065,	0.000065,	0.000725
1244,	0.000075,	0.000065,	0.000075,	0.000768
1245,	0.000075,	0.000065,	0.000085,	0.000787
1246,	0.000075,	0.000065,	0.000095,	0.000796
1249,	0.000075,	0.000075,	0.000005,	0.000797
1250,	0.000075,	0.000075,	0.000015,	0.000791
1251,	0.000075,	0.000075,	0.000025,	0.000782
1252,	0.000075,	0.000075,	0.000035,	0.000765
1253,	0.000075,	0.000075,	0.000045,	0.000746
1254,	0.000075,	0.000075,	0.000055,	0.000747
1255,	0.000075,	0.000075,	0.000065,	0.000766
1256,	0.000075,	0.000075,	0.000075,	0.000782
1257,	0.000075,	0.000075,	0.000085,	0.000791
1258,	0.000075,	0.000075,	0.000095,	0.000797
1261,	0.000075,	0.000085,	0.000005,	0.000798
1262,	0.000075,	0.000085,	0.000015,	0.000794
1263,	0.000075,	0.000085,	0.000025,	0.000790
1264,	0.000075,	0.000085,	0.000035,	0.000786
1265,	0.000075,	0.000085,	0.000045,	0.000782
1266,	0.000075,	0.000085,	0.000055,	0.000782
1267,	0.000075,	0.000085,	0.000065,	0.000786
1268,	0.000075,	0.000085,	0.000075,	0.000791
1269,	0.000075,	0.000085,	0.000085,	0.000795
1270,	0.000075,	0.000085,	0.000095,	0.000798
1273,	0.000075,	0.000095,	0.000005,	0.000799
1274,	0.000075,	0.000095,	0.000015,	0.000798
1275,	0.000075,	0.000095,	0.000025,	0.000797
1276,	0.000075,	0.000095,	0.000035,	0.000796
1277,	0.000075,	0.000095,	0.000045,	0.000795
1278,	0.000075,	0.000095,	0.000055,	0.000795
1279,	0.000075,	0.000095,	0.000065,	0.000796
1280,	0.000075,	0.000095,	0.000075,	0.000797
1281,	0.000075,	0.000095,	0.000085,	0.000798
1282,	0.000075,	0.000095,	0.000095,	0.000799
1309,	0.000085,	0.000005,	0.000005,	0.000800
1310,	0.000085,	0.000005,	0.000015,	0.000799
1311,	0.000085,	0.000005,	0.000025,	0.000798
1312,	0.000085,	0.000005,	0.000035,	0.000798
1313,	0.000085,	0.000005,	0.000045,	0.000797
1314,	0.000085,	0.000005,	0.000055,	0.000797
1315,	0.000085,	0.000005,	0.000065,	0.000798
1316,	0.000085,	0.000005,	0.000075,	0.000798
1317,	0.000085,	0.000005,	0.000085,	0.000799
1318,	0.000085,	0.000005,	0.000095,	0.000800
1321,	0.000085,	0.000015,	0.000005,	0.000799
1322,	0.000085,	0.000015,	0.000015,	0.000797
1323,	0.000085,	0.000015,	0.000025,	0.000795
1324,	0.000085,	0.000015,	0.000035,	0.000793
1325,	0.000085,	0.000015,	0.000045,	0.000792
1326,	0.000085,	0.000015,	0.000055,	0.000792
1327,	0.000085,	0.000015,	0.000065,	0.000793
1328,	0.000085,	0.000015,	0.000075,	0.000795
1329,	0.000085,	0.000015,	0.000085,	0.000797
1330,	0.000085,	0.000015,	0.000095,	0.000799
1333,	0.000085,	0.000025,	0.000005,	0.000798
1334,	0.000085,	0.000025,	0.000015,	0.000795
1335,	0.000085,	0.000025,	0.000025,	0.000791
1336,	0.000085,	0.000025,	0.000035,	0.000788
1337,	0.000085,	0.000025,	0.000045,	0.000785
1338,	0.000085,	0.000025,	0.000055,	0.000785
1339,	0.000085,	0.000025,	0.000065,	0.000788
1340,	0.000085,	0.000025,	0.000075,	0.000792
1341,	0.000085,	0.000025,	0.000085,	0.000795
1342,	0.000085,	0.000025,	0.000095,	0.000798
1345,	0.000085,	0.000035,	0.000005,	0.000798
1346,	0.000085,	0.000035,	0.000015,	0.000793
1347,	0.000085,	0.000035,	0.000025,	0.000788
1348,	0.000085,	0.000035,	0.000035,	0.000780
1349,	0.000085,	0.000035,	0.000045,	0.000773
1350,	0.000085,	0.000035,	0.000055,	0.000773
1351,	0.000085,	0.000035,	0.000065,	0.000780
1352,	0.000085,	0.000035,	0.000075,	0.000788
1353,	0.000085,	0.000035,	0.000085,	0.000793
1354,	0.000085,	0.000035,	0.000095,	0.000798
1357,	0.000085,	0.000045,	0.000005,	0.000797
1358,	0.000085,	0.000045,	0.000015,	0.000792
1359,	0.000085,	0.000045,	0.000025,	0.000784
1360,	0.000085,	0.000045,	0.000035,	0.000771
1361,	0.000085,	0.000045,	0.000045,	0.000759
1362,	0.000085,	0.000045,	0.000055,	0.000760
1363,	0.000085,	0.000045,	0.000065,	0.000772
1364,	0.000085,	0.000045,	0.000075,	0.000784
1365,	0.000085,	0.000045,	0.000085,	0.000792
1366,	0.000085,	0.000045,	0.000095,	0.000797
1369,	0.000085,	0.000055,	0.000005,	0.000797
1370,	0.000085,	0.000055,	0.000015,	0.000791
1371,	0.000085,	0.000055,	0.000025,	0.000783
1372,	0.000085,	0.000055,	0.000035,	0.000769
1373,	0.000085,	0.000055,	0.000045,	0.000756
1374,	0.000085,	0.000055,	0.000055,	0.000757
1375,	0.000085,	0.000055,	0.000065,	0.000770
1376,	0.000085,	0.000055,	0.000075,	0.000784
1377,	0.000085,	0.000055,	0.000085,	0.000792
1378,	0.000085,	0.000055,	0.000095,	0.000797
1381,	0.000085,	0.000065,	0.000005,	0.000798
1382,	0.000085,	0.000065,	0.000015,	0.000793
1383,	0.000085,	0.000065,	0.000025,	0.000786
1384,	0.000085,	0.000065,	0.000035,	0.000777
1385,	0.000085,	0.000065,	0.000045,	0.000768
1386,	0.000085,	0.000065,	0.000055,	0.000768
1387,	0.000085,	0.000065,	0.000065,	0.000777
1388,	0.000085,	0.000065,	0.000075,	0.000787
1389,	0.000085,	0.000065,	0.000085,	0.000793
1390,	0.000085,	0.000065,	0.000095,	0.000798
1393,	0.000085,	0.000075,	0.000005,	0.000798
1394,	0.000085,	0.000075,	0.000015,	0.000794
1395,	0.000085,	0.000075,	0.000025,	0.000791
1396,	0.000085,	0.000075,	0.000035,	0.000786
1397,	0.000085,	0.000075,	0.000045,	0.000782
1398,	0.000085,	0.000075,	0.000055,	0.000782
1399,	0.000085,	0.000075,	0.000065,	0.000786
1400,	0.000085,	0.000075,	0.000075,	0.000791
1401,	0.000085,	0.000075,	0.000085,	0.000795
1402,	0.000085,	0.000075,	0.000095,	0.000798
1405,	0.000085,	0.000085,	0.000005,	0.000799
1406,	0.000085,	0.000085,	0.000015,	0.000797
1407,	0.000085,	0.000085,	0.000025,	0.000794
1408,	0.000085,	0.000085,	0.000035,	0.000792
1409,	0.000085,	0.000085,	0.000045,	0.000791
1410,	0.000085,	0.000085,	0.000055,	0.000791
1411,	0.000085,	0.000085,	0.000065,	0.000792
1412,	0.000085,	0.000085,	0.000075,	0.000794
1413,	0.000085,	0.000085,	0.000085,	0.000797
1414,	0.000085,	0.000085,	0.000095,	0.000799
1417,	0.000085,	0.000095,	0.000005,	0.000800
1418,	0.000085,	0.000095,	0.000015,	0.000799
1419,	0.000085,	0.000095,	0.000025,	0.000798
1420,	0.000085,	0.000095,	0.000035,	0.000798
1421,	0.000085,	0.000095,	0.000045,	0.000797
1422,	0.000085,	0.000095,	0.000055,	0.000797
1423,	0.000085,	0.000095,	0.000065,	0.000798
1424,	0.000085,	0.000095,	0.000075,	0.000798
1425,	0.000085,	0.000095,	0.000085,	0.000799
1426,	0.000085,	0.000095,	0.000095,	0.000800
1453,	0.000095,	0.000005,	0.000005,	0.000800
1454,	0.000095,	0.000005,	0.000015,	0.000800
1455,	0.000095,	0.000005,	0.000025,	0.000799
1456,	0.000095,	0.000005,	0.000035,	0.000799
1457,	0.000095,	0.000005,	0.000045,	0.000799
1458,	0.000095,	0.000005,	0.000055,	0.000799
1459,	0.000095,	0.000005,	0.000065,	0.000799
1460,	0.000095,	0.000005,	0.000075,	0.000799
1461,	0.000095,	0.000005,	0.000085,	0.000800
1462,	0.000095,	0.000005,	0.000095,	0.000800
1465,	0.000095,	0.000015,	0.000005,	0.000800
1466,	0.000095,	0.000015,	0.000015,	0.000799
1467,	0.000095,	0.000015,	0.000025,	0.000798
1468,	0.000095,	0.000015,	0.000035,	0.000798
1469,	0.000095,	0.000015,	0.000045,	0.000797
1470,	0.000095,	0.000015,	0.000055,	0.000797
1471,	0.000095,	0.000015,	0.000065,	0.000798
1472,	0.000095,	0.000015,	0.000075,	0.000798
1473,	0.000095,	0.000015,	0.000085,	0.000799
1474,	0.000095,	0.000015,	0.000095,	0.000800
1477,	0.000095,	0.000025,	0.000005,	0.000799
1478,	0.000095,	0.000025,	0.000015,	0.000798
1479,	0.000095,	0.000025,	0.000025,	0.000797
1480,	0.000095,	0.000025,	0.000035,	0.000796
1481,	0.000095,	0.000025,	0.000045,	0.000796
1482,	0.000095,	0.000025,	0.000055,	0.000796
1483,	0.000095,	0.000025,	0.000065,	0.000796
1484,	0.000095,	0.000025,	0.000075,	0.000797
1485,	0.000095,	0.000025,	0.000085,	0.000798
1486,	0.000095,	0.000025,	0.000095,	0.000799
1489,	0.000095,	0.000035,	0.000005,	0.000799
1490,	0.000095,	0.000035,	0.000015,	0.000798
1491,	0.000095,	0.000035,	0.000025,	0.000796
1492,	0.000095,	0.000035,	0.000035,	0.000795
1493,	0.000095,	0.000035,	0.000045,	0.000794
1494,	0.000095,	0.000035,	0.000055,	0.000794
1495,	0.000095,	0.000035,	0.000065,	0.000795
1496,	0.000095,	0.000035,	0.000075,	0.000796
1497,	0.000095,	0.000035,	0.000085,	0.000798
1498,	0.000095,	0.000035,	0.000095,	0.000799
1501,	0.000095,	0.000045,	0.000005,	0.000799
1502,	0.000095,	0.000045,	0.000015,	0.000797
1503,	0.000095,	0.000045,	0.000025,	0.000796
1504,	0.000095,	0.000045,	0.000035,	0.000794
1505,	0.000095,	0.000045,	0.000045,	0.000792
1506,	0.000095,	0.000045,	0.000055,	0.000792
1507,	0.000095,	0.000045,	0.000065,	0.000794
1508,	0.000095,	0.000045,	0.000075,	0.000796
1509,	0.000095,	0.000045,	0.000085,	0.000797
1510,	0.000095,	0.000045,	0.000095,	0.000799
1513,	0.000095,	0.000055,	0.000005,	0.000799
1514,	0.000095,	0.000055,	0.000015,	0.000797
1515,	0.000095,	0.000055,	0.000025,	0.000795
1516,	0.000095,	0.000055,	0.000035,	0.000794
1517,	0.000095,	0.000055,	0.000045,	0.000792
1518,	0.000095,	0.000055,	0.000055,	0.000792
1519,	0.000095,	0.000055,	0.000065,	0.000794
1520,	0.000095,	0.000055,	0.000075,	0.000796
1521,	0.000095,	0.000055,	0.000085,	0.000797
1522,	0.000095,	0.000055,	0.000095,	0.000799
1525,	0.000095,	0.000065,	0.000005,	0.000799
1526,	0.000095,	0.000065,	0.000015,	0.000798
1527,	0.000095,	0.000065,	0.000025,	0.000796
1528,	0.000095,	0.000065,	0.000035,	0.000795
1529,	0.000095,	0.000065,	0.000045,	0.000793
1530,	0.000095,	0.000065,	0.000055,	0.000793
1531,	0.000095,	0.000065,	0.000065,	0.000795
1532,	0.000095,	0.000065,	0.000075,	0.000796
1533,	0.000095,	0.000065,	0.000085,	0.000798
1534,	0.000095,	0.000065,	0.000095,	0.000799
1537,	0.000095,	0.000075,	0.000005,	0.000799
1538,	0.000095,	0.000075,	0.000015,	0.000798
1539,	0.000095,	0.000075,	0.000025,	0.000797
1540,	0.000095,	0.000075,	0.000035,	0.000796
1541,	0.000095,	0.000075,	0.000045,	0.000795
1542,	0.000095,	0.000075,	0.000055,	0.000795
1543,	0.000095,	0.000075,	0.000065,	0.000796
1544,	0.000095,	0.000075,	0.000075,	0.000797
1545,	0.000095,	0.000075,	0.000085,	0.000798
1546,	0.000095,	0.000075,	0.000095,	0.000799
1549,	0.000095,	0.000085,	0.000005,	0.000800
1550,	0.000095,	0.000085,	0.000015,	0.000799
1551,	0.000095,	0.000085,	0.000025,	0.000798
1552,	0.000095,	0.000085,	0.000035,	0.000798
1553,	0.000095,	0.000085,	0.000045,	0.000797
1554,	0.000095,	0.000085,	0.000055,	0.000797
1555,	0.000095,	0.000085,	0.000065,	0.000798
1556,	0.000095,	0.000085,	0.000075,	0.000798
1557,	0.000095,	0.000085,	0.000085,	0.000799
1558,	0.000095,	0.000085,	0.000095,	0.000800
1561,	0.000095,	0.000095,	0.000005,	0.000800
1562,	0.000095,	0.000095,	0.000015,	0.000800
1563,	0.000095,	0.000095,	0.000025,	0.000799
1564,	0.000095,	0.000095,	0.000035,	0.000799
1565,	0.000095,	0.000095,	0.000045,	0.000799
1566,	0.000095,	0.000095,	0.000055,	0.000799
1567,	0.000095,	0.000095,	0.000065,	0.000799
1568,	0.000095,	0.000095,	0.000075,	0.000799
1569,	0.000095,	0.000095,	0.000085,	0.000800
1570,	0.000095,	0.000095,	0.000095,	0.000800
