,x,y,z,scalar,1,1,1,0.5
157,	0.000005,	0.000005,	0.000005,	0.000800
158,	0.000005,	0.000005,	0.000015,	0.000800
159,	0.000005,	0.000005,	0.000025,	0.000800
160,	0.000005,	0.000005,	0.000035,	0.000800
161,	0.000005,	0.000005,	0.000045,	0.000800
162,	0.000005,	0.000005,	0.000055,	0.000800
163,	0.000005,	0.000005,	0.000065,	0.000800
164,	0.000005,	0.000005,	0.000075,	0.000800
165,	0.000005,	0.000005,	0.000085,	0.000800
166,	0.000005,	0.000005,	0.000095,	0.000800
169,	0.000005,	0.000015,	0.000005,	0.000800
170,	0.000005,	0.000015,	0.000015,	0.000799
171,	0.000005,	0.000015,	0.000025,	0.000799
172,	0.000005,	0.000015,	0.000035,	0.000799
173,	0.000005,	0.000015,	0.000045,	0.000799
174,	0.000005,	0.000015,	0.000055,	0.000799
175,	0.000005,	0.000015,	0.000065,	0.000799
176,	0.000005,	0.000015,	0.000075,	0.000799
177,	0.000005,	0.000015,	0.000085,	0.000799
178,	0.000005,	0.000015,	0.000095,	0.000800
181,	0.000005,	0.000025,	0.000005,	0.000800
182,	0.000005,	0.000025,	0.000015,	0.000799
183,	0.000005,	0.000025,	0.000025,	0.000798
184,	0.000005,	0.000025,	0.000035,	0.000798
185,	0.000005,	0.000025,	0.000045,	0.000798
186,	0.000005,	0.000025,	0.000055,	0.000798
187,	0.000005,	0.000025,	0.000065,	0.000798
188,	0.000005,	0.000025,	0.000075,	0.000799
189,	0.000005,	0.000025,	0.000085,	0.000799
190,	0.000005,	0.000025,	0.000095,	0.000800
193,	0.000005,	0.000035,	0.000005,	0.000800
194,	0.000005,	0.000035,	0.000015,	0.000799
195,	0.000005,	0.000035,	0.000025,	0.000798
196,	0.000005,	0.000035,	0.000035,	0.000797
197,	0.000005,	0.000035,	0.000045,	0.000797
198,	0.000005,	0.000035,	0.000055,	0.000797
199,	0.000005,	0.000035,	0.000065,	0.000797
200,	0.000005,	0.000035,	0.000075,	0.000798
201,	0.000005,	0.000035,	0.000085,	0.000799
202,	0.000005,	0.000035,	0.000095,	0.000800
205,	0.000005,	0.000045,	0.000005,	0.000800
206,	0.000005,	0.000045,	0.000015,	0.000799
207,	0.000005,	0.000045,	0.000025,	0.000798
208,	0.000005,	0.000045,	0.000035,	0.000796
209,	0.000005,	0.000045,	0.000045,	0.000796
210,	0.000005,	0.000045,	0.000055,	0.000796
211,	0.000005,	0.000045,	0.000065,	0.000797
212,	0.000005,	0.000045,	0.000075,	0.000798
213,	0.000005,	0.000045,	0.000085,	0.000799
214,	0.000005,	0.000045,	0.000095,	0.000800
217,	0.000005,	0.000055,	0.000005,	0.000800
218,	0.000005,	0.000055,	0.000015,	0.000799
219,	0.000005,	0.000055,	0.000025,	0.000797
220,	0.000005,	0.000055,	0.000035,	0.000796
221,	0.000005,	0.000055,	0.000045,	0.000796
222,	0.000005,	0.000055,	0.000055,	0.000796
223,	0.000005,	0.000055,	0.000065,	0.000796
224,	0.000005,	0.000055,	0.000075,	0.000797
225,	0.000005,	0.000055,	0.000085,	0.000799
226,	0.000005,	0.000055,	0.000095,	0.000800
229,	0.000005,	0.000065,	0.000005,	0.000800
230,	0.000005,	0.000065,	0.000015,	0.000799
231,	0.000005,	0.000065,	0.000025,	0.000798
232,	0.000005,	0.000065,	0.000035,	0.000797
233,	0.000005,	0.000065,	0.000045,	0.000796
234,	0.000005,	0.000065,	0.000055,	0.000796
235,	0.000005,	0.000065,	0.000065,	0.000797
236,	0.000005,	0.000065,	0.000075,	0.000798
237,	0.000005,	0.000065,	0.000085,	0.000799
238,	0.000005,	0.000065,	0.000095,	0.000800
241,	0.000005,	0.000075,	0.000005,	0.000800
242,	0.000005,	0.000075,	0.000015,	0.000799
243,	0.000005,	0.000075,	0.000025,	0.000798
244,	0.000005,	0.000075,	0.000035,	0.000798
245,	0.000005,	0.000075,	0.000045,	0.000797
246,	0.000005,	0.000075,	0.000055,	0.000797
247,	0.000005,	0.000075,	0.000065,	0.000798
248,	0.000005,	0.000075,	0.000075,	0.000798
249,	0.000005,	0.000075,	0.000085,	0.000799
250,	0.000005,	0.000075,	0.000095,	0.000800
253,	0.000005,	0.000085,	0.000005,	0.000800
254,	0.000005,	0.000085,	0.000015,	0.000799
255,	0.000005,	0.000085,	0.000025,	0.000799
256,	0.000005,	0.000085,	0.000035,	0.000799
257,	0.000005,	0.000085,	0.000045,	0.000798
258,	0.000005,	0.000085,	0.000055,	0.000798
259,	0.000005,	0.000085,	0.000065,	0.000799
260,	0.000005,	0.000085,	0.000075,	0.000799
261,	0.000005,	0.000085,	0.000085,	0.000799
262,	0.000005,	0.000085,	0.000095,	0.000800
265,	0.000005,	0.000095,	0.000005,	0.000800
266,	0.000005,	0.000095,	0.000015,	0.000800
267,	0.000005,	0.000095,	0.000025,	0.000800
268,	0.000005,	0.000095,	0.000035,	0.000800
269,	0.000005,	0.000095,	0.000045,	0.000799
270,	0.000005,	0.000095,	0.000055,	0.000799
271,	0.000005,	0.000095,	0.000065,	0.000800
272,	0.000005,	0.000095,	0.000075,	0.000800
273,	0.000005,	0.000095,	0.000085,	0.000800
274,	0.000005,	0.000095,	0.000095,	0.000800
301,	0.000015,	0.000005,	0.000005,	0.000800
302,	0.000015,	0.000005,	0.000015,	0.000799
303,	0.000015,	0.000005,	0.000025,	0.000799
304,	0.000015,	0.000005,	0.000035,	0.000799
305,	0.000015,	0.000005,	0.000045,	0.000799
306,	0.000015,	0.000005,	0.000055,	0.000799
307,	0.000015,	0.000005,	0.000065,	0.000799
308,	0.000015,	0.000005,	0.000075,	0.000799
309,	0.000015,	0.000005,	0.000085,	0.000799
310,	0.000015,	0.000005,	0.000095,	0.000800
313,	0.000015,	0.000015,	0.000005,	0.000799
314,	0.000015,	0.000015,	0.000015,	0.000798
315,	0.000015,	0.000015,	0.000025,	0.000797
316,	0.000015,	0.000015,	0.000035,	0.000796
317,	0.000015,	0.000015,	0.000045,	0.000796
318,	0.000015,	0.000015,	0.000055,	0.000796
319,	0.000015,	0.000015,	0.000065,	0.000796
320,	0.000015,	0.000015,	0.000075,	0.000797
321,	0.000015,	0.000015,	0.000085,	0.000798
322,	0.000015,	0.000015,	0.000095,	0.000799
325,	0.000015,	0.000025,	0.000005,	0.000799
326,	0.000015,	0.000025,	0.000015,	0.000797
327,	0.000015,	0.000025,	0.000025,	0.000795
328,	0.000015,	0.000025,	0.000035,	0.000794
329,	0.000015,	0.000025,	0.000045,	0.000792
330,	0.000015,	0.000025,	0.000055,	0.000792
331,	0.000015,	0.000025,	0.000065,	0.000794
332,	0.000015,	0.000025,	0.000075,	0.000795
333,	0.000015,	0.000025,	0.000085,	0.000797
334,	0.000015,	0.000025,	0.000095,	0.000799
337,	0.000015,	0.000035,	0.000005,	0.000799
338,	0.000015,	0.000035,	0.000015,	0.000796
339,	0.000015,	0.000035,	0.000025,	0.000793
340,	0.000015,	0.000035,	0.000035,	0.000791
341,	0.000015,	0.000035,	0.000045,	0.000789
342,	0.000015,	0.000035,	0.000055,	0.000789
343,	0.000015,	0.000035,	0.000065,	0.000791
344,	0.000015,	0.000035,	0.000075,	0.000794
345,	0.000015,	0.000035,	0.000085,	0.000796
346,	0.000015,	0.000035,	0.000095,	0.000799
349,	0.000015,	0.000045,	0.000005,	0.000799
350,	0.000015,	0.000045,	0.000015,	0.000795
351,	0.000015,	0.000045,	0.000025,	0.000792
352,	0.000015,	0.000045,	0.000035,	0.000788
353,	0.000015,	0.000045,	0.000045,	0.000785
354,	0.000015,	0.000045,	0.000055,	0.000785
355,	0.000015,	0.000045,	0.000065,	0.000788
356,	0.000015,	0.000045,	0.000075,	0.000792
357,	0.000015,	0.000045,	0.000085,	0.000796
358,	0.000015,	0.000045,	0.000095,	0.000799
361,	0.000015,	0.000055,	0.000005,	0.000799
362,	0.000015,	0.000055,	0.000015,	0.000795
363,	0.000015,	0.000055,	0.000025,	0.000792
364,	0.000015,	0.000055,	0.000035,	0.000788
365,	0.000015,	0.000055,	0.000045,	0.000784
366,	0.000015,	0.000055,	0.000055,	0.000784
367,	0.000015,	0.000055,	0.000065,	0.000788
368,	0.000015,	0.000055,	0.000075,	0.000792
369,	0.000015,	0.000055,	0.000085,	0.000795
370,	0.000015,	0.000055,	0.000095,	0.000799
373,	0.000015,	0.000065,	0.000005,	0.000799
374,	0.000015,	0.000065,	0.000015,	0.000796
375,	0.000015,	0.000065,	0.000025,	0.000793
376,	0.000015,	0.000065,	0.000035,	0.000790
377,	0.000015,	0.000065,	0.000045,	0.000788
378,	0.000015,	0.000065,	0.000055,	0.000788
379,	0.000015,	0.000065,	0.000065,	0.000790
380,	0.000015,	0.000065,	0.000075,	0.000793
381,	0.000015,	0.000065,	0.000085,	0.000796
382,	0.000015,	0.000065,	0.000095,	0.000799
385,	0.000015,	0.000075,	0.000005,	0.000799
386,	0.000015,	0.000075,	0.000015,	0.000797
387,	0.000015,	0.000075,	0.000025,	0.000795
388,	0.000015,	0.000075,	0.000035,	0.000793
389,	0.000015,	0.000075,	0.000045,	0.000792
390,	0.000015,	0.000075,	0.000055,	0.000792
391,	0.000015,	0.000075,	0.000065,	0.000793
392,	0.000015,	0.000075,	0.000075,	0.000795
393,	0.000015,	0.000075,	0.000085,	0.000797
394,	0.000015,	0.000075,	0.000095,	0.000799
397,	0.000015,	0.000085,	0.000005,	0.000799
398,	0.000015,	0.000085,	0.000015,	0.000798
399,	0.000015,	0.000085,	0.000025,	0.000797
400,	0.000015,	0.000085,	0.000035,	0.000796
401,	0.000015,	0.000085,	0.000045,	0.000795
402,	0.000015,	0.000085,	0.000055,	0.000795
403,	0.000015,	0.000085,	0.000065,	0.000796
404,	0.000015,	0.000085,	0.000075,	0.000797
405,	0.000015,	0.000085,	0.000085,	0.000798
406,	0.000015,	0.000085,	0.000095,	0.000799
409,	0.000015,	0.000095,	0.000005,	0.000800
410,	0.000015,	0.000095,	0.000015,	0.000799
411,	0.000015,	0.000095,	0.000025,	0.000799
412,	0.000015,	0.000095,	0.000035,	0.000799
413,	0.000015,	0.000095,	0.000045,	0.000798
414,	0.000015,	0.000095,	0.000055,	0.000798
415,	0.000015,	0.000095,	0.000065,	0.000799
416,	0.000015,	0.000095,	0.000075,	0.000799
417,	0.000015,	0.000095,	0.000085,	0.000799
418,	0.000015,	0.000095,	0.000095,	0.000800
445,	0.000025,	0.000005,	0.000005,	0.000800
446,	0.000025,	0.000005,	0.000015,	0.000799
447,	0.000025,	0.000005,	0.000025,	0.000799
448,	0.000025,	0.000005,	0.000035,	0.000798
449,	0.000025,	0.000005,	0.000045,	0.000798
450,	0.000025,	0.000005,	0.000055,	0.000798
451,	0.000025,	0.000005,	0.000065,	0.000798
452,	0.000025,	0.000005,	0.000075,	0.000799
453,	0.000025,	0.000005,	0.000085,	0.000799
454,	0.000025,	0.000005,	0.000095,	0.000800
457,	0.000025,	0.000015,	0.000005,	0.000799
458,	0.000025,	0.000015,	0.000015,	0.000797
459,	0.000025,	0.000015,	0.000025,	0.000795
460,	0.000025,	0.000015,	0.000035,	0.000794
461,	0.000025,	0.000015,	0.000045,	0.000793
462,	0.000025,	0.000015,	0.000055,	0.000793
463,	0.000025,	0.000015,	0.000065,	0.000794
464,	0.000025,	0.000015,	0.000075,	0.000795
465,	0.000025,	0.000015,	0.000085,	0.000797
466,	0.000025,	0.000015,	0.000095,	0.000799
469,	0.000025,	0.000025,	0.000005,	0.000798
470,	0.000025,	0.000025,	0.000015,	0.000795
471,	0.000025,	0.000025,	0.000025,	0.000792
472,	0.000025,	0.000025,	0.000035,	0.000789
473,	0.000025,	0.000025,	0.000045,	0.000786
474,	0.000025,	0.000025,	0.000055,	0.000786
475,	0.000025,	0.000025,	0.000065,	0.000789
476,	0.000025,	0.000025,	0.000075,	0.000792
477,	0.000025,	0.000025,	0.000085,	0.000795
478,	0.000025,	0.000025,	0.000095,	0.000798
481,	0.000025,	0.000035,	0.000005,	0.000798
482,	0.000025,	0.000035,	0.000015,	0.000793
483,	0.000025,	0.000035,	0.000025,	0.000788
484,	0.000025,	0.000035,	0.000035,	0.000781
485,	0.000025,	0.000035,	0.000045,	0.000772
486,	0.000025,	0.000035,	0.000055,	0.000772
487,	0.000025,	0.000035,	0.000065,	0.000781
488,	0.000025,	0.000035,	0.000075,	0.000788
489,	0.000025,	0.000035,	0.000085,	0.000794
490,	0.000025,	0.000035,	0.000095,	0.000798
493,	0.000025,	0.000045,	0.000005,	0.000797
494,	0.000025,	0.000045,	0.000015,	0.000792
495,	0.000025,	0.000045,	0.000025,	0.000785
496,	0.000025,	0.000045,	0.000035,	0.000770
497,	0.000025,	0.000045,	0.000045,	0.000751
498,	0.000025,	0.000045,	0.000055,	0.000752
499,	0.000025,	0.000045,	0.000065,	0.000770
500,	0.000025,	0.000045,	0.000075,	0.000785
501,	0.000025,	0.000045,	0.000085,	0.000792
502,	0.000025,	0.000045,	0.000095,	0.000798
505,	0.000025,	0.000055,	0.000005,	0.000797
506,	0.000025,	0.000055,	0.000015,	0.000792
507,	0.000025,	0.000055,	0.000025,	0.000784
508,	0.000025,	0.000055,	0.000035,	0.000767
509,	0.000025,	0.000055,	0.000045,	0.000748
510,	0.000025,	0.000055,	0.000055,	0.000748
511,	0.000025,	0.000055,	0.000065,	0.000768
512,	0.000025,	0.000055,	0.000075,	0.000784
513,	0.000025,	0.000055,	0.000085,	0.000792
514,	0.000025,	0.000055,	0.000095,	0.000797
517,	0.000025,	0.000065,	0.000005,	0.000798
518,	0.000025,	0.000065,	0.000015,	0.000793
519,	0.000025,	0.000065,	0.000025,	0.000787
520,	0.000025,	0.000065,	0.000035,	0.000777
521,	0.000025,	0.000065,	0.000045,	0.000765
522,	0.000025,	0.000065,	0.000055,	0.000766
523,	0.000025,	0.000065,	0.000065,	0.000778
524,	0.000025,	0.000065,	0.000075,	0.000787
525,	0.000025,	0.000065,	0.000085,	0.000793
526,	0.000025,	0.000065,	0.000095,	0.000798
529,	0.000025,	0.000075,	0.000005,	0.000798
530,	0.000025,	0.000075,	0.000015,	0.000795
531,	0.000025,	0.000075,	0.000025,	0.000791
532,	0.000025,	0.000075,	0.000035,	0.000787
533,	0.000025,	0.000075,	0.000045,	0.000783
534,	0.000025,	0.000075,	0.000055,	0.000783
535,	0.000025,	0.000075,	0.000065,	0.000787
536,	0.000025,	0.000075,	0.000075,	0.000791
537,	0.000025,	0.000075,	0.000085,	0.000795
538,	0.000025,	0.000075,	0.000095,	0.000798
541,	0.000025,	0.000085,	0.000005,	0.000799
542,	0.000025,	0.000085,	0.000015,	0.000797
543,	0.000025,	0.000085,	0.000025,	0.000795
544,	0.000025,	0.000085,	0.000035,	0.000793
545,	0.000025,	0.000085,	0.000045,	0.000791
546,	0.000025,	0.000085,	0.000055,	0.000791
547,	0.000025,	0.000085,	0.000065,	0.000793
548,	0.000025,	0.000085,	0.000075,	0.000795
549,	0.000025,	0.000085,	0.000085,	0.000797
550,	0.000025,	0.000085,	0.000095,	0.000799
553,	0.000025,	0.000095,	0.000005,	0.000800
554,	0.000025,	0.000095,	0.000015,	0.000799
555,	0.000025,	0.000095,	0.000025,	0.000798
556,	0.000025,	0.000095,	0.000035,	0.000798
557,	0.000025,	0.000095,	0.000045,	0.000797
558,	0.000025,	0.000095,	0.000055,	0.000797
559,	0.000025,	0.000095,	0.000065,	0.000798
560,	0.000025,	0.000095,	0.000075,	0.000798
561,	0.000025,	0.000095,	0.000085,	0.000799
562,	0.000025,	0.000095,	0.000095,	0.000800
589,	0.000035,	0.000005,	0.000005,	0.000800
590,	0.000035,	0.000005,	0.000015,	0.000799
591,	0.000035,	0.000005,	0.000025,	0.000798
592,	0.000035,	0.000005,	0.000035,	0.000797
593,	0.000035,	0.000005,	0.000045,	0.000797
594,	0.000035,	0.000005,	0.000055,	0.000797
595,	0.000035,	0.000005,	0.000065,	0.000797
596,	0.000035,	0.000005,	0.000075,	0.000798
597,	0.000035,	0.000005,	0.000085,	0.000799
598,	0.000035,	0.000005,	0.000095,	0.000800
601,	0.000035,	0.000015,	0.000005,	0.000799
602,	0.000035,	0.000015,	0.000015,	0.000796
603,	0.000035,	0.000015,	0.000025,	0.000794
604,	0.000035,	0.000015,	0.000035,	0.000791
605,	0.000035,	0.000015,	0.000045,	0.000789
606,	0.000035,	0.000015,	0.000055,	0.000789
607,	0.000035,	0.000015,	0.000065,	0.000791
608,	0.000035,	0.000015,	0.000075,	0.000794
609,	0.000035,	0.000015,	0.000085,	0.000796
610,	0.000035,	0.000015,	0.000095,	0.000799
613,	0.000035,	0.000025,	0.000005,	0.000798
614,	0.000035,	0.000025,	0.000015,	0.000793
615,	0.000035,	0.000025,	0.000025,	0.000788
616,	0.000035,	0.000025,	0.000035,	0.000781
617,	0.000035,	0.000025,	0.000045,	0.000773
618,	0.000035,	0.000025,	0.000055,	0.000773
619,	0.000035,	0.000025,	0.000065,	0.000781
620,	0.000035,	0.000025,	0.000075,	0.000789
621,	0.000035,	0.000025,	0.000085,	0.000794
622,	0.000035,	0.000025,	0.000095,	0.000798
625,	0.000035,	0.000035,	0.000005,	0.000797
626,	0.000035,	0.000035,	0.000015,	0.000791
627,	0.000035,	0.000035,	0.000025,	0.000780
628,	0.000035,	0.000035,	0.000035,	0.000752
629,	0.000035,	0.000035,	0.000045,	0.000723
630,	0.000035,	0.000035,	0.000055,	0.000723
631,	0.000035,	0.000035,	0.000065,	0.000753
632,	0.000035,	0.000035,	0.000075,	0.000781
633,	0.000035,	0.000035,	0.000085,	0.000791
634,	0.000035,	0.000035,	0.000095,	0.000797
637,	0.000035,	0.000045,	0.000005,	0.000796
638,	0.000035,	0.000045,	0.000015,	0.000788
639,	0.000035,	0.000045,	0.000025,	0.000769
640,	0.000035,	0.000045,	0.000035,	0.000716
641,	0.000035,	0.000045,	0.000045,	0.000684
642,	0.000035,	0.000045,	0.000055,	0.000685
643,	0.000035,	0.000045,	0.000065,	0.000718
644,	0.000035,	0.000045,	0.000075,	0.000770
645,	0.000035,	0.000045,	0.000085,	0.000788
646,	0.000035,	0.000045,	0.000095,	0.000796
649,	0.000035,	0.000055,	0.000005,	0.000796
650,	0.000035,	0.000055,	0.000015,	0.000788
651,	0.000035,	0.000055,	0.000025,	0.000766
652,	0.000035,	0.000055,	0.000035,	0.000711
653,	0.000035,	0.000055,	0.000045,	0.000679
654,	0.000035,	0.000055,	0.000055,	0.000680
655,	0.000035,	0.000055,	0.000065,	0.000713
656,	0.000035,	0.000055,	0.000075,	0.000768
657,	0.000035,	0.000055,	0.000085,	0.000788
658,	0.000035,	0.000055,	0.000095,	0.000796
661,	0.000035,	0.000065,	0.000005,	0.000797
662,	0.000035,	0.000065,	0.000015,	0.000790
663,	0.000035,	0.000065,	0.000025,	0.000777
664,	0.000035,	0.000065,	0.000035,	0.000739
665,	0.000035,	0.000065,	0.000045,	0.000707
666,	0.000035,	0.000065,	0.000055,	0.000707
667,	0.000035,	0.000065,	0.000065,	0.000740
668,	0.000035,	0.000065,	0.000075,	0.000777
669,	0.000035,	0.000065,	0.000085,	0.000790
670,	0.000035,	0.000065,	0.000095,	0.000797
673,	0.000035,	0.000075,	0.000005,	0.000798
674,	0.000035,	0.000075,	0.000015,	0.000793
675,	0.000035,	0.000075,	0.000025,	0.000787
676,	0.000035,	0.000075,	0.000035,	0.000776
677,	0.000035,	0.000075,	0.000045,	0.000762
678,	0.000035,	0.000075,	0.000055,	0.000762
679,	0.000035,	0.000075,	0.000065,	0.000776
680,	0.000035,	0.000075,	0.000075,	0.000787
681,	0.000035,	0.000075,	0.000085,	0.000793
682,	0.000035,	0.000075,	0.000095,	0.000798
685,	0.000035,	0.000085,	0.000005,	0.000799
686,	0.000035,	0.000085,	0.000015,	0.000796
687,	0.000035,	0.000085,	0.000025,	0.000793
688,	0.000035,	0.000085,	0.000035,	0.000789
689,	0.000035,	0.000085,	0.000045,	0.000787
690,	0.000035,	0.000085,	0.000055,	0.000787
691,	0.000035,	0.000085,	0.000065,	0.000790
692,	0.000035,	0.000085,	0.000075,	0.000793
693,	0.000035,	0.000085,	0.000085,	0.000796
694,	0.000035,	0.000085,	0.000095,	0.000799
697,	0.000035,	0.000095,	0.000005,	0.000800
698,	0.000035,	0.000095,	0.000015,	0.000799
699,	0.000035,	0.000095,	0.000025,	0.000798
700,	0.000035,	0.000095,	0.000035,	0.000797
701,	0.000035,	0.000095,	0.000045,	0.000796
702,	0.000035,	0.000095,	0.000055,	0.000796
703,	0.000035,	0.000095,	0.000065,	0.000797
704,	0.000035,	0.000095,	0.000075,	0.000798
705,	0.000035,	0.000095,	0.000085,	0.000799
706,	0.000035,	0.000095,	0.000095,	0.000800
733,	0.000045,	0.000005,	0.000005,	0.000800
734,	0.000045,	0.000005,	0.000015,	0.000799
735,	0.000045,	0.000005,	0.000025,	0.000798
736,	0.000045,	0.000005,	0.000035,	0.000797
737,	0.000045,	0.000005,	0.000045,	0.000796
738,	0.000045,	0.000005,	0.000055,	0.000796
739,	0.000045,	0.000005,	0.000065,	0.000797
740,	0.000045,	0.000005,	0.000075,	0.000798
741,	0.000045,	0.000005,	0.000085,	0.000799
742,	0.000045,	0.000005,	0.000095,	0.000800
745,	0.000045,	0.000015,	0.000005,	0.000799
746,	0.000045,	0.000015,	0.000015,	0.000796
747,	0.000045,	0.000015,	0.000025,	0.000792
748,	0.000045,	0.000015,	0.000035,	0.000789
749,	0.000045,	0.000015,	0.000045,	0.000786
750,	0.000045,	0.000015,	0.000055,	0.000786
751,	0.000045,	0.000015,	0.000065,	0.000789
752,	0.000045,	0.000015,	0.000075,	0.000793
753,	0.000045,	0.000015,	0.000085,	0.000796
754,	0.000045,	0.000015,	0.000095,	0.000799
757,	0.000045,	0.000025,	0.000005,	0.000798
758,	0.000045,	0.000025,	0.000015,	0.000792
759,	0.000045,	0.000025,	0.000025,	0.000785
760,	0.000045,	0.000025,	0.000035,	0.000772
761,	0.000045,	0.000025,	0.000045,	0.000757
762,	0.000045,	0.000025,	0.000055,	0.000757
763,	0.000045,	0.000025,	0.000065,	0.000773
764,	0.000045,	0.000025,	0.000075,	0.000786
765,	0.000045,	0.000025,	0.000085,	0.000792
766,	0.000045,	0.000025,	0.000095,	0.000798
769,	0.000045,	0.000035,	0.000005,	0.000796
770,	0.000045,	0.000035,	0.000015,	0.000788
771,	0.000045,	0.000035,	0.000025,	0.000770
772,	0.000045,	0.000035,	0.000035,	0.000720
773,	0.000045,	0.000035,	0.000045,	0.000689
774,	0.000045,	0.000035,	0.000055,	0.000688
775,	0.000045,	0.000035,	0.000065,	0.000723
776,	0.000045,	0.000035,	0.000075,	0.000771
777,	0.000045,	0.000035,	0.000085,	0.000789
778,	0.000045,	0.000035,	0.000095,	0.000797
781,	0.000045,	0.000045,	0.000005,	0.000796
782,	0.000045,	0.000045,	0.000015,	0.000784
783,	0.000045,	0.000045,	0.000025,	0.000747
784,	0.000045,	0.000045,	0.000035,	0.000682
785,	0.000045,	0.000045,	0.000045,	0.000652
786,	0.000045,	0.000045,	0.000055,	0.000653
787,	0.000045,	0.000045,	0.000065,	0.000684
788,	0.000045,	0.000045,	0.000075,	0.000749
789,	0.000045,	0.000045,	0.000085,	0.000784
790,	0.000045,	0.000045,	0.000095,	0.000796
793,	0.000045,	0.000055,	0.000005,	0.000796
794,	0.000045,	0.000055,	0.000015,	0.000783
795,	0.000045,	0.000055,	0.000025,	0.000743
796,	0.000045,	0.000055,	0.000035,	0.000677
797,	0.000045,	0.000055,	0.000045,	0.000648
798,	0.000045,	0.000055,	0.000055,	0.000648
799,	0.000045,	0.000055,	0.000065,	0.000678
800,	0.000045,	0.000055,	0.000075,	0.000745
801,	0.000045,	0.000055,	0.000085,	0.000784
802,	0.000045,	0.000055,	0.000095,	0.000796
805,	0.000045,	0.000065,	0.000005,	0.000796
806,	0.000045,	0.000065,	0.000015,	0.000787
807,	0.000045,	0.000065,	0.000025,	0.000763
808,	0.000045,	0.000065,	0.000035,	0.000705
809,	0.000045,	0.000065,	0.000045,	0.000673
810,	0.000045,	0.000065,	0.000055,	0.000673
811,	0.000045,	0.000065,	0.000065,	0.000706
812,	0.000045,	0.000065,	0.000075,	0.000765
813,	0.000045,	0.000065,	0.000085,	0.000787
814,	0.000045,	0.000065,	0.000095,	0.000796
817,	0.000045,	0.000075,	0.000005,	0.000797
818,	0.000045,	0.000075,	0.000015,	0.000791
819,	0.000045,	0.000075,	0.000025,	0.000782
820,	0.000045,	0.000075,	0.000035,	0.000760
821,	0.000045,	0.000075,	0.000045,	0.000735
822,	0.000045,	0.000075,	0.000055,	0.000736
823,	0.000045,	0.000075,	0.000065,	0.000762
824,	0.000045,	0.000075,	0.000075,	0.000783
825,	0.000045,	0.000075,	0.000085,	0.000792
826,	0.000045,	0.000075,	0.000095,	0.000797
829,	0.000045,	0.000085,	0.000005,	0.000798
830,	0.000045,	0.000085,	0.000015,	0.000795
831,	0.000045,	0.000085,	0.000025,	0.000791
832,	0.000045,	0.000085,	0.000035,	0.000786
833,	0.000045,	0.000085,	0.000045,	0.000781
834,	0.000045,	0.000085,	0.000055,	0.000782
835,	0.000045,	0.000085,	0.000065,	0.000787
836,	0.000045,	0.000085,	0.000075,	0.000791
837,	0.000045,	0.000085,	0.000085,	0.000795
838,	0.000045,	0.000085,	0.000095,	0.000798
841,	0.000045,	0.000095,	0.000005,	0.000799
842,	0.000045,	0.000095,	0.000015,	0.000798
843,	0.000045,	0.000095,	0.000025,	0.000797
844,	0.000045,	0.000095,	0.000035,	0.000796
845,	0.000045,	0.000095,	0.000045,	0.000796
846,	0.000045,	0.000095,	0.000055,	0.000796
847,	0.000045,	0.000095,	0.000065,	0.000796
848,	0.000045,	0.000095,	0.000075,	0.000797
849,	0.000045,	0.000095,	0.000085,	0.000798
850,	0.000045,	0.000095,	0.000095,	0.000799
877,	0.000055,	0.000005,	0.000005,	0.000800
878,	0.000055,	0.000005,	0.000015,	0.000799
879,	0.000055,	0.000005,	0.000025,	0.000798
880,	0.000055,	0.000005,	0.000035,	0.000797
881,	0.000055,	0.000005,	0.000045,	0.000796
882,	0.000055,	0.000005,	0.000055,	0.000796
883,	0.000055,	0.000005,	0.000065,	0.000797
884,	0.000055,	0.000005,	0.000075,	0.000798
885,	0.000055,	0.000005,	0.000085,	0.000799
886,	0.000055,	0.000005,	0.000095,	0.000800
889,	0.000055,	0.000015,	0.000005,	0.000799
890,	0.000055,	0.000015,	0.000015,	0.000796
891,	0.000055,	0.000015,	0.000025,	0.000792
892,	0.000055,	0.000015,	0.000035,	0.000789
893,	0.000055,	0.000015,	0.000045,	0.000786
894,	0.000055,	0.000015,	0.000055,	0.000786
895,	0.000055,	0.000015,	0.000065,	0.000789
896,	0.000055,	0.000015,	0.000075,	0.000792
897,	0.000055,	0.000015,	0.000085,	0.000796
898,	0.000055,	0.000015,	0.000095,	0.000799
901,	0.000055,	0.000025,	0.000005,	0.000798
902,	0.000055,	0.000025,	0.000015,	0.000792
903,	0.000055,	0.000025,	0.000025,	0.000785
904,	0.000055,	0.000025,	0.000035,	0.000771
905,	0.000055,	0.000025,	0.000045,	0.000755
906,	0.000055,	0.000025,	0.000055,	0.000756
907,	0.000055,	0.000025,	0.000065,	0.000772
908,	0.000055,	0.000025,	0.000075,	0.000786
909,	0.000055,	0.000025,	0.000085,	0.000792
910,	0.000055,	0.000025,	0.000095,	0.000798
913,	0.000055,	0.000035,	0.000005,	0.000796
914,	0.000055,	0.000035,	0.000015,	0.000788
915,	0.000055,	0.000035,	0.000025,	0.000769
916,	0.000055,	0.000035,	0.000035,	0.000718
917,	0.000055,	0.000035,	0.000045,	0.000686
918,	0.000055,	0.000035,	0.000055,	0.000687
919,	0.000055,	0.000035,	0.000065,	0.000721
920,	0.000055,	0.000035,	0.000075,	0.000771
921,	0.000055,	0.000035,	0.000085,	0.000789
922,	0.000055,	0.000035,	0.000095,	0.000797
925,	0.000055,	0.000045,	0.000005,	0.000796
926,	0.000055,	0.000045,	0.000015,	0.000784
927,	0.000055,	0.000045,	0.000025,	0.000745
928,	0.000055,	0.000045,	0.000035,	0.000680
929,	0.000055,	0.000045,	0.000045,	0.000651
930,	0.000055,	0.000045,	0.000055,	0.000651
931,	0.000055,	0.000045,	0.000065,	0.000682
932,	0.000055,	0.000045,	0.000075,	0.000748
933,	0.000055,	0.000045,	0.000085,	0.000784
934,	0.000055,	0.000045,	0.000095,	0.000796
937,	0.000055,	0.000055,	0.000005,	0.000796
938,	0.000055,	0.000055,	0.000015,	0.000783
939,	0.000055,	0.000055,	0.000025,	0.000741
940,	0.000055,	0.000055,	0.000035,	0.000675
941,	0.000055,	0.000055,	0.000045,	0.000646
942,	0.000055,	0.000055,	0.000055,	0.000647
943,	0.000055,	0.000055,	0.000065,	0.000677
944,	0.000055,	0.000055,	0.000075,	0.000744
945,	0.000055,	0.000055,	0.000085,	0.000783
946,	0.000055,	0.000055,	0.000095,	0.000796
949,	0.000055,	0.000065,	0.000005,	0.000796
950,	0.000055,	0.000065,	0.000015,	0.000787
951,	0.000055,	0.000065,	0.000025,	0.000762
952,	0.000055,	0.000065,	0.000035,	0.000703
953,	0.000055,	0.000065,	0.000045,	0.000671
954,	0.000055,	0.000065,	0.000055,	0.000672
955,	0.000055,	0.000065,	0.000065,	0.000704
956,	0.000055,	0.000065,	0.000075,	0.000764
957,	0.000055,	0.000065,	0.000085,	0.000787
958,	0.000055,	0.000065,	0.000095,	0.000796
961,	0.000055,	0.000075,	0.000005,	0.000797
962,	0.000055,	0.000075,	0.000015,	0.000791
963,	0.000055,	0.000075,	0.000025,	0.000782
964,	0.000055,	0.000075,	0.000035,	0.000759
965,	0.000055,	0.000075,	0.000045,	0.000733
966,	0.000055,	0.000075,	0.000055,	0.000734
967,	0.000055,	0.000075,	0.000065,	0.000761
968,	0.000055,	0.000075,	0.000075,	0.000782
969,	0.000055,	0.000075,	0.000085,	0.000791
970,	0.000055,	0.000075,	0.000095,	0.000797
973,	0.000055,	0.000085,	0.000005,	0.000798
974,	0.000055,	0.000085,	0.000015,	0.000795
975,	0.000055,	0.000085,	0.000025,	0.000791
976,	0.000055,	0.000085,	0.000035,	0.000786
977,	0.000055,	0.000085,	0.000045,	0.000781
978,	0.000055,	0.000085,	0.000055,	0.000781
979,	0.000055,	0.000085,	0.000065,	0.000786
980,	0.000055,	0.000085,	0.000075,	0.000791
981,	0.000055,	0.000085,	0.000085,	0.000795
982,	0.000055,	0.000085,	0.000095,	0.000798
985,	0.000055,	0.000095,	0.000005,	0.000799
986,	0.000055,	0.000095,	0.000015,	0.000798
987,	0.000055,	0.000095,	0.000025,	0.000797
988,	0.000055,	0.000095,	0.000035,	0.000796
989,	0.000055,	0.000095,	0.000045,	0.000795
990,	0.000055,	0.000095,	0.000055,	0.000795
991,	0.000055,	0.000095,	0.000065,	0.000796
992,	0.000055,	0.000095,	0.000075,	0.000797
993,	0.000055,	0.000095,	0.000085,	0.000798
994,	0.000055,	0.000095,	0.000095,	0.000799
1021,	0.000065,	0.000005,	0.000005,	0.000800
1022,	0.000065,	0.000005,	0.000015,	0.000799
1023,	0.000065,	0.000005,	0.000025,	0.000798
1024,	0.000065,	0.000005,	0.000035,	0.000797
1025,	0.000065,	0.000005,	0.000045,	0.000797
1026,	0.000065,	0.000005,	0.000055,	0.000797
1027,	0.000065,	0.000005,	0.000065,	0.000797
1028,	0.000065,	0.000005,	0.000075,	0.000798
1029,	0.000065,	0.000005,	0.000085,	0.000799
1030,	0.000065,	0.000005,	0.000095,	0.000800
1033,	0.000065,	0.000015,	0.000005,	0.000799
1034,	0.000065,	0.000015,	0.000015,	0.000796
1035,	0.000065,	0.000015,	0.000025,	0.000793
1036,	0.000065,	0.000015,	0.000035,	0.000791
1037,	0.000065,	0.000015,	0.000045,	0.000789
1038,	0.000065,	0.000015,	0.000055,	0.000789
1039,	0.000065,	0.000015,	0.000065,	0.000791
1040,	0.000065,	0.000015,	0.000075,	0.000794
1041,	0.000065,	0.000015,	0.000085,	0.000796
1042,	0.000065,	0.000015,	0.000095,	0.000799
1045,	0.000065,	0.000025,	0.000005,	0.000798
1046,	0.000065,	0.000025,	0.000015,	0.000793
1047,	0.000065,	0.000025,	0.000025,	0.000788
1048,	0.000065,	0.000025,	0.000035,	0.000780
1049,	0.000065,	0.000025,	0.000045,	0.000771
1050,	0.000065,	0.000025,	0.000055,	0.000772
1051,	0.000065,	0.000025,	0.000065,	0.000781
1052,	0.000065,	0.000025,	0.000075,	0.000788
1053,	0.000065,	0.000025,	0.000085,	0.000793
1054,	0.000065,	0.000025,	0.000095,	0.000798
1057,	0.000065,	0.000035,	0.000005,	0.000797
1058,	0.000065,	0.000035,	0.000015,	0.000790
1059,	0.000065,	0.000035,	0.000025,	0.000779
1060,	0.000065,	0.000035,	0.000035,	0.000747
1061,	0.000065,	0.000035,	0.000045,	0.000718
1062,	0.000065,	0.000035,	0.000055,	0.000719
1063,	0.000065,	0.000035,	0.000065,	0.000750
1064,	0.000065,	0.000035,	0.000075,	0.000780
1065,	0.000065,	0.000035,	0.000085,	0.000791
1066,	0.000065,	0.000035,	0.000095,	0.000797
1069,	0.000065,	0.000045,	0.000005,	0.000796
1070,	0.000065,	0.000045,	0.000015,	0.000788
1071,	0.000065,	0.000045,	0.000025,	0.000766
1072,	0.000065,	0.000045,	0.000035,	0.000711
1073,	0.000065,	0.000045,	0.000045,	0.000680
1074,	0.000065,	0.000045,	0.000055,	0.000680
1075,	0.000065,	0.000045,	0.000065,	0.000714
1076,	0.000065,	0.000045,	0.000075,	0.000768
1077,	0.000065,	0.000045,	0.000085,	0.000788
1078,	0.000065,	0.000045,	0.000095,	0.000796
1081,	0.000065,	0.000055,	0.000005,	0.000796
1082,	0.000065,	0.000055,	0.000015,	0.000787
1083,	0.000065,	0.000055,	0.000025,	0.000763
1084,	0.000065,	0.000055,	0.000035,	0.000706
1085,	0.000065,	0.000055,	0.000045,	0.000674
1086,	0.000065,	0.000055,	0.000055,	0.000675
1087,	0.000065,	0.000055,	0.000065,	0.000709
1088,	0.000065,	0.000055,	0.000075,	0.000765
1089,	0.000065,	0.000055,	0.000085,	0.000787
1090,	0.000065,	0.000055,	0.000095,	0.000796
1093,	0.000065,	0.000065,	0.000005,	0.000797
1094,	0.000065,	0.000065,	0.000015,	0.000790
1095,	0.000065,	0.000065,	0.000025,	0.000775
1096,	0.000065,	0.000065,	0.000035,	0.000734
1097,	0.000065,	0.000065,	0.000045,	0.000701
1098,	0.000065,	0.000065,	0.000055,	0.000703
1099,	0.000065,	0.000065,	0.000065,	0.000735
1100,	0.000065,	0.000065,	0.000075,	0.000776
1101,	0.000065,	0.000065,	0.000085,	0.000790
1102,	0.000065,	0.000065,	0.000095,	0.000797
1105,	0.000065,	0.000075,	0.000005,	0.000798
1106,	0.000065,	0.000075,	0.000015,	0.000793
1107,	0.000065,	0.000075,	0.000025,	0.000786
1108,	0.000065,	0.000075,	0.000035,	0.000774
1109,	0.000065,	0.000075,	0.000045,	0.000759
1110,	0.000065,	0.000075,	0.000055,	0.000759
1111,	0.000065,	0.000075,	0.000065,	0.000775
1112,	0.000065,	0.000075,	0.000075,	0.000787
1113,	0.000065,	0.000075,	0.000085,	0.000793
1114,	0.000065,	0.000075,	0.000095,	0.000798
1117,	0.000065,	0.000085,	0.000005,	0.000799
1118,	0.000065,	0.000085,	0.000015,	0.000796
1119,	0.000065,	0.000085,	0.000025,	0.000793
1120,	0.000065,	0.000085,	0.000035,	0.000789
1121,	0.000065,	0.000085,	0.000045,	0.000786
1122,	0.000065,	0.000085,	0.000055,	0.000786
1123,	0.000065,	0.000085,	0.000065,	0.000789
1124,	0.000065,	0.000085,	0.000075,	0.000793
1125,	0.000065,	0.000085,	0.000085,	0.000796
1126,	0.000065,	0.000085,	0.000095,	0.000799
1129,	0.000065,	0.000095,	0.000005,	0.000800
1130,	0.000065,	0.000095,	0.000015,	0.000799
1131,	0.000065,	0.000095,	0.000025,	0.000798
1132,	0.000065,	0.000095,	0.000035,	0.000797
1133,	0.000065,	0.000095,	0.000045,	0.000796
1134,	0.000065,	0.000095,	0.000055,	0.000796
1135,	0.000065,	0.000095,	0.000065,	0.000797
1136,	0.000065,	0.000095,	0.000075,	0.000798
1137,	0.000065,	0.000095,	0.000085,	0.000799
1138,	0.000065,	0.000095,	0.000095,	0.000800
1165,	0.000075,	0.000005,	0.000005,	0.000800
1166,	0.000075,	0.000005,	0.000015,	0.000799
1167,	0.000075,	0.000005,	0.000025,	0.000798
1168,	0.000075,	0.000005,	0.000035,	0.000798
1169,	0.000075,	0.000005,	0.000045,	0.000798
1170,	0.000075,	0.000005,	0.000055,	0.000798
1171,	0.000075,	0.000005,	0.000065,	0.000798
1172,	0.000075,	0.000005,	0.000075,	0.000798
1173,	0.000075,	0.000005,	0.000085,	0.000799
1174,	0.000075,	0.000005,	0.000095,	0.000800
1177,	0.000075,	0.000015,	0.000005,	0.000799
1178,	0.000075,	0.000015,	0.000015,	0.000797
1179,	0.000075,	0.000015,	0.000025,	0.000795
1180,	0.000075,	0.000015,	0.000035,	0.000793
1181,	0.000075,	0.000015,	0.000045,	0.000792
1182,	0.000075,	0.000015,	0.000055,	0.000792
1183,	0.000075,	0.000015,	0.000065,	0.000794
1184,	0.000075,	0.000015,	0.000075,	0.000795
1185,	0.000075,	0.000015,	0.000085,	0.000797
1186,	0.000075,	0.000015,	0.000095,	0.000799
1189,	0.000075,	0.000025,	0.000005,	0.000798
1190,	0.000075,	0.000025,	0.000015,	0.000795
1191,	0.000075,	0.000025,	0.000025,	0.000792
1192,	0.000075,	0.000025,	0.000035,	0.000788
1193,	0.000075,	0.000025,	0.000045,	0.000785
1194,	0.000075,	0.000025,	0.000055,	0.000785
1195,	0.000075,	0.000025,	0.000065,	0.000788
1196,	0.000075,	0.000025,	0.000075,	0.000792
1197,	0.000075,	0.000025,	0.000085,	0.000795
1198,	0.000075,	0.000025,	0.000095,	0.000798
1201,	0.000075,	0.000035,	0.000005,	0.000798
1202,	0.000075,	0.000035,	0.000015,	0.000793
1203,	0.000075,	0.000035,	0.000025,	0.000788
1204,	0.000075,	0.000035,	0.000035,	0.000779
1205,	0.000075,	0.000035,	0.000045,	0.000769
1206,	0.000075,	0.000035,	0.000055,	0.000769
1207,	0.000075,	0.000035,	0.000065,	0.000780
1208,	0.000075,	0.000035,	0.000075,	0.000788
1209,	0.000075,	0.000035,	0.000085,	0.000793
1210,	0.000075,	0.000035,	0.000095,	0.000798
1213,	0.000075,	0.000045,	0.000005,	0.000797
1214,	0.000075,	0.000045,	0.000015,	0.000792
1215,	0.000075,	0.000045,	0.000025,	0.000784
1216,	0.000075,	0.000045,	0.000035,	0.000766
1217,	0.000075,	0.000045,	0.000045,	0.000744
1218,	0.000075,	0.000045,	0.000055,	0.000745
1219,	0.000075,	0.000045,	0.000065,	0.000767
1220,	0.000075,	0.000045,	0.000075,	0.000784
1221,	0.000075,	0.000045,	0.000085,	0.000792
1222,	0.000075,	0.000045,	0.000095,	0.000797
1225,	0.000075,	0.000055,	0.000005,	0.000797
1226,	0.000075,	0.000055,	0.000015,	0.000792
1227,	0.000075,	0.000055,	0.000025,	0.000783
1228,	0.000075,	0.000055,	0.000035,	0.000763
1229,	0.000075,	0.000055,	0.000045,	0.000740
1230,	0.000075,	0.000055,	0.000055,	0.000741
1231,	0.000075,	0.000055,	0.000065,	0.000765
1232,	0.000075,	0.000055,	0.000075,	0.000783
1233,	0.000075,	0.000055,	0.000085,	0.000792
1234,	0.000075,	0.000055,	0.000095,	0.000797
1237,	0.000075,	0.000065,	0.000005,	0.000798
1238,	0.000075,	0.000065,	0.000015,	0.000793
1239,	0.000075,	0.000065,	0.000025,	0.000787
1240,	0.000075,	0.000065,	0.000035,	0.000775
1241,	0.000075,	0.000065,	0.000045,	0.000761
1242,	0.000075,	0.000065,	0.000055,	0.000761
1243,	0.000075,	0.000065,	0.000065,	0.000776
1244,	0.000075,	0.000065,	0.000075,	0.000787
1245,	0.000075,	0.000065,	0.000085,	0.000793
1246,	0.000075,	0.000065,	0.000095,	0.000798
1249,	0.000075,	0.000075,	0.000005,	0.000798
1250,	0.000075,	0.000075,	0.000015,	0.000795
1251,	0.000075,	0.000075,	0.000025,	0.000791
1252,	0.000075,	0.000075,	0.000035,	0.000786
1253,	0.000075,	0.000075,	0.000045,	0.000782
1254,	0.000075,	0.000075,	0.000055,	0.000782
1255,	0.000075,	0.000075,	0.000065,	0.000786
1256,	0.000075,	0.000075,	0.000075,	0.000791
1257,	0.000075,	0.000075,	0.000085,	0.000795
1258,	0.000075,	0.000075,	0.000095,	0.000798
1261,	0.000075,	0.000085,	0.000005,	0.000799
1262,	0.000075,	0.000085,	0.000015,	0.000797
1263,	0.000075,	0.000085,	0.000025,	0.000795
1264,	0.000075,	0.000085,	0.000035,	0.000793
1265,	0.000075,	0.000085,	0.000045,	0.000791
1266,	0.000075,	0.000085,	0.000055,	0.000791
1267,	0.000075,	0.000085,	0.000065,	0.000793
1268,	0.000075,	0.000085,	0.000075,	0.000795
1269,	0.000075,	0.000085,	0.000085,	0.000797
1270,	0.000075,	0.000085,	0.000095,	0.000799
1273,	0.000075,	0.000095,	0.000005,	0.000800
1274,	0.000075,	0.000095,	0.000015,	0.000799
1275,	0.000075,	0.000095,	0.000025,	0.000798
1276,	0.000075,	0.000095,	0.000035,	0.000798
1277,	0.000075,	0.000095,	0.000045,	0.000797
1278,	0.000075,	0.000095,	0.000055,	0.000797
1279,	0.000075,	0.000095,	0.000065,	0.000798
1280,	0.000075,	0.000095,	0.000075,	0.000798
1281,	0.000075,	0.000095,	0.000085,	0.000799
1282,	0.000075,	0.000095,	0.000095,	0.000800
1309,	0.000085,	0.000005,	0.000005,	0.000800
1310,	0.000085,	0.000005,	0.000015,	0.000799
1311,	0.000085,	0.000005,	0.000025,	0.000799
1312,	0.000085,	0.000005,	0.000035,	0.000799
1313,	0.000085,	0.000005,	0.000045,	0.000799
1314,	0.000085,	0.000005,	0.000055,	0.000799
1315,	0.000085,	0.000005,	0.000065,	0.000799
1316,	0.000085,	0.000005,	0.000075,	0.000799
1317,	0.000085,	0.000005,	0.000085,	0.000799
1318,	0.000085,	0.000005,	0.000095,	0.000800
1321,	0.000085,	0.000015,	0.000005,	0.000799
1322,	0.000085,	0.000015,	0.000015,	0.000798
1323,	0.000085,	0.000015,	0.000025,	0.000797
1324,	0.000085,	0.000015,	0.000035,	0.000796
1325,	0.000085,	0.000015,	0.000045,	0.000796
1326,	0.000085,	0.000015,	0.000055,	0.000796
1327,	0.000085,	0.000015,	0.000065,	0.000796
1328,	0.000085,	0.000015,	0.000075,	0.000797
1329,	0.000085,	0.000015,	0.000085,	0.000798
1330,	0.000085,	0.000015,	0.000095,	0.000799
1333,	0.000085,	0.000025,	0.000005,	0.000799
1334,	0.000085,	0.000025,	0.000015,	0.000797
1335,	0.000085,	0.000025,	0.000025,	0.000795
1336,	0.000085,	0.000025,	0.000035,	0.000793
1337,	0.000085,	0.000025,	0.000045,	0.000792
1338,	0.000085,	0.000025,	0.000055,	0.000792
1339,	0.000085,	0.000025,	0.000065,	0.000793
1340,	0.000085,	0.000025,	0.000075,	0.000795
1341,	0.000085,	0.000025,	0.000085,	0.000797
1342,	0.000085,	0.000025,	0.000095,	0.000799
1345,	0.000085,	0.000035,	0.000005,	0.000799
1346,	0.000085,	0.000035,	0.000015,	0.000796
1347,	0.000085,	0.000035,	0.000025,	0.000793
1348,	0.000085,	0.000035,	0.000035,	0.000790
1349,	0.000085,	0.000035,	0.000045,	0.000788
1350,	0.000085,	0.000035,	0.000055,	0.000788
1351,	0.000085,	0.000035,	0.000065,	0.000790
1352,	0.000085,	0.000035,	0.000075,	0.000793
1353,	0.000085,	0.000035,	0.000085,	0.000796
1354,	0.000085,	0.000035,	0.000095,	0.000799
1357,	0.000085,	0.000045,	0.000005,	0.000798
1358,	0.000085,	0.000045,	0.000015,	0.000795
1359,	0.000085,	0.000045,	0.000025,	0.000792
1360,	0.000085,	0.000045,	0.000035,	0.000787
1361,	0.000085,	0.000045,	0.000045,	0.000783
1362,	0.000085,	0.000045,	0.000055,	0.000784
1363,	0.000085,	0.000045,	0.000065,	0.000788
1364,	0.000085,	0.000045,	0.000075,	0.000792
1365,	0.000085,	0.000045,	0.000085,	0.000795
1366,	0.000085,	0.000045,	0.000095,	0.000799
1369,	0.000085,	0.000055,	0.000005,	0.000798
1370,	0.000085,	0.000055,	0.000015,	0.000795
1371,	0.000085,	0.000055,	0.000025,	0.000792
1372,	0.000085,	0.000055,	0.000035,	0.000787
1373,	0.000085,	0.000055,	0.000045,	0.000783
1374,	0.000085,	0.000055,	0.000055,	0.000783
1375,	0.000085,	0.000055,	0.000065,	0.000787
1376,	0.000085,	0.000055,	0.000075,	0.000792
1377,	0.000085,	0.000055,	0.000085,	0.000795
1378,	0.000085,	0.000055,	0.000095,	0.000798
1381,	0.000085,	0.000065,	0.000005,	0.000799
1382,	0.000085,	0.000065,	0.000015,	0.000796
1383,	0.000085,	0.000065,	0.000025,	0.000793
1384,	0.000085,	0.000065,	0.000035,	0.000789
1385,	0.000085,	0.000065,	0.000045,	0.000787
1386,	0.000085,	0.000065,	0.000055,	0.000787
1387,	0.000085,	0.000065,	0.000065,	0.000790
1388,	0.000085,	0.000065,	0.000075,	0.000793
1389,	0.000085,	0.000065,	0.000085,	0.000796
1390,	0.000085,	0.000065,	0.000095,	0.000799
1393,	0.000085,	0.000075,	0.000005,	0.000799
1394,	0.000085,	0.000075,	0.000015,	0.000797
1395,	0.000085,	0.000075,	0.000025,	0.000795
1396,	0.000085,	0.000075,	0.000035,	0.000793
1397,	0.000085,	0.000075,	0.000045,	0.000791
1398,	0.000085,	0.000075,	0.000055,	0.000791
1399,	0.000085,	0.000075,	0.000065,	0.000793
1400,	0.000085,	0.000075,	0.000075,	0.000795
1401,	0.000085,	0.000075,	0.000085,	0.000797
1402,	0.000085,	0.000075,	0.000095,	0.000799
1405,	0.000085,	0.000085,	0.000005,	0.000799
1406,	0.000085,	0.000085,	0.000015,	0.000798
1407,	0.000085,	0.000085,	0.000025,	0.000797
1408,	0.000085,	0.000085,	0.000035,	0.000796
1409,	0.000085,	0.000085,	0.000045,	0.000795
1410,	0.000085,	0.000085,	0.000055,	0.000795
1411,	0.000085,	0.000085,	0.000065,	0.000796
1412,	0.000085,	0.000085,	0.000075,	0.000797
1413,	0.000085,	0.000085,	0.000085,	0.000798
1414,	0.000085,	0.000085,	0.000095,	0.000799
1417,	0.000085,	0.000095,	0.000005,	0.000800
1418,	0.000085,	0.000095,	0.000015,	0.000799
1419,	0.000085,	0.000095,	0.000025,	0.000799
1420,	0.000085,	0.000095,	0.000035,	0.000799
1421,	0.000085,	0.000095,	0.000045,	0.000798
1422,	0.000085,	0.000095,	0.000055,	0.000798
1423,	0.000085,	0.000095,	0.000065,	0.000799
1424,	0.000085,	0.000095,	0.000075,	0.000799
1425,	0.000085,	0.000095,	0.000085,	0.000799
1426,	0.000085,	0.000095,	0.000095,	0.000800
1453,	0.000095,	0.000005,	0.000005,	0.000800
1454,	0.000095,	0.000005,	0.000015,	0.000800
1455,	0.000095,	0.000005,	0.000025,	0.000800
1456,	0.000095,	0.000005,	0.000035,	0.000800
1457,	0.000095,	0.000005,	0.000045,	0.000800
1458,	0.000095,	0.000005,	0.000055,	0.000800
1459,	0.000095,	0.000005,	0.000065,	0.000800
1460,	0.000095,	0.000005,	0.000075,	0.000800
1461,	0.000095,	0.000005,	0.000085,	0.000800
1462,	0.000095,	0.000005,	0.000095,	0.000800
1465,	0.000095,	0.000015,	0.000005,	0.000800
1466,	0.000095,	0.000015,	0.000015,	0.000799
1467,	0.000095,	0.000015,	0.000025,	0.000799
1468,	0.000095,	0.000015,	0.000035,	0.000799
1469,	0.000095,	0.000015,	0.000045,	0.000799
1470,	0.000095,	0.000015,	0.000055,	0.000799
1471,	0.000095,	0.000015,	0.000065,	0.000799
1472,	0.000095,	0.000015,	0.000075,	0.000799
1473,	0.000095,	0.000015,	0.000085,	0.000799
1474,	0.000095,	0.000015,	0.000095,	0.000800
1477,	0.000095,	0.000025,	0.000005,	0.000800
1478,	0.000095,	0.000025,	0.000015,	0.000799
1479,	0.000095,	0.000025,	0.000025,	0.000798
1480,	0.000095,	0.000025,	0.000035,	0.000798
1481,	0.000095,	0.000025,	0.000045,	0.000798
1482,	0.000095,	0.000025,	0.000055,	0.000798
1483,	0.000095,	0.000025,	0.000065,	0.000798
1484,	0.000095,	0.000025,	0.000075,	0.000798
1485,	0.000095,	0.000025,	0.000085,	0.000799
1486,	0.000095,	0.000025,	0.000095,	0.000800
1489,	0.000095,	0.000035,	0.000005,	0.000800
1490,	0.000095,	0.000035,	0.000015,	0.000799
1491,	0.000095,	0.000035,	0.000025,	0.000798
1492,	0.000095,	0.000035,	0.000035,	0.000797
1493,	0.000095,	0.000035,	0.000045,	0.000796
1494,	0.000095,	0.000035,	0.000055,	0.000796
1495,	0.000095,	0.000035,	0.000065,	0.000797
1496,	0.000095,	0.000035,	0.000075,	0.000798
1497,	0.000095,	0.000035,	0.000085,	0.000799
1498,	0.000095,	0.000035,	0.000095,	0.000800
1501,	0.000095,	0.000045,	0.000005,	0.000800
1502,	0.000095,	0.000045,	0.000015,	0.000798
1503,	0.000095,	0.000045,	0.000025,	0.000797
1504,	0.000095,	0.000045,	0.000035,	0.000796
1505,	0.000095,	0.000045,	0.000045,	0.000796
1506,	0.000095,	0.000045,	0.000055,	0.000796
1507,	0.000095,	0.000045,	0.000065,	0.000796
1508,	0.000095,	0.000045,	0.000075,	0.000797
1509,	0.000095,	0.000045,	0.000085,	0.000799
1510,	0.000095,	0.000045,	0.000095,	0.000800
1513,	0.000095,	0.000055,	0.000005,	0.000799
1514,	0.000095,	0.000055,	0.000015,	0.000798
1515,	0.000095,	0.000055,	0.000025,	0.000797
1516,	0.000095,	0.000055,	0.000035,	0.000796
1517,	0.000095,	0.000055,	0.000045,	0.000796
1518,	0.000095,	0.000055,	0.000055,	0.000796
1519,	0.000095,	0.000055,	0.000065,	0.000796
1520,	0.000095,	0.000055,	0.000075,	0.000797
1521,	0.000095,	0.000055,	0.000085,	0.000798
1522,	0.000095,	0.000055,	0.000095,	0.000800
1525,	0.000095,	0.000065,	0.000005,	0.000800
1526,	0.000095,	0.000065,	0.000015,	0.000799
1527,	0.000095,	0.000065,	0.000025,	0.000798
1528,	0.000095,	0.000065,	0.000035,	0.000797
1529,	0.000095,	0.000065,	0.000045,	0.000796
1530,	0.000095,	0.000065,	0.000055,	0.000796
1531,	0.000095,	0.000065,	0.000065,	0.000797
1532,	0.000095,	0.000065,	0.000075,	0.000798
1533,	0.000095,	0.000065,	0.000085,	0.000799
1534,	0.000095,	0.000065,	0.000095,	0.000800
1537,	0.000095,	0.000075,	0.000005,	0.000800
1538,	0.000095,	0.000075,	0.000015,	0.000799
1539,	0.000095,	0.000075,	0.000025,	0.000798
1540,	0.000095,	0.000075,	0.000035,	0.000798
1541,	0.000095,	0.000075,	0.000045,	0.000797
1542,	0.000095,	0.000075,	0.000055,	0.000797
1543,	0.000095,	0.000075,	0.000065,	0.000798
1544,	0.000095,	0.000075,	0.000075,	0.000798
1545,	0.000095,	0.000075,	0.000085,	0.000799
1546,	0.000095,	0.000075,	0.000095,	0.000800
1549,	0.000095,	0.000085,	0.000005,	0.000800
1550,	0.000095,	0.000085,	0.000015,	0.000799
1551,	0.000095,	0.000085,	0.000025,	0.000799
1552,	0.000095,	0.000085,	0.000035,	0.000799
1553,	0.000095,	0.000085,	0.000045,	0.000798
1554,	0.000095,	0.000085,	0.000055,	0.000798
1555,	0.000095,	0.000085,	0.000065,	0.000799
1556,	0.000095,	0.000085,	0.000075,	0.000799
1557,	0.000095,	0.000085,	0.000085,	0.000799
1558,	0.000095,	0.000085,	0.000095,	0.000800
1561,	0.000095,	0.000095,	0.000005,	0.000800
1562,	0.000095,	0.000095,	0.000015,	0.000800
1563,	0.000095,	0.000095,	0.000025,	0.000800
1564,	0.000095,	0.000095,	0.000035,	0.000800
1565,	0.000095,	0.000095,	0.000045,	0.000799
1566,	0.000095,	0.000095,	0.000055,	0.000799
1567,	0.000095,	0.000095,	0.000065,	0.000800
1568,	0.000095,	0.000095,	0.000075,	0.000800
1569,	0.000095,	0.000095,	0.000085,	0.000800
1570,	0.000095,	0.000095,	0.000095,	0.000800
