,x,y,z,scalar,1,1,1,0.5
157,	0.000005,	0.000005,	0.000005,	0.000800
158,	0.000005,	0.000005,	0.000015,	0.000800
159,	0.000005,	0.000005,	0.000025,	0.000800
160,	0.000005,	0.000005,	0.000035,	0.000800
161,	0.000005,	0.000005,	0.000045,	0.000800
162,	0.000005,	0.000005,	0.000055,	0.000800
163,	0.000005,	0.000005,	0.000065,	0.000800
164,	0.000005,	0.000005,	0.000075,	0.000800
165,	0.000005,	0.000005,	0.000085,	0.000800
166,	0.000005,	0.000005,	0.000095,	0.000800
169,	0.000005,	0.000015,	0.000005,	0.000800
170,	0.000005,	0.000015,	0.000015,	0.000800
171,	0.000005,	0.000015,	0.000025,	0.000800
172,	0.000005,	0.000015,	0.000035,	0.000800
173,	0.000005,	0.000015,	0.000045,	0.000800
174,	0.000005,	0.000015,	0.000055,	0.000800
175,	0.000005,	0.000015,	0.000065,	0.000800
176,	0.000005,	0.000015,	0.000075,	0.000800
177,	0.000005,	0.000015,	0.000085,	0.000800
178,	0.000005,	0.000015,	0.000095,	0.000800
181,	0.000005,	0.000025,	0.000005,	0.000800
182,	0.000005,	0.000025,	0.000015,	0.000800
183,	0.000005,	0.000025,	0.000025,	0.000800
184,	0.000005,	0.000025,	0.000035,	0.000800
185,	0.000005,	0.000025,	0.000045,	0.000800
186,	0.000005,	0.000025,	0.000055,	0.000800
187,	0.000005,	0.000025,	0.000065,	0.000800
188,	0.000005,	0.000025,	0.000075,	0.000800
189,	0.000005,	0.000025,	0.000085,	0.000800
190,	0.000005,	0.000025,	0.000095,	0.000800
193,	0.000005,	0.000035,	0.000005,	0.000800
194,	0.000005,	0.000035,	0.000015,	0.000800
195,	0.000005,	0.000035,	0.000025,	0.000800
196,	0.000005,	0.000035,	0.000035,	0.000799
197,	0.000005,	0.000035,	0.000045,	0.000799
198,	0.000005,	0.000035,	0.000055,	0.000799
199,	0.000005,	0.000035,	0.000065,	0.000799
200,	0.000005,	0.000035,	0.000075,	0.000800
201,	0.000005,	0.000035,	0.000085,	0.000800
202,	0.000005,	0.000035,	0.000095,	0.000800
205,	0.000005,	0.000045,	0.000005,	0.000800
206,	0.000005,	0.000045,	0.000015,	0.000800
207,	0.000005,	0.000045,	0.000025,	0.000799
208,	0.000005,	0.000045,	0.000035,	0.000799
209,	0.000005,	0.000045,	0.000045,	0.000799
210,	0.000005,	0.000045,	0.000055,	0.000799
211,	0.000005,	0.000045,	0.000065,	0.000799
212,	0.000005,	0.000045,	0.000075,	0.000800
213,	0.000005,	0.000045,	0.000085,	0.000800
214,	0.000005,	0.000045,	0.000095,	0.000800
217,	0.000005,	0.000055,	0.000005,	0.000800
218,	0.000005,	0.000055,	0.000015,	0.000800
219,	0.000005,	0.000055,	0.000025,	0.000799
220,	0.000005,	0.000055,	0.000035,	0.000799
221,	0.000005,	0.000055,	0.000045,	0.000799
222,	0.000005,	0.000055,	0.000055,	0.000799
223,	0.000005,	0.000055,	0.000065,	0.000799
224,	0.000005,	0.000055,	0.000075,	0.000799
225,	0.000005,	0.000055,	0.000085,	0.000800
226,	0.000005,	0.000055,	0.000095,	0.000800
229,	0.000005,	0.000065,	0.000005,	0.000800
230,	0.000005,	0.000065,	0.000015,	0.000800
231,	0.000005,	0.000065,	0.000025,	0.000800
232,	0.000005,	0.000065,	0.000035,	0.000799
233,	0.000005,	0.000065,	0.000045,	0.000799
234,	0.000005,	0.000065,	0.000055,	0.000799
235,	0.000005,	0.000065,	0.000065,	0.000799
236,	0.000005,	0.000065,	0.000075,	0.000800
237,	0.000005,	0.000065,	0.000085,	0.000800
238,	0.000005,	0.000065,	0.000095,	0.000800
241,	0.000005,	0.000075,	0.000005,	0.000800
242,	0.000005,	0.000075,	0.000015,	0.000800
243,	0.000005,	0.000075,	0.000025,	0.000800
244,	0.000005,	0.000075,	0.000035,	0.000800
245,	0.000005,	0.000075,	0.000045,	0.000799
246,	0.000005,	0.000075,	0.000055,	0.000799
247,	0.000005,	0.000075,	0.000065,	0.000800
248,	0.000005,	0.000075,	0.000075,	0.000800
249,	0.000005,	0.000075,	0.000085,	0.000800
250,	0.000005,	0.000075,	0.000095,	0.000800
253,	0.000005,	0.000085,	0.000005,	0.000800
254,	0.000005,	0.000085,	0.000015,	0.000800
255,	0.000005,	0.000085,	0.000025,	0.000800
256,	0.000005,	0.000085,	0.000035,	0.000800
257,	0.000005,	0.000085,	0.000045,	0.000800
258,	0.000005,	0.000085,	0.000055,	0.000800
259,	0.000005,	0.000085,	0.000065,	0.000800
260,	0.000005,	0.000085,	0.000075,	0.000800
261,	0.000005,	0.000085,	0.000085,	0.000800
262,	0.000005,	0.000085,	0.000095,	0.000800
265,	0.000005,	0.000095,	0.000005,	0.000800
266,	0.000005,	0.000095,	0.000015,	0.000800
267,	0.000005,	0.000095,	0.000025,	0.000800
268,	0.000005,	0.000095,	0.000035,	0.000800
269,	0.000005,	0.000095,	0.000045,	0.000800
270,	0.000005,	0.000095,	0.000055,	0.000800
271,	0.000005,	0.000095,	0.000065,	0.000800
272,	0.000005,	0.000095,	0.000075,	0.000800
273,	0.000005,	0.000095,	0.000085,	0.000800
274,	0.000005,	0.000095,	0.000095,	0.000800
301,	0.000015,	0.000005,	0.000005,	0.000800
302,	0.000015,	0.000005,	0.000015,	0.000800
303,	0.000015,	0.000005,	0.000025,	0.000800
304,	0.000015,	0.000005,	0.000035,	0.000800
305,	0.000015,	0.000005,	0.000045,	0.000800
306,	0.000015,	0.000005,	0.000055,	0.000800
307,	0.000015,	0.000005,	0.000065,	0.000800
308,	0.000015,	0.000005,	0.000075,	0.000800
309,	0.000015,	0.000005,	0.000085,	0.000800
310,	0.000015,	0.000005,	0.000095,	0.000800
313,	0.000015,	0.000015,	0.000005,	0.000800
314,	0.000015,	0.000015,	0.000015,	0.000800
315,	0.000015,	0.000015,	0.000025,	0.000799
316,	0.000015,	0.000015,	0.000035,	0.000799
317,	0.000015,	0.000015,	0.000045,	0.000799
318,	0.000015,	0.000015,	0.000055,	0.000799
319,	0.000015,	0.000015,	0.000065,	0.000799
320,	0.000015,	0.000015,	0.000075,	0.000799
321,	0.000015,	0.000015,	0.000085,	0.000800
322,	0.000015,	0.000015,	0.000095,	0.000800
325,	0.000015,	0.000025,	0.000005,	0.000800
326,	0.000015,	0.000025,	0.000015,	0.000799
327,	0.000015,	0.000025,	0.000025,	0.000799
328,	0.000015,	0.000025,	0.000035,	0.000799
329,	0.000015,	0.000025,	0.000045,	0.000798
330,	0.000015,	0.000025,	0.000055,	0.000798
331,	0.000015,	0.000025,	0.000065,	0.000799
332,	0.000015,	0.000025,	0.000075,	0.000799
333,	0.000015,	0.000025,	0.000085,	0.000799
334,	0.000015,	0.000025,	0.000095,	0.000800
337,	0.000015,	0.000035,	0.000005,	0.000800
338,	0.000015,	0.000035,	0.000015,	0.000799
339,	0.000015,	0.000035,	0.000025,	0.000799
340,	0.000015,	0.000035,	0.000035,	0.000798
341,	0.000015,	0.000035,	0.000045,	0.000798
342,	0.000015,	0.000035,	0.000055,	0.000798
343,	0.000015,	0.000035,	0.000065,	0.000798
344,	0.000015,	0.000035,	0.000075,	0.000799
345,	0.000015,	0.000035,	0.000085,	0.000799
346,	0.000015,	0.000035,	0.000095,	0.000800
349,	0.000015,	0.000045,	0.000005,	0.000800
350,	0.000015,	0.000045,	0.000015,	0.000799
351,	0.000015,	0.000045,	0.000025,	0.000798
352,	0.000015,	0.000045,	0.000035,	0.000798
353,	0.000015,	0.000045,	0.000045,	0.000797
354,	0.000015,	0.000045,	0.000055,	0.000797
355,	0.000015,	0.000045,	0.000065,	0.000798
356,	0.000015,	0.000045,	0.000075,	0.000798
357,	0.000015,	0.000045,	0.000085,	0.000799
358,	0.000015,	0.000045,	0.000095,	0.000800
361,	0.000015,	0.000055,	0.000005,	0.000800
362,	0.000015,	0.000055,	0.000015,	0.000799
363,	0.000015,	0.000055,	0.000025,	0.000798
364,	0.000015,	0.000055,	0.000035,	0.000798
365,	0.000015,	0.000055,	0.000045,	0.000797
366,	0.000015,	0.000055,	0.000055,	0.000797
367,	0.000015,	0.000055,	0.000065,	0.000798
368,	0.000015,	0.000055,	0.000075,	0.000798
369,	0.000015,	0.000055,	0.000085,	0.000799
370,	0.000015,	0.000055,	0.000095,	0.000800
373,	0.000015,	0.000065,	0.000005,	0.000800
374,	0.000015,	0.000065,	0.000015,	0.000799
375,	0.000015,	0.000065,	0.000025,	0.000799
376,	0.000015,	0.000065,	0.000035,	0.000798
377,	0.000015,	0.000065,	0.000045,	0.000798
378,	0.000015,	0.000065,	0.000055,	0.000798
379,	0.000015,	0.000065,	0.000065,	0.000798
380,	0.000015,	0.000065,	0.000075,	0.000799
381,	0.000015,	0.000065,	0.000085,	0.000799
382,	0.000015,	0.000065,	0.000095,	0.000800
385,	0.000015,	0.000075,	0.000005,	0.000800
386,	0.000015,	0.000075,	0.000015,	0.000799
387,	0.000015,	0.000075,	0.000025,	0.000799
388,	0.000015,	0.000075,	0.000035,	0.000799
389,	0.000015,	0.000075,	0.000045,	0.000798
390,	0.000015,	0.000075,	0.000055,	0.000798
391,	0.000015,	0.000075,	0.000065,	0.000799
392,	0.000015,	0.000075,	0.000075,	0.000799
393,	0.000015,	0.000075,	0.000085,	0.000799
394,	0.000015,	0.000075,	0.000095,	0.000800
397,	0.000015,	0.000085,	0.000005,	0.000800
398,	0.000015,	0.000085,	0.000015,	0.000800
399,	0.000015,	0.000085,	0.000025,	0.000799
400,	0.000015,	0.000085,	0.000035,	0.000799
401,	0.000015,	0.000085,	0.000045,	0.000799
402,	0.000015,	0.000085,	0.000055,	0.000799
403,	0.000015,	0.000085,	0.000065,	0.000799
404,	0.000015,	0.000085,	0.000075,	0.000799
405,	0.000015,	0.000085,	0.000085,	0.000800
406,	0.000015,	0.000085,	0.000095,	0.000800
409,	0.000015,	0.000095,	0.000005,	0.000800
410,	0.000015,	0.000095,	0.000015,	0.000800
411,	0.000015,	0.000095,	0.000025,	0.000800
412,	0.000015,	0.000095,	0.000035,	0.000800
413,	0.000015,	0.000095,	0.000045,	0.000800
414,	0.000015,	0.000095,	0.000055,	0.000800
415,	0.000015,	0.000095,	0.000065,	0.000800
416,	0.000015,	0.000095,	0.000075,	0.000800
417,	0.000015,	0.000095,	0.000085,	0.000800
418,	0.000015,	0.000095,	0.000095,	0.000800
445,	0.000025,	0.000005,	0.000005,	0.000800
446,	0.000025,	0.000005,	0.000015,	0.000800
447,	0.000025,	0.000005,	0.000025,	0.000800
448,	0.000025,	0.000005,	0.000035,	0.000800
449,	0.000025,	0.000005,	0.000045,	0.000800
450,	0.000025,	0.000005,	0.000055,	0.000800
451,	0.000025,	0.000005,	0.000065,	0.000800
452,	0.000025,	0.000005,	0.000075,	0.000800
453,	0.000025,	0.000005,	0.000085,	0.000800
454,	0.000025,	0.000005,	0.000095,	0.000800
457,	0.000025,	0.000015,	0.000005,	0.000800
458,	0.000025,	0.000015,	0.000015,	0.000799
459,	0.000025,	0.000015,	0.000025,	0.000799
460,	0.000025,	0.000015,	0.000035,	0.000799
461,	0.000025,	0.000015,	0.000045,	0.000798
462,	0.000025,	0.000015,	0.000055,	0.000798
463,	0.000025,	0.000015,	0.000065,	0.000799
464,	0.000025,	0.000015,	0.000075,	0.000799
465,	0.000025,	0.000015,	0.000085,	0.000799
466,	0.000025,	0.000015,	0.000095,	0.000800
469,	0.000025,	0.000025,	0.000005,	0.000800
470,	0.000025,	0.000025,	0.000015,	0.000799
471,	0.000025,	0.000025,	0.000025,	0.000798
472,	0.000025,	0.000025,	0.000035,	0.000798
473,	0.000025,	0.000025,	0.000045,	0.000797
474,	0.000025,	0.000025,	0.000055,	0.000797
475,	0.000025,	0.000025,	0.000065,	0.000798
476,	0.000025,	0.000025,	0.000075,	0.000798
477,	0.000025,	0.000025,	0.000085,	0.000799
478,	0.000025,	0.000025,	0.000095,	0.000800
481,	0.000025,	0.000035,	0.000005,	0.000800
482,	0.000025,	0.000035,	0.000015,	0.000799
483,	0.000025,	0.000035,	0.000025,	0.000798
484,	0.000025,	0.000035,	0.000035,	0.000796
485,	0.000025,	0.000035,	0.000045,	0.000796
486,	0.000025,	0.000035,	0.000055,	0.000796
487,	0.000025,	0.000035,	0.000065,	0.000797
488,	0.000025,	0.000035,	0.000075,	0.000798
489,	0.000025,	0.000035,	0.000085,	0.000799
490,	0.000025,	0.000035,	0.000095,	0.000800
493,	0.000025,	0.000045,	0.000005,	0.000799
494,	0.000025,	0.000045,	0.000015,	0.000798
495,	0.000025,	0.000045,	0.000025,	0.000797
496,	0.000025,	0.000045,	0.000035,	0.000795
497,	0.000025,	0.000045,	0.000045,	0.000794
498,	0.000025,	0.000045,	0.000055,	0.000794
499,	0.000025,	0.000045,	0.000065,	0.000796
500,	0.000025,	0.000045,	0.000075,	0.000797
501,	0.000025,	0.000045,	0.000085,	0.000798
502,	0.000025,	0.000045,	0.000095,	0.000799
505,	0.000025,	0.000055,	0.000005,	0.000799
506,	0.000025,	0.000055,	0.000015,	0.000798
507,	0.000025,	0.000055,	0.000025,	0.000797
508,	0.000025,	0.000055,	0.000035,	0.000795
509,	0.000025,	0.000055,	0.000045,	0.000794
510,	0.000025,	0.000055,	0.000055,	0.000794
511,	0.000025,	0.000055,	0.000065,	0.000795
512,	0.000025,	0.000055,	0.000075,	0.000797
513,	0.000025,	0.000055,	0.000085,	0.000798
514,	0.000025,	0.000055,	0.000095,	0.000799
517,	0.000025,	0.000065,	0.000005,	0.000800
518,	0.000025,	0.000065,	0.000015,	0.000799
519,	0.000025,	0.000065,	0.000025,	0.000797
520,	0.000025,	0.000065,	0.000035,	0.000796
521,	0.000025,	0.000065,	0.000045,	0.000795
522,	0.000025,	0.000065,	0.000055,	0.000795
523,	0.000025,	0.000065,	0.000065,	0.000796
524,	0.000025,	0.000065,	0.000075,	0.000797
525,	0.000025,	0.000065,	0.000085,	0.000799
526,	0.000025,	0.000065,	0.000095,	0.000800
529,	0.000025,	0.000075,	0.000005,	0.000800
530,	0.000025,	0.000075,	0.000015,	0.000799
531,	0.000025,	0.000075,	0.000025,	0.000798
532,	0.000025,	0.000075,	0.000035,	0.000797
533,	0.000025,	0.000075,	0.000045,	0.000797
534,	0.000025,	0.000075,	0.000055,	0.000797
535,	0.000025,	0.000075,	0.000065,	0.000797
536,	0.000025,	0.000075,	0.000075,	0.000798
537,	0.000025,	0.000075,	0.000085,	0.000799
538,	0.000025,	0.000075,	0.000095,	0.000800
541,	0.000025,	0.000085,	0.000005,	0.000800
542,	0.000025,	0.000085,	0.000015,	0.000799
543,	0.000025,	0.000085,	0.000025,	0.000799
544,	0.000025,	0.000085,	0.000035,	0.000799
545,	0.000025,	0.000085,	0.000045,	0.000798
546,	0.000025,	0.000085,	0.000055,	0.000798
547,	0.000025,	0.000085,	0.000065,	0.000799
548,	0.000025,	0.000085,	0.000075,	0.000799
549,	0.000025,	0.000085,	0.000085,	0.000799
550,	0.000025,	0.000085,	0.000095,	0.000800
553,	0.000025,	0.000095,	0.000005,	0.000800
554,	0.000025,	0.000095,	0.000015,	0.000800
555,	0.000025,	0.000095,	0.000025,	0.000800
556,	0.000025,	0.000095,	0.000035,	0.000800
557,	0.000025,	0.000095,	0.000045,	0.000799
558,	0.000025,	0.000095,	0.000055,	0.000799
559,	0.000025,	0.000095,	0.000065,	0.000800
560,	0.000025,	0.000095,	0.000075,	0.000800
561,	0.000025,	0.000095,	0.000085,	0.000800
562,	0.000025,	0.000095,	0.000095,	0.000800
589,	0.000035,	0.000005,	0.000005,	0.000800
590,	0.000035,	0.000005,	0.000015,	0.000800
591,	0.000035,	0.000005,	0.000025,	0.000800
592,	0.000035,	0.000005,	0.000035,	0.000799
593,	0.000035,	0.000005,	0.000045,	0.000799
594,	0.000035,	0.000005,	0.000055,	0.000799
595,	0.000035,	0.000005,	0.000065,	0.000799
596,	0.000035,	0.000005,	0.000075,	0.000800
597,	0.000035,	0.000005,	0.000085,	0.000800
598,	0.000035,	0.000005,	0.000095,	0.000800
601,	0.000035,	0.000015,	0.000005,	0.000800
602,	0.000035,	0.000015,	0.000015,	0.000799
603,	0.000035,	0.000015,	0.000025,	0.000799
604,	0.000035,	0.000015,	0.000035,	0.000798
605,	0.000035,	0.000015,	0.000045,	0.000798
606,	0.000035,	0.000015,	0.000055,	0.000798
607,	0.000035,	0.000015,	0.000065,	0.000798
608,	0.000035,	0.000015,	0.000075,	0.000799
609,	0.000035,	0.000015,	0.000085,	0.000799
610,	0.000035,	0.000015,	0.000095,	0.000800
613,	0.000035,	0.000025,	0.000005,	0.000800
614,	0.000035,	0.000025,	0.000015,	0.000799
615,	0.000035,	0.000025,	0.000025,	0.000798
616,	0.000035,	0.000025,	0.000035,	0.000797
617,	0.000035,	0.000025,	0.000045,	0.000796
618,	0.000035,	0.000025,	0.000055,	0.000796
619,	0.000035,	0.000025,	0.000065,	0.000797
620,	0.000035,	0.000025,	0.000075,	0.000798
621,	0.000035,	0.000025,	0.000085,	0.000799
622,	0.000035,	0.000025,	0.000095,	0.000800
625,	0.000035,	0.000035,	0.000005,	0.000799
626,	0.000035,	0.000035,	0.000015,	0.000798
627,	0.000035,	0.000035,	0.000025,	0.000796
628,	0.000035,	0.000035,	0.000035,	0.000794
629,	0.000035,	0.000035,	0.000045,	0.000792
630,	0.000035,	0.000035,	0.000055,	0.000792
631,	0.000035,	0.000035,	0.000065,	0.000794
632,	0.000035,	0.000035,	0.000075,	0.000797
633,	0.000035,	0.000035,	0.000085,	0.000798
634,	0.000035,	0.000035,	0.000095,	0.000799
637,	0.000035,	0.000045,	0.000005,	0.000799
638,	0.000035,	0.000045,	0.000015,	0.000798
639,	0.000035,	0.000045,	0.000025,	0.000795
640,	0.000035,	0.000045,	0.000035,	0.000792
641,	0.000035,	0.000045,	0.000045,	0.000784
642,	0.000035,	0.000045,	0.000055,	0.000785
643,	0.000035,	0.000045,	0.000065,	0.000792
644,	0.000035,	0.000045,	0.000075,	0.000795
645,	0.000035,	0.000045,	0.000085,	0.000798
646,	0.000035,	0.000045,	0.000095,	0.000799
649,	0.000035,	0.000055,	0.000005,	0.000799
650,	0.000035,	0.000055,	0.000015,	0.000798
651,	0.000035,	0.000055,	0.000025,	0.000795
652,	0.000035,	0.000055,	0.000035,	0.000791
653,	0.000035,	0.000055,	0.000045,	0.000782
654,	0.000035,	0.000055,	0.000055,	0.000782
655,	0.000035,	0.000055,	0.000065,	0.000791
656,	0.000035,	0.000055,	0.000075,	0.000795
657,	0.000035,	0.000055,	0.000085,	0.000798
658,	0.000035,	0.000055,	0.000095,	0.000799
661,	0.000035,	0.000065,	0.000005,	0.000799
662,	0.000035,	0.000065,	0.000015,	0.000798
663,	0.000035,	0.000065,	0.000025,	0.000796
664,	0.000035,	0.000065,	0.000035,	0.000794
665,	0.000035,	0.000065,	0.000045,	0.000790
666,	0.000035,	0.000065,	0.000055,	0.000790
667,	0.000035,	0.000065,	0.000065,	0.000794
668,	0.000035,	0.000065,	0.000075,	0.000796
669,	0.000035,	0.000065,	0.000085,	0.000798
670,	0.000035,	0.000065,	0.000095,	0.000799
673,	0.000035,	0.000075,	0.000005,	0.000800
674,	0.000035,	0.000075,	0.000015,	0.000799
675,	0.000035,	0.000075,	0.000025,	0.000797
676,	0.000035,	0.000075,	0.000035,	0.000796
677,	0.000035,	0.000075,	0.000045,	0.000795
678,	0.000035,	0.000075,	0.000055,	0.000795
679,	0.000035,	0.000075,	0.000065,	0.000796
680,	0.000035,	0.000075,	0.000075,	0.000797
681,	0.000035,	0.000075,	0.000085,	0.000799
682,	0.000035,	0.000075,	0.000095,	0.000800
685,	0.000035,	0.000085,	0.000005,	0.000800
686,	0.000035,	0.000085,	0.000015,	0.000799
687,	0.000035,	0.000085,	0.000025,	0.000799
688,	0.000035,	0.000085,	0.000035,	0.000798
689,	0.000035,	0.000085,	0.000045,	0.000797
690,	0.000035,	0.000085,	0.000055,	0.000797
691,	0.000035,	0.000085,	0.000065,	0.000798
692,	0.000035,	0.000085,	0.000075,	0.000799
693,	0.000035,	0.000085,	0.000085,	0.000799
694,	0.000035,	0.000085,	0.000095,	0.000800
697,	0.000035,	0.000095,	0.000005,	0.000800
698,	0.000035,	0.000095,	0.000015,	0.000800
699,	0.000035,	0.000095,	0.000025,	0.000800
700,	0.000035,	0.000095,	0.000035,	0.000799
701,	0.000035,	0.000095,	0.000045,	0.000799
702,	0.000035,	0.000095,	0.000055,	0.000799
703,	0.000035,	0.000095,	0.000065,	0.000799
704,	0.000035,	0.000095,	0.000075,	0.000800
705,	0.000035,	0.000095,	0.000085,	0.000800
706,	0.000035,	0.000095,	0.000095,	0.000800
733,	0.000045,	0.000005,	0.000005,	0.000800
734,	0.000045,	0.000005,	0.000015,	0.000800
735,	0.000045,	0.000005,	0.000025,	0.000800
736,	0.000045,	0.000005,	0.000035,	0.000799
737,	0.000045,	0.000005,	0.000045,	0.000799
738,	0.000045,	0.000005,	0.000055,	0.000799
739,	0.000045,	0.000005,	0.000065,	0.000799
740,	0.000045,	0.000005,	0.000075,	0.000800
741,	0.000045,	0.000005,	0.000085,	0.000800
742,	0.000045,	0.000005,	0.000095,	0.000800
745,	0.000045,	0.000015,	0.000005,	0.000800
746,	0.000045,	0.000015,	0.000015,	0.000799
747,	0.000045,	0.000015,	0.000025,	0.000798
748,	0.000045,	0.000015,	0.000035,	0.000798
749,	0.000045,	0.000015,	0.000045,	0.000797
750,	0.000045,	0.000015,	0.000055,	0.000797
751,	0.000045,	0.000015,	0.000065,	0.000798
752,	0.000045,	0.000015,	0.000075,	0.000798
753,	0.000045,	0.000015,	0.000085,	0.000799
754,	0.000045,	0.000015,	0.000095,	0.000800
757,	0.000045,	0.000025,	0.000005,	0.000800
758,	0.000045,	0.000025,	0.000015,	0.000798
759,	0.000045,	0.000025,	0.000025,	0.000797
760,	0.000045,	0.000025,	0.000035,	0.000796
761,	0.000045,	0.000025,	0.000045,	0.000794
762,	0.000045,	0.000025,	0.000055,	0.000794
763,	0.000045,	0.000025,	0.000065,	0.000796
764,	0.000045,	0.000025,	0.000075,	0.000797
765,	0.000045,	0.000025,	0.000085,	0.000798
766,	0.000045,	0.000025,	0.000095,	0.000800
769,	0.000045,	0.000035,	0.000005,	0.000799
770,	0.000045,	0.000035,	0.000015,	0.000798
771,	0.000045,	0.000035,	0.000025,	0.000795
772,	0.000045,	0.000035,	0.000035,	0.000792
773,	0.000045,	0.000035,	0.000045,	0.000785
774,	0.000045,	0.000035,	0.000055,	0.000786
775,	0.000045,	0.000035,	0.000065,	0.000792
776,	0.000045,	0.000035,	0.000075,	0.000796
777,	0.000045,	0.000035,	0.000085,	0.000798
778,	0.000045,	0.000035,	0.000095,	0.000799
781,	0.000045,	0.000045,	0.000005,	0.000799
782,	0.000045,	0.000045,	0.000015,	0.000797
783,	0.000045,	0.000045,	0.000025,	0.000794
784,	0.000045,	0.000045,	0.000035,	0.000783
785,	0.000045,	0.000045,	0.000045,	0.000757
786,	0.000045,	0.000045,	0.000055,	0.000758
787,	0.000045,	0.000045,	0.000065,	0.000784
788,	0.000045,	0.000045,	0.000075,	0.000794
789,	0.000045,	0.000045,	0.000085,	0.000797
790,	0.000045,	0.000045,	0.000095,	0.000799
793,	0.000045,	0.000055,	0.000005,	0.000799
794,	0.000045,	0.000055,	0.000015,	0.000797
795,	0.000045,	0.000055,	0.000025,	0.000793
796,	0.000045,	0.000055,	0.000035,	0.000781
797,	0.000045,	0.000055,	0.000045,	0.000751
798,	0.000045,	0.000055,	0.000055,	0.000751
799,	0.000045,	0.000055,	0.000065,	0.000782
800,	0.000045,	0.000055,	0.000075,	0.000794
801,	0.000045,	0.000055,	0.000085,	0.000797
802,	0.000045,	0.000055,	0.000095,	0.000799
805,	0.000045,	0.000065,	0.000005,	0.000799
806,	0.000045,	0.000065,	0.000015,	0.000797
807,	0.000045,	0.000065,	0.000025,	0.000795
808,	0.000045,	0.000065,	0.000035,	0.000790
809,	0.000045,	0.000065,	0.000045,	0.000779
810,	0.000045,	0.000065,	0.000055,	0.000780
811,	0.000045,	0.000065,	0.000065,	0.000790
812,	0.000045,	0.000065,	0.000075,	0.000795
813,	0.000045,	0.000065,	0.000085,	0.000798
814,	0.000045,	0.000065,	0.000095,	0.000799
817,	0.000045,	0.000075,	0.000005,	0.000799
818,	0.000045,	0.000075,	0.000015,	0.000798
819,	0.000045,	0.000075,	0.000025,	0.000797
820,	0.000045,	0.000075,	0.000035,	0.000795
821,	0.000045,	0.000075,	0.000045,	0.000793
822,	0.000045,	0.000075,	0.000055,	0.000793
823,	0.000045,	0.000075,	0.000065,	0.000795
824,	0.000045,	0.000075,	0.000075,	0.000797
825,	0.000045,	0.000075,	0.000085,	0.000798
826,	0.000045,	0.000075,	0.000095,	0.000799
829,	0.000045,	0.000085,	0.000005,	0.000800
830,	0.000045,	0.000085,	0.000015,	0.000799
831,	0.000045,	0.000085,	0.000025,	0.000798
832,	0.000045,	0.000085,	0.000035,	0.000797
833,	0.000045,	0.000085,	0.000045,	0.000797
834,	0.000045,	0.000085,	0.000055,	0.000797
835,	0.000045,	0.000085,	0.000065,	0.000797
836,	0.000045,	0.000085,	0.000075,	0.000798
837,	0.000045,	0.000085,	0.000085,	0.000799
838,	0.000045,	0.000085,	0.000095,	0.000800
841,	0.000045,	0.000095,	0.000005,	0.000800
842,	0.000045,	0.000095,	0.000015,	0.000800
843,	0.000045,	0.000095,	0.000025,	0.000799
844,	0.000045,	0.000095,	0.000035,	0.000799
845,	0.000045,	0.000095,	0.000045,	0.000799
846,	0.000045,	0.000095,	0.000055,	0.000799
847,	0.000045,	0.000095,	0.000065,	0.000799
848,	0.000045,	0.000095,	0.000075,	0.000799
849,	0.000045,	0.000095,	0.000085,	0.000800
850,	0.000045,	0.000095,	0.000095,	0.000800
877,	0.000055,	0.000005,	0.000005,	0.000800
878,	0.000055,	0.000005,	0.000015,	0.000800
879,	0.000055,	0.000005,	0.000025,	0.000800
880,	0.000055,	0.000005,	0.000035,	0.000799
881,	0.000055,	0.000005,	0.000045,	0.000799
882,	0.000055,	0.000005,	0.000055,	0.000799
883,	0.000055,	0.000005,	0.000065,	0.000799
884,	0.000055,	0.000005,	0.000075,	0.000800
885,	0.000055,	0.000005,	0.000085,	0.000800
886,	0.000055,	0.000005,	0.000095,	0.000800
889,	0.000055,	0.000015,	0.000005,	0.000800
890,	0.000055,	0.000015,	0.000015,	0.000799
891,	0.000055,	0.000015,	0.000025,	0.000798
892,	0.000055,	0.000015,	0.000035,	0.000798
893,	0.000055,	0.000015,	0.000045,	0.000797
894,	0.000055,	0.000015,	0.000055,	0.000797
895,	0.000055,	0.000015,	0.000065,	0.000798
896,	0.000055,	0.000015,	0.000075,	0.000798
897,	0.000055,	0.000015,	0.000085,	0.000799
898,	0.000055,	0.000015,	0.000095,	0.000800
901,	0.000055,	0.000025,	0.000005,	0.000799
902,	0.000055,	0.000025,	0.000015,	0.000798
903,	0.000055,	0.000025,	0.000025,	0.000797
904,	0.000055,	0.000025,	0.000035,	0.000796
905,	0.000055,	0.000025,	0.000045,	0.000794
906,	0.000055,	0.000025,	0.000055,	0.000794
907,	0.000055,	0.000025,	0.000065,	0.000796
908,	0.000055,	0.000025,	0.000075,	0.000797
909,	0.000055,	0.000025,	0.000085,	0.000798
910,	0.000055,	0.000025,	0.000095,	0.000800
913,	0.000055,	0.000035,	0.000005,	0.000799
914,	0.000055,	0.000035,	0.000015,	0.000798
915,	0.000055,	0.000035,	0.000025,	0.000795
916,	0.000055,	0.000035,	0.000035,	0.000792
917,	0.000055,	0.000035,	0.000045,	0.000785
918,	0.000055,	0.000035,	0.000055,	0.000785
919,	0.000055,	0.000035,	0.000065,	0.000792
920,	0.000055,	0.000035,	0.000075,	0.000796
921,	0.000055,	0.000035,	0.000085,	0.000798
922,	0.000055,	0.000035,	0.000095,	0.000799
925,	0.000055,	0.000045,	0.000005,	0.000799
926,	0.000055,	0.000045,	0.000015,	0.000797
927,	0.000055,	0.000045,	0.000025,	0.000794
928,	0.000055,	0.000045,	0.000035,	0.000783
929,	0.000055,	0.000045,	0.000045,	0.000755
930,	0.000055,	0.000045,	0.000055,	0.000757
931,	0.000055,	0.000045,	0.000065,	0.000784
932,	0.000055,	0.000045,	0.000075,	0.000794
933,	0.000055,	0.000045,	0.000085,	0.000797
934,	0.000055,	0.000045,	0.000095,	0.000799
937,	0.000055,	0.000055,	0.000005,	0.000799
938,	0.000055,	0.000055,	0.000015,	0.000797
939,	0.000055,	0.000055,	0.000025,	0.000793
940,	0.000055,	0.000055,	0.000035,	0.000780
941,	0.000055,	0.000055,	0.000045,	0.000748
942,	0.000055,	0.000055,	0.000055,	0.000749
943,	0.000055,	0.000055,	0.000065,	0.000781
944,	0.000055,	0.000055,	0.000075,	0.000793
945,	0.000055,	0.000055,	0.000085,	0.000797
946,	0.000055,	0.000055,	0.000095,	0.000799
949,	0.000055,	0.000065,	0.000005,	0.000799
950,	0.000055,	0.000065,	0.000015,	0.000797
951,	0.000055,	0.000065,	0.000025,	0.000795
952,	0.000055,	0.000065,	0.000035,	0.000790
953,	0.000055,	0.000065,	0.000045,	0.000778
954,	0.000055,	0.000065,	0.000055,	0.000778
955,	0.000055,	0.000065,	0.000065,	0.000790
956,	0.000055,	0.000065,	0.000075,	0.000795
957,	0.000055,	0.000065,	0.000085,	0.000798
958,	0.000055,	0.000065,	0.000095,	0.000799
961,	0.000055,	0.000075,	0.000005,	0.000799
962,	0.000055,	0.000075,	0.000015,	0.000798
963,	0.000055,	0.000075,	0.000025,	0.000797
964,	0.000055,	0.000075,	0.000035,	0.000795
965,	0.000055,	0.000075,	0.000045,	0.000793
966,	0.000055,	0.000075,	0.000055,	0.000793
967,	0.000055,	0.000075,	0.000065,	0.000795
968,	0.000055,	0.000075,	0.000075,	0.000797
969,	0.000055,	0.000075,	0.000085,	0.000798
970,	0.000055,	0.000075,	0.000095,	0.000799
973,	0.000055,	0.000085,	0.000005,	0.000800
974,	0.000055,	0.000085,	0.000015,	0.000799
975,	0.000055,	0.000085,	0.000025,	0.000798
976,	0.000055,	0.000085,	0.000035,	0.000797
977,	0.000055,	0.000085,	0.000045,	0.000797
978,	0.000055,	0.000085,	0.000055,	0.000797
979,	0.000055,	0.000085,	0.000065,	0.000797
980,	0.000055,	0.000085,	0.000075,	0.000798
981,	0.000055,	0.000085,	0.000085,	0.000799
982,	0.000055,	0.000085,	0.000095,	0.000800
985,	0.000055,	0.000095,	0.000005,	0.000800
986,	0.000055,	0.000095,	0.000015,	0.000800
987,	0.000055,	0.000095,	0.000025,	0.000799
988,	0.000055,	0.000095,	0.000035,	0.000799
989,	0.000055,	0.000095,	0.000045,	0.000799
990,	0.000055,	0.000095,	0.000055,	0.000799
991,	0.000055,	0.000095,	0.000065,	0.000799
992,	0.000055,	0.000095,	0.000075,	0.000799
993,	0.000055,	0.000095,	0.000085,	0.000800
994,	0.000055,	0.000095,	0.000095,	0.000800
1021,	0.000065,	0.000005,	0.000005,	0.000800
1022,	0.000065,	0.000005,	0.000015,	0.000800
1023,	0.000065,	0.000005,	0.000025,	0.000800
1024,	0.000065,	0.000005,	0.000035,	0.000799
1025,	0.000065,	0.000005,	0.000045,	0.000799
1026,	0.000065,	0.000005,	0.000055,	0.000799
1027,	0.000065,	0.000005,	0.000065,	0.000799
1028,	0.000065,	0.000005,	0.000075,	0.000800
1029,	0.000065,	0.000005,	0.000085,	0.000800
1030,	0.000065,	0.000005,	0.000095,	0.000800
1033,	0.000065,	0.000015,	0.000005,	0.000800
1034,	0.000065,	0.000015,	0.000015,	0.000799
1035,	0.000065,	0.000015,	0.000025,	0.000799
1036,	0.000065,	0.000015,	0.000035,	0.000798
1037,	0.000065,	0.000015,	0.000045,	0.000798
1038,	0.000065,	0.000015,	0.000055,	0.000798
1039,	0.000065,	0.000015,	0.000065,	0.000798
1040,	0.000065,	0.000015,	0.000075,	0.000799
1041,	0.000065,	0.000015,	0.000085,	0.000799
1042,	0.000065,	0.000015,	0.000095,	0.000800
1045,	0.000065,	0.000025,	0.000005,	0.000800
1046,	0.000065,	0.000025,	0.000015,	0.000799
1047,	0.000065,	0.000025,	0.000025,	0.000798
1048,	0.000065,	0.000025,	0.000035,	0.000796
1049,	0.000065,	0.000025,	0.000045,	0.000796
1050,	0.000065,	0.000025,	0.000055,	0.000796
1051,	0.000065,	0.000025,	0.000065,	0.000797
1052,	0.000065,	0.000025,	0.000075,	0.000798
1053,	0.000065,	0.000025,	0.000085,	0.000799
1054,	0.000065,	0.000025,	0.000095,	0.000800
1057,	0.000065,	0.000035,	0.000005,	0.000799
1058,	0.000065,	0.000035,	0.000015,	0.000798
1059,	0.000065,	0.000035,	0.000025,	0.000796
1060,	0.000065,	0.000035,	0.000035,	0.000794
1061,	0.000065,	0.000035,	0.000045,	0.000792
1062,	0.000065,	0.000035,	0.000055,	0.000792
1063,	0.000065,	0.000035,	0.000065,	0.000794
1064,	0.000065,	0.000035,	0.000075,	0.000796
1065,	0.000065,	0.000035,	0.000085,	0.000798
1066,	0.000065,	0.000035,	0.000095,	0.000799
1069,	0.000065,	0.000045,	0.000005,	0.000799
1070,	0.000065,	0.000045,	0.000015,	0.000798
1071,	0.000065,	0.000045,	0.000025,	0.000795
1072,	0.000065,	0.000045,	0.000035,	0.000791
1073,	0.000065,	0.000045,	0.000045,	0.000783
1074,	0.000065,	0.000045,	0.000055,	0.000783
1075,	0.000065,	0.000045,	0.000065,	0.000791
1076,	0.000065,	0.000045,	0.000075,	0.000795
1077,	0.000065,	0.000045,	0.000085,	0.000798
1078,	0.000065,	0.000045,	0.000095,	0.000799
1081,	0.000065,	0.000055,	0.000005,	0.000799
1082,	0.000065,	0.000055,	0.000015,	0.000797
1083,	0.000065,	0.000055,	0.000025,	0.000795
1084,	0.000065,	0.000055,	0.000035,	0.000790
1085,	0.000065,	0.000055,	0.000045,	0.000780
1086,	0.000065,	0.000055,	0.000055,	0.000780
1087,	0.000065,	0.000055,	0.000065,	0.000790
1088,	0.000065,	0.000055,	0.000075,	0.000795
1089,	0.000065,	0.000055,	0.000085,	0.000798
1090,	0.000065,	0.000055,	0.000095,	0.000799
1093,	0.000065,	0.000065,	0.000005,	0.000799
1094,	0.000065,	0.000065,	0.000015,	0.000798
1095,	0.000065,	0.000065,	0.000025,	0.000796
1096,	0.000065,	0.000065,	0.000035,	0.000793
1097,	0.000065,	0.000065,	0.000045,	0.000789
1098,	0.000065,	0.000065,	0.000055,	0.000790
1099,	0.000065,	0.000065,	0.000065,	0.000793
1100,	0.000065,	0.000065,	0.000075,	0.000796
1101,	0.000065,	0.000065,	0.000085,	0.000798
1102,	0.000065,	0.000065,	0.000095,	0.000799
1105,	0.000065,	0.000075,	0.000005,	0.000800
1106,	0.000065,	0.000075,	0.000015,	0.000799
1107,	0.000065,	0.000075,	0.000025,	0.000797
1108,	0.000065,	0.000075,	0.000035,	0.000796
1109,	0.000065,	0.000075,	0.000045,	0.000795
1110,	0.000065,	0.000075,	0.000055,	0.000795
1111,	0.000065,	0.000075,	0.000065,	0.000796
1112,	0.000065,	0.000075,	0.000075,	0.000797
1113,	0.000065,	0.000075,	0.000085,	0.000799
1114,	0.000065,	0.000075,	0.000095,	0.000800
1117,	0.000065,	0.000085,	0.000005,	0.000800
1118,	0.000065,	0.000085,	0.000015,	0.000799
1119,	0.000065,	0.000085,	0.000025,	0.000798
1120,	0.000065,	0.000085,	0.000035,	0.000798
1121,	0.000065,	0.000085,	0.000045,	0.000797
1122,	0.000065,	0.000085,	0.000055,	0.000797
1123,	0.000065,	0.000085,	0.000065,	0.000798
1124,	0.000065,	0.000085,	0.000075,	0.000799
1125,	0.000065,	0.000085,	0.000085,	0.000799
1126,	0.000065,	0.000085,	0.000095,	0.000800
1129,	0.000065,	0.000095,	0.000005,	0.000800
1130,	0.000065,	0.000095,	0.000015,	0.000800
1131,	0.000065,	0.000095,	0.000025,	0.000800
1132,	0.000065,	0.000095,	0.000035,	0.000799
1133,	0.000065,	0.000095,	0.000045,	0.000799
1134,	0.000065,	0.000095,	0.000055,	0.000799
1135,	0.000065,	0.000095,	0.000065,	0.000799
1136,	0.000065,	0.000095,	0.000075,	0.000800
1137,	0.000065,	0.000095,	0.000085,	0.000800
1138,	0.000065,	0.000095,	0.000095,	0.000800
1165,	0.000075,	0.000005,	0.000005,	0.000800
1166,	0.000075,	0.000005,	0.000015,	0.000800
1167,	0.000075,	0.000005,	0.000025,	0.000800
1168,	0.000075,	0.000005,	0.000035,	0.000800
1169,	0.000075,	0.000005,	0.000045,	0.000800
1170,	0.000075,	0.000005,	0.000055,	0.000800
1171,	0.000075,	0.000005,	0.000065,	0.000800
1172,	0.000075,	0.000005,	0.000075,	0.000800
1173,	0.000075,	0.000005,	0.000085,	0.000800
1174,	0.000075,	0.000005,	0.000095,	0.000800
1177,	0.000075,	0.000015,	0.000005,	0.000800
1178,	0.000075,	0.000015,	0.000015,	0.000799
1179,	0.000075,	0.000015,	0.000025,	0.000799
1180,	0.000075,	0.000015,	0.000035,	0.000799
1181,	0.000075,	0.000015,	0.000045,	0.000798
1182,	0.000075,	0.000015,	0.000055,	0.000798
1183,	0.000075,	0.000015,	0.000065,	0.000799
1184,	0.000075,	0.000015,	0.000075,	0.000799
1185,	0.000075,	0.000015,	0.000085,	0.000799
1186,	0.000075,	0.000015,	0.000095,	0.000800
1189,	0.000075,	0.000025,	0.000005,	0.000800
1190,	0.000075,	0.000025,	0.000015,	0.000799
1191,	0.000075,	0.000025,	0.000025,	0.000798
1192,	0.000075,	0.000025,	0.000035,	0.000798
1193,	0.000075,	0.000025,	0.000045,	0.000797
1194,	0.000075,	0.000025,	0.000055,	0.000797
1195,	0.000075,	0.000025,	0.000065,	0.000798
1196,	0.000075,	0.000025,	0.000075,	0.000798
1197,	0.000075,	0.000025,	0.000085,	0.000799
1198,	0.000075,	0.000025,	0.000095,	0.000800
1201,	0.000075,	0.000035,	0.000005,	0.000800
1202,	0.000075,	0.000035,	0.000015,	0.000799
1203,	0.000075,	0.000035,	0.000025,	0.000798
1204,	0.000075,	0.000035,	0.000035,	0.000796
1205,	0.000075,	0.000035,	0.000045,	0.000795
1206,	0.000075,	0.000035,	0.000055,	0.000795
1207,	0.000075,	0.000035,	0.000065,	0.000796
1208,	0.000075,	0.000035,	0.000075,	0.000798
1209,	0.000075,	0.000035,	0.000085,	0.000799
1210,	0.000075,	0.000035,	0.000095,	0.000800
1213,	0.000075,	0.000045,	0.000005,	0.000799
1214,	0.000075,	0.000045,	0.000015,	0.000798
1215,	0.000075,	0.000045,	0.000025,	0.000797
1216,	0.000075,	0.000045,	0.000035,	0.000795
1217,	0.000075,	0.000045,	0.000045,	0.000794
1218,	0.000075,	0.000045,	0.000055,	0.000794
1219,	0.000075,	0.000045,	0.000065,	0.000795
1220,	0.000075,	0.000045,	0.000075,	0.000797
1221,	0.000075,	0.000045,	0.000085,	0.000798
1222,	0.000075,	0.000045,	0.000095,	0.000799
1225,	0.000075,	0.000055,	0.000005,	0.000799
1226,	0.000075,	0.000055,	0.000015,	0.000798
1227,	0.000075,	0.000055,	0.000025,	0.000797
1228,	0.000075,	0.000055,	0.000035,	0.000795
1229,	0.000075,	0.000055,	0.000045,	0.000793
1230,	0.000075,	0.000055,	0.000055,	0.000793
1231,	0.000075,	0.000055,	0.000065,	0.000795
1232,	0.000075,	0.000055,	0.000075,	0.000797
1233,	0.000075,	0.000055,	0.000085,	0.000798
1234,	0.000075,	0.000055,	0.000095,	0.000799
1237,	0.000075,	0.000065,	0.000005,	0.000800
1238,	0.000075,	0.000065,	0.000015,	0.000799
1239,	0.000075,	0.000065,	0.000025,	0.000797
1240,	0.000075,	0.000065,	0.000035,	0.000796
1241,	0.000075,	0.000065,	0.000045,	0.000795
1242,	0.000075,	0.000065,	0.000055,	0.000795
1243,	0.000075,	0.000065,	0.000065,	0.000796
1244,	0.000075,	0.000065,	0.000075,	0.000797
1245,	0.000075,	0.000065,	0.000085,	0.000799
1246,	0.000075,	0.000065,	0.000095,	0.000800
1249,	0.000075,	0.000075,	0.000005,	0.000800
1250,	0.000075,	0.000075,	0.000015,	0.000799
1251,	0.000075,	0.000075,	0.000025,	0.000798
1252,	0.000075,	0.000075,	0.000035,	0.000797
1253,	0.000075,	0.000075,	0.000045,	0.000797
1254,	0.000075,	0.000075,	0.000055,	0.000797
1255,	0.000075,	0.000075,	0.000065,	0.000797
1256,	0.000075,	0.000075,	0.000075,	0.000798
1257,	0.000075,	0.000075,	0.000085,	0.000799
1258,	0.000075,	0.000075,	0.000095,	0.000800
1261,	0.000075,	0.000085,	0.000005,	0.000800
1262,	0.000075,	0.000085,	0.000015,	0.000799
1263,	0.000075,	0.000085,	0.000025,	0.000799
1264,	0.000075,	0.000085,	0.000035,	0.000798
1265,	0.000075,	0.000085,	0.000045,	0.000798
1266,	0.000075,	0.000085,	0.000055,	0.000798
1267,	0.000075,	0.000085,	0.000065,	0.000799
1268,	0.000075,	0.000085,	0.000075,	0.000799
1269,	0.000075,	0.000085,	0.000085,	0.000799
1270,	0.000075,	0.000085,	0.000095,	0.000800
1273,	0.000075,	0.000095,	0.000005,	0.000800
1274,	0.000075,	0.000095,	0.000015,	0.000800
1275,	0.000075,	0.000095,	0.000025,	0.000800
1276,	0.000075,	0.000095,	0.000035,	0.000800
1277,	0.000075,	0.000095,	0.000045,	0.000799
1278,	0.000075,	0.000095,	0.000055,	0.000799
1279,	0.000075,	0.000095,	0.000065,	0.000800
1280,	0.000075,	0.000095,	0.000075,	0.000800
1281,	0.000075,	0.000095,	0.000085,	0.000800
1282,	0.000075,	0.000095,	0.000095,	0.000800
1309,	0.000085,	0.000005,	0.000005,	0.000800
1310,	0.000085,	0.000005,	0.000015,	0.000800
1311,	0.000085,	0.000005,	0.000025,	0.000800
1312,	0.000085,	0.000005,	0.000035,	0.000800
1313,	0.000085,	0.000005,	0.000045,	0.000800
1314,	0.000085,	0.000005,	0.000055,	0.000800
1315,	0.000085,	0.000005,	0.000065,	0.000800
1316,	0.000085,	0.000005,	0.000075,	0.000800
1317,	0.000085,	0.000005,	0.000085,	0.000800
1318,	0.000085,	0.000005,	0.000095,	0.000800
1321,	0.000085,	0.000015,	0.000005,	0.000800
1322,	0.000085,	0.000015,	0.000015,	0.000800
1323,	0.000085,	0.000015,	0.000025,	0.000799
1324,	0.000085,	0.000015,	0.000035,	0.000799
1325,	0.000085,	0.000015,	0.000045,	0.000799
1326,	0.000085,	0.000015,	0.000055,	0.000799
1327,	0.000085,	0.000015,	0.000065,	0.000799
1328,	0.000085,	0.000015,	0.000075,	0.000799
1329,	0.000085,	0.000015,	0.000085,	0.000800
1330,	0.000085,	0.000015,	0.000095,	0.000800
1333,	0.000085,	0.000025,	0.000005,	0.000800
1334,	0.000085,	0.000025,	0.000015,	0.000799
1335,	0.000085,	0.000025,	0.000025,	0.000799
1336,	0.000085,	0.000025,	0.000035,	0.000799
1337,	0.000085,	0.000025,	0.000045,	0.000798
1338,	0.000085,	0.000025,	0.000055,	0.000798
1339,	0.000085,	0.000025,	0.000065,	0.000799
1340,	0.000085,	0.000025,	0.000075,	0.000799
1341,	0.000085,	0.000025,	0.000085,	0.000799
1342,	0.000085,	0.000025,	0.000095,	0.000800
1345,	0.000085,	0.000035,	0.000005,	0.000800
1346,	0.000085,	0.000035,	0.000015,	0.000799
1347,	0.000085,	0.000035,	0.000025,	0.000799
1348,	0.000085,	0.000035,	0.000035,	0.000798
1349,	0.000085,	0.000035,	0.000045,	0.000798
1350,	0.000085,	0.000035,	0.000055,	0.000798
1351,	0.000085,	0.000035,	0.000065,	0.000798
1352,	0.000085,	0.000035,	0.000075,	0.000799
1353,	0.000085,	0.000035,	0.000085,	0.000799
1354,	0.000085,	0.000035,	0.000095,	0.000800
1357,	0.000085,	0.000045,	0.000005,	0.000800
1358,	0.000085,	0.000045,	0.000015,	0.000799
1359,	0.000085,	0.000045,	0.000025,	0.000798
1360,	0.000085,	0.000045,	0.000035,	0.000798
1361,	0.000085,	0.000045,	0.000045,	0.000797
1362,	0.000085,	0.000045,	0.000055,	0.000797
1363,	0.000085,	0.000045,	0.000065,	0.000798
1364,	0.000085,	0.000045,	0.000075,	0.000798
1365,	0.000085,	0.000045,	0.000085,	0.000799
1366,	0.000085,	0.000045,	0.000095,	0.000800
1369,	0.000085,	0.000055,	0.000005,	0.000800
1370,	0.000085,	0.000055,	0.000015,	0.000799
1371,	0.000085,	0.000055,	0.000025,	0.000798
1372,	0.000085,	0.000055,	0.000035,	0.000797
1373,	0.000085,	0.000055,	0.000045,	0.000797
1374,	0.000085,	0.000055,	0.000055,	0.000797
1375,	0.000085,	0.000055,	0.000065,	0.000798
1376,	0.000085,	0.000055,	0.000075,	0.000798
1377,	0.000085,	0.000055,	0.000085,	0.000799
1378,	0.000085,	0.000055,	0.000095,	0.000800
1381,	0.000085,	0.000065,	0.000005,	0.000800
1382,	0.000085,	0.000065,	0.000015,	0.000799
1383,	0.000085,	0.000065,	0.000025,	0.000799
1384,	0.000085,	0.000065,	0.000035,	0.000798
1385,	0.000085,	0.000065,	0.000045,	0.000797
1386,	0.000085,	0.000065,	0.000055,	0.000797
1387,	0.000085,	0.000065,	0.000065,	0.000798
1388,	0.000085,	0.000065,	0.000075,	0.000799
1389,	0.000085,	0.000065,	0.000085,	0.000799
1390,	0.000085,	0.000065,	0.000095,	0.000800
1393,	0.000085,	0.000075,	0.000005,	0.000800
1394,	0.000085,	0.000075,	0.000015,	0.000799
1395,	0.000085,	0.000075,	0.000025,	0.000799
1396,	0.000085,	0.000075,	0.000035,	0.000799
1397,	0.000085,	0.000075,	0.000045,	0.000798
1398,	0.000085,	0.000075,	0.000055,	0.000798
1399,	0.000085,	0.000075,	0.000065,	0.000799
1400,	0.000085,	0.000075,	0.000075,	0.000799
1401,	0.000085,	0.000075,	0.000085,	0.000799
1402,	0.000085,	0.000075,	0.000095,	0.000800
1405,	0.000085,	0.000085,	0.000005,	0.000800
1406,	0.000085,	0.000085,	0.000015,	0.000800
1407,	0.000085,	0.000085,	0.000025,	0.000799
1408,	0.000085,	0.000085,	0.000035,	0.000799
1409,	0.000085,	0.000085,	0.000045,	0.000799
1410,	0.000085,	0.000085,	0.000055,	0.000799
1411,	0.000085,	0.000085,	0.000065,	0.000799
1412,	0.000085,	0.000085,	0.000075,	0.000799
1413,	0.000085,	0.000085,	0.000085,	0.000800
1414,	0.000085,	0.000085,	0.000095,	0.000800
1417,	0.000085,	0.000095,	0.000005,	0.000800
1418,	0.000085,	0.000095,	0.000015,	0.000800
1419,	0.000085,	0.000095,	0.000025,	0.000800
1420,	0.000085,	0.000095,	0.000035,	0.000800
1421,	0.000085,	0.000095,	0.000045,	0.000800
1422,	0.000085,	0.000095,	0.000055,	0.000800
1423,	0.000085,	0.000095,	0.000065,	0.000800
1424,	0.000085,	0.000095,	0.000075,	0.000800
1425,	0.000085,	0.000095,	0.000085,	0.000800
1426,	0.000085,	0.000095,	0.000095,	0.000800
1453,	0.000095,	0.000005,	0.000005,	0.000800
1454,	0.000095,	0.000005,	0.000015,	0.000800
1455,	0.000095,	0.000005,	0.000025,	0.000800
1456,	0.000095,	0.000005,	0.000035,	0.000800
1457,	0.000095,	0.000005,	0.000045,	0.000800
1458,	0.000095,	0.000005,	0.000055,	0.000800
1459,	0.000095,	0.000005,	0.000065,	0.000800
1460,	0.000095,	0.000005,	0.000075,	0.000800
1461,	0.000095,	0.000005,	0.000085,	0.000800
1462,	0.000095,	0.000005,	0.000095,	0.000800
1465,	0.000095,	0.000015,	0.000005,	0.000800
1466,	0.000095,	0.000015,	0.000015,	0.000800
1467,	0.000095,	0.000015,	0.000025,	0.000800
1468,	0.000095,	0.000015,	0.000035,	0.000800
1469,	0.000095,	0.000015,	0.000045,	0.000800
1470,	0.000095,	0.000015,	0.000055,	0.000800
1471,	0.000095,	0.000015,	0.000065,	0.000800
1472,	0.000095,	0.000015,	0.000075,	0.000800
1473,	0.000095,	0.000015,	0.000085,	0.000800
1474,	0.000095,	0.000015,	0.000095,	0.000800
1477,	0.000095,	0.000025,	0.000005,	0.000800
1478,	0.000095,	0.000025,	0.000015,	0.000800
1479,	0.000095,	0.000025,	0.000025,	0.000800
1480,	0.000095,	0.000025,	0.000035,	0.000800
1481,	0.000095,	0.000025,	0.000045,	0.000799
1482,	0.000095,	0.000025,	0.000055,	0.000799
1483,	0.000095,	0.000025,	0.000065,	0.000800
1484,	0.000095,	0.000025,	0.000075,	0.000800
1485,	0.000095,	0.000025,	0.000085,	0.000800
1486,	0.000095,	0.000025,	0.000095,	0.000800
1489,	0.000095,	0.000035,	0.000005,	0.000800
1490,	0.000095,	0.000035,	0.000015,	0.000800
1491,	0.000095,	0.000035,	0.000025,	0.000800
1492,	0.000095,	0.000035,	0.000035,	0.000799
1493,	0.000095,	0.000035,	0.000045,	0.000799
1494,	0.000095,	0.000035,	0.000055,	0.000799
1495,	0.000095,	0.000035,	0.000065,	0.000799
1496,	0.000095,	0.000035,	0.000075,	0.000800
1497,	0.000095,	0.000035,	0.000085,	0.000800
1498,	0.000095,	0.000035,	0.000095,	0.000800
1501,	0.000095,	0.000045,	0.000005,	0.000800
1502,	0.000095,	0.000045,	0.000015,	0.000800
1503,	0.000095,	0.000045,	0.000025,	0.000799
1504,	0.000095,	0.000045,	0.000035,	0.000799
1505,	0.000095,	0.000045,	0.000045,	0.000799
1506,	0.000095,	0.000045,	0.000055,	0.000799
1507,	0.000095,	0.000045,	0.000065,	0.000799
1508,	0.000095,	0.000045,	0.000075,	0.000799
1509,	0.000095,	0.000045,	0.000085,	0.000800
1510,	0.000095,	0.000045,	0.000095,	0.000800
1513,	0.000095,	0.000055,	0.000005,	0.000800
1514,	0.000095,	0.000055,	0.000015,	0.000800
1515,	0.000095,	0.000055,	0.000025,	0.000799
1516,	0.000095,	0.000055,	0.000035,	0.000799
1517,	0.000095,	0.000055,	0.000045,	0.000799
1518,	0.000095,	0.000055,	0.000055,	0.000799
1519,	0.000095,	0.000055,	0.000065,	0.000799
1520,	0.000095,	0.000055,	0.000075,	0.000799
1521,	0.000095,	0.000055,	0.000085,	0.000800
1522,	0.000095,	0.000055,	0.000095,	0.000800
1525,	0.000095,	0.000065,	0.000005,	0.000800
1526,	0.000095,	0.000065,	0.000015,	0.000800
1527,	0.000095,	0.000065,	0.000025,	0.000800
1528,	0.000095,	0.000065,	0.000035,	0.000799
1529,	0.000095,	0.000065,	0.000045,	0.000799
1530,	0.000095,	0.000065,	0.000055,	0.000799
1531,	0.000095,	0.000065,	0.000065,	0.000799
1532,	0.000095,	0.000065,	0.000075,	0.000800
1533,	0.000095,	0.000065,	0.000085,	0.000800
1534,	0.000095,	0.000065,	0.000095,	0.000800
1537,	0.000095,	0.000075,	0.000005,	0.000800
1538,	0.000095,	0.000075,	0.000015,	0.000800
1539,	0.000095,	0.000075,	0.000025,	0.000800
1540,	0.000095,	0.000075,	0.000035,	0.000800
1541,	0.000095,	0.000075,	0.000045,	0.000799
1542,	0.000095,	0.000075,	0.000055,	0.000799
1543,	0.000095,	0.000075,	0.000065,	0.000800
1544,	0.000095,	0.000075,	0.000075,	0.000800
1545,	0.000095,	0.000075,	0.000085,	0.000800
1546,	0.000095,	0.000075,	0.000095,	0.000800
1549,	0.000095,	0.000085,	0.000005,	0.000800
1550,	0.000095,	0.000085,	0.000015,	0.000800
1551,	0.000095,	0.000085,	0.000025,	0.000800
1552,	0.000095,	0.000085,	0.000035,	0.000800
1553,	0.000095,	0.000085,	0.000045,	0.000800
1554,	0.000095,	0.000085,	0.000055,	0.000800
1555,	0.000095,	0.000085,	0.000065,	0.000800
1556,	0.000095,	0.000085,	0.000075,	0.000800
1557,	0.000095,	0.000085,	0.000085,	0.000800
1558,	0.000095,	0.000085,	0.000095,	0.000800
1561,	0.000095,	0.000095,	0.000005,	0.000800
1562,	0.000095,	0.000095,	0.000015,	0.000800
1563,	0.000095,	0.000095,	0.000025,	0.000800
1564,	0.000095,	0.000095,	0.000035,	0.000800
1565,	0.000095,	0.000095,	0.000045,	0.000800
1566,	0.000095,	0.000095,	0.000055,	0.000800
1567,	0.000095,	0.000095,	0.000065,	0.000800
1568,	0.000095,	0.000095,	0.000075,	0.000800
1569,	0.000095,	0.000095,	0.000085,	0.000800
1570,	0.000095,	0.000095,	0.000095,	0.000800
