,x,y,z,scalar,1,1,1,0.5
157,	0.000005,	0.000005,	0.000005,	0.000800
158,	0.000005,	0.000005,	0.000015,	0.000800
159,	0.000005,	0.000005,	0.000025,	0.000800
160,	0.000005,	0.000005,	0.000035,	0.000800
161,	0.000005,	0.000005,	0.000045,	0.000800
162,	0.000005,	0.000005,	0.000055,	0.000800
163,	0.000005,	0.000005,	0.000065,	0.000800
164,	0.000005,	0.000005,	0.000075,	0.000800
165,	0.000005,	0.000005,	0.000085,	0.000800
166,	0.000005,	0.000005,	0.000095,	0.000800
169,	0.000005,	0.000015,	0.000005,	0.000800
170,	0.000005,	0.000015,	0.000015,	0.000800
171,	0.000005,	0.000015,	0.000025,	0.000800
172,	0.000005,	0.000015,	0.000035,	0.000800
173,	0.000005,	0.000015,	0.000045,	0.000800
174,	0.000005,	0.000015,	0.000055,	0.000800
175,	0.000005,	0.000015,	0.000065,	0.000800
176,	0.000005,	0.000015,	0.000075,	0.000800
177,	0.000005,	0.000015,	0.000085,	0.000800
178,	0.000005,	0.000015,	0.000095,	0.000800
181,	0.000005,	0.000025,	0.000005,	0.000800
182,	0.000005,	0.000025,	0.000015,	0.000800
183,	0.000005,	0.000025,	0.000025,	0.000800
184,	0.000005,	0.000025,	0.000035,	0.000800
185,	0.000005,	0.000025,	0.000045,	0.000800
186,	0.000005,	0.000025,	0.000055,	0.000800
187,	0.000005,	0.000025,	0.000065,	0.000800
188,	0.000005,	0.000025,	0.000075,	0.000800
189,	0.000005,	0.000025,	0.000085,	0.000800
190,	0.000005,	0.000025,	0.000095,	0.000800
193,	0.000005,	0.000035,	0.000005,	0.000800
194,	0.000005,	0.000035,	0.000015,	0.000800
195,	0.000005,	0.000035,	0.000025,	0.000800
196,	0.000005,	0.000035,	0.000035,	0.000800
197,	0.000005,	0.000035,	0.000045,	0.000800
198,	0.000005,	0.000035,	0.000055,	0.000800
199,	0.000005,	0.000035,	0.000065,	0.000800
200,	0.000005,	0.000035,	0.000075,	0.000800
201,	0.000005,	0.000035,	0.000085,	0.000800
202,	0.000005,	0.000035,	0.000095,	0.000800
205,	0.000005,	0.000045,	0.000005,	0.000800
206,	0.000005,	0.000045,	0.000015,	0.000800
207,	0.000005,	0.000045,	0.000025,	0.000800
208,	0.000005,	0.000045,	0.000035,	0.000800
209,	0.000005,	0.000045,	0.000045,	0.000800
210,	0.000005,	0.000045,	0.000055,	0.000800
211,	0.000005,	0.000045,	0.000065,	0.000800
212,	0.000005,	0.000045,	0.000075,	0.000800
213,	0.000005,	0.000045,	0.000085,	0.000800
214,	0.000005,	0.000045,	0.000095,	0.000800
217,	0.000005,	0.000055,	0.000005,	0.000800
218,	0.000005,	0.000055,	0.000015,	0.000800
219,	0.000005,	0.000055,	0.000025,	0.000800
220,	0.000005,	0.000055,	0.000035,	0.000800
221,	0.000005,	0.000055,	0.000045,	0.000800
222,	0.000005,	0.000055,	0.000055,	0.000800
223,	0.000005,	0.000055,	0.000065,	0.000800
224,	0.000005,	0.000055,	0.000075,	0.000800
225,	0.000005,	0.000055,	0.000085,	0.000800
226,	0.000005,	0.000055,	0.000095,	0.000800
229,	0.000005,	0.000065,	0.000005,	0.000800
230,	0.000005,	0.000065,	0.000015,	0.000800
231,	0.000005,	0.000065,	0.000025,	0.000800
232,	0.000005,	0.000065,	0.000035,	0.000800
233,	0.000005,	0.000065,	0.000045,	0.000800
234,	0.000005,	0.000065,	0.000055,	0.000800
235,	0.000005,	0.000065,	0.000065,	0.000800
236,	0.000005,	0.000065,	0.000075,	0.000800
237,	0.000005,	0.000065,	0.000085,	0.000800
238,	0.000005,	0.000065,	0.000095,	0.000800
241,	0.000005,	0.000075,	0.000005,	0.000800
242,	0.000005,	0.000075,	0.000015,	0.000800
243,	0.000005,	0.000075,	0.000025,	0.000800
244,	0.000005,	0.000075,	0.000035,	0.000800
245,	0.000005,	0.000075,	0.000045,	0.000800
246,	0.000005,	0.000075,	0.000055,	0.000800
247,	0.000005,	0.000075,	0.000065,	0.000800
248,	0.000005,	0.000075,	0.000075,	0.000800
249,	0.000005,	0.000075,	0.000085,	0.000800
250,	0.000005,	0.000075,	0.000095,	0.000800
253,	0.000005,	0.000085,	0.000005,	0.000800
254,	0.000005,	0.000085,	0.000015,	0.000800
255,	0.000005,	0.000085,	0.000025,	0.000800
256,	0.000005,	0.000085,	0.000035,	0.000800
257,	0.000005,	0.000085,	0.000045,	0.000800
258,	0.000005,	0.000085,	0.000055,	0.000800
259,	0.000005,	0.000085,	0.000065,	0.000800
260,	0.000005,	0.000085,	0.000075,	0.000800
261,	0.000005,	0.000085,	0.000085,	0.000800
262,	0.000005,	0.000085,	0.000095,	0.000800
265,	0.000005,	0.000095,	0.000005,	0.000800
266,	0.000005,	0.000095,	0.000015,	0.000800
267,	0.000005,	0.000095,	0.000025,	0.000800
268,	0.000005,	0.000095,	0.000035,	0.000800
269,	0.000005,	0.000095,	0.000045,	0.000800
270,	0.000005,	0.000095,	0.000055,	0.000800
271,	0.000005,	0.000095,	0.000065,	0.000800
272,	0.000005,	0.000095,	0.000075,	0.000800
273,	0.000005,	0.000095,	0.000085,	0.000800
274,	0.000005,	0.000095,	0.000095,	0.000800
301,	0.000015,	0.000005,	0.000005,	0.000800
302,	0.000015,	0.000005,	0.000015,	0.000800
303,	0.000015,	0.000005,	0.000025,	0.000800
304,	0.000015,	0.000005,	0.000035,	0.000800
305,	0.000015,	0.000005,	0.000045,	0.000800
306,	0.000015,	0.000005,	0.000055,	0.000800
307,	0.000015,	0.000005,	0.000065,	0.000800
308,	0.000015,	0.000005,	0.000075,	0.000800
309,	0.000015,	0.000005,	0.000085,	0.000800
310,	0.000015,	0.000005,	0.000095,	0.000800
313,	0.000015,	0.000015,	0.000005,	0.000800
314,	0.000015,	0.000015,	0.000015,	0.000800
315,	0.000015,	0.000015,	0.000025,	0.000800
316,	0.000015,	0.000015,	0.000035,	0.000800
317,	0.000015,	0.000015,	0.000045,	0.000800
318,	0.000015,	0.000015,	0.000055,	0.000800
319,	0.000015,	0.000015,	0.000065,	0.000800
320,	0.000015,	0.000015,	0.000075,	0.000800
321,	0.000015,	0.000015,	0.000085,	0.000800
322,	0.000015,	0.000015,	0.000095,	0.000800
325,	0.000015,	0.000025,	0.000005,	0.000800
326,	0.000015,	0.000025,	0.000015,	0.000800
327,	0.000015,	0.000025,	0.000025,	0.000800
328,	0.000015,	0.000025,	0.000035,	0.000799
329,	0.000015,	0.000025,	0.000045,	0.000799
330,	0.000015,	0.000025,	0.000055,	0.000799
331,	0.000015,	0.000025,	0.000065,	0.000799
332,	0.000015,	0.000025,	0.000075,	0.000800
333,	0.000015,	0.000025,	0.000085,	0.000800
334,	0.000015,	0.000025,	0.000095,	0.000800
337,	0.000015,	0.000035,	0.000005,	0.000800
338,	0.000015,	0.000035,	0.000015,	0.000800
339,	0.000015,	0.000035,	0.000025,	0.000799
340,	0.000015,	0.000035,	0.000035,	0.000799
341,	0.000015,	0.000035,	0.000045,	0.000799
342,	0.000015,	0.000035,	0.000055,	0.000799
343,	0.000015,	0.000035,	0.000065,	0.000799
344,	0.000015,	0.000035,	0.000075,	0.000799
345,	0.000015,	0.000035,	0.000085,	0.000800
346,	0.000015,	0.000035,	0.000095,	0.000800
349,	0.000015,	0.000045,	0.000005,	0.000800
350,	0.000015,	0.000045,	0.000015,	0.000800
351,	0.000015,	0.000045,	0.000025,	0.000799
352,	0.000015,	0.000045,	0.000035,	0.000799
353,	0.000015,	0.000045,	0.000045,	0.000799
354,	0.000015,	0.000045,	0.000055,	0.000799
355,	0.000015,	0.000045,	0.000065,	0.000799
356,	0.000015,	0.000045,	0.000075,	0.000799
357,	0.000015,	0.000045,	0.000085,	0.000800
358,	0.000015,	0.000045,	0.000095,	0.000800
361,	0.000015,	0.000055,	0.000005,	0.000800
362,	0.000015,	0.000055,	0.000015,	0.000800
363,	0.000015,	0.000055,	0.000025,	0.000799
364,	0.000015,	0.000055,	0.000035,	0.000799
365,	0.000015,	0.000055,	0.000045,	0.000799
366,	0.000015,	0.000055,	0.000055,	0.000799
367,	0.000015,	0.000055,	0.000065,	0.000799
368,	0.000015,	0.000055,	0.000075,	0.000799
369,	0.000015,	0.000055,	0.000085,	0.000800
370,	0.000015,	0.000055,	0.000095,	0.000800
373,	0.000015,	0.000065,	0.000005,	0.000800
374,	0.000015,	0.000065,	0.000015,	0.000800
375,	0.000015,	0.000065,	0.000025,	0.000799
376,	0.000015,	0.000065,	0.000035,	0.000799
377,	0.000015,	0.000065,	0.000045,	0.000799
378,	0.000015,	0.000065,	0.000055,	0.000799
379,	0.000015,	0.000065,	0.000065,	0.000799
380,	0.000015,	0.000065,	0.000075,	0.000799
381,	0.000015,	0.000065,	0.000085,	0.000800
382,	0.000015,	0.000065,	0.000095,	0.000800
385,	0.000015,	0.000075,	0.000005,	0.000800
386,	0.000015,	0.000075,	0.000015,	0.000800
387,	0.000015,	0.000075,	0.000025,	0.000800
388,	0.000015,	0.000075,	0.000035,	0.000799
389,	0.000015,	0.000075,	0.000045,	0.000799
390,	0.000015,	0.000075,	0.000055,	0.000799
391,	0.000015,	0.000075,	0.000065,	0.000799
392,	0.000015,	0.000075,	0.000075,	0.000800
393,	0.000015,	0.000075,	0.000085,	0.000800
394,	0.000015,	0.000075,	0.000095,	0.000800
397,	0.000015,	0.000085,	0.000005,	0.000800
398,	0.000015,	0.000085,	0.000015,	0.000800
399,	0.000015,	0.000085,	0.000025,	0.000800
400,	0.000015,	0.000085,	0.000035,	0.000800
401,	0.000015,	0.000085,	0.000045,	0.000800
402,	0.000015,	0.000085,	0.000055,	0.000800
403,	0.000015,	0.000085,	0.000065,	0.000800
404,	0.000015,	0.000085,	0.000075,	0.000800
405,	0.000015,	0.000085,	0.000085,	0.000800
406,	0.000015,	0.000085,	0.000095,	0.000800
409,	0.000015,	0.000095,	0.000005,	0.000800
410,	0.000015,	0.000095,	0.000015,	0.000800
411,	0.000015,	0.000095,	0.000025,	0.000800
412,	0.000015,	0.000095,	0.000035,	0.000800
413,	0.000015,	0.000095,	0.000045,	0.000800
414,	0.000015,	0.000095,	0.000055,	0.000800
415,	0.000015,	0.000095,	0.000065,	0.000800
416,	0.000015,	0.000095,	0.000075,	0.000800
417,	0.000015,	0.000095,	0.000085,	0.000800
418,	0.000015,	0.000095,	0.000095,	0.000800
445,	0.000025,	0.000005,	0.000005,	0.000800
446,	0.000025,	0.000005,	0.000015,	0.000800
447,	0.000025,	0.000005,	0.000025,	0.000800
448,	0.000025,	0.000005,	0.000035,	0.000800
449,	0.000025,	0.000005,	0.000045,	0.000800
450,	0.000025,	0.000005,	0.000055,	0.000800
451,	0.000025,	0.000005,	0.000065,	0.000800
452,	0.000025,	0.000005,	0.000075,	0.000800
453,	0.000025,	0.000005,	0.000085,	0.000800
454,	0.000025,	0.000005,	0.000095,	0.000800
457,	0.000025,	0.000015,	0.000005,	0.000800
458,	0.000025,	0.000015,	0.000015,	0.000800
459,	0.000025,	0.000015,	0.000025,	0.000800
460,	0.000025,	0.000015,	0.000035,	0.000799
461,	0.000025,	0.000015,	0.000045,	0.000799
462,	0.000025,	0.000015,	0.000055,	0.000799
463,	0.000025,	0.000015,	0.000065,	0.000799
464,	0.000025,	0.000015,	0.000075,	0.000800
465,	0.000025,	0.000015,	0.000085,	0.000800
466,	0.000025,	0.000015,	0.000095,	0.000800
469,	0.000025,	0.000025,	0.000005,	0.000800
470,	0.000025,	0.000025,	0.000015,	0.000800
471,	0.000025,	0.000025,	0.000025,	0.000799
472,	0.000025,	0.000025,	0.000035,	0.000799
473,	0.000025,	0.000025,	0.000045,	0.000799
474,	0.000025,	0.000025,	0.000055,	0.000799
475,	0.000025,	0.000025,	0.000065,	0.000799
476,	0.000025,	0.000025,	0.000075,	0.000799
477,	0.000025,	0.000025,	0.000085,	0.000800
478,	0.000025,	0.000025,	0.000095,	0.000800
481,	0.000025,	0.000035,	0.000005,	0.000800
482,	0.000025,	0.000035,	0.000015,	0.000799
483,	0.000025,	0.000035,	0.000025,	0.000799
484,	0.000025,	0.000035,	0.000035,	0.000798
485,	0.000025,	0.000035,	0.000045,	0.000798
486,	0.000025,	0.000035,	0.000055,	0.000798
487,	0.000025,	0.000035,	0.000065,	0.000798
488,	0.000025,	0.000035,	0.000075,	0.000799
489,	0.000025,	0.000035,	0.000085,	0.000799
490,	0.000025,	0.000035,	0.000095,	0.000800
493,	0.000025,	0.000045,	0.000005,	0.000800
494,	0.000025,	0.000045,	0.000015,	0.000799
495,	0.000025,	0.000045,	0.000025,	0.000799
496,	0.000025,	0.000045,	0.000035,	0.000798
497,	0.000025,	0.000045,	0.000045,	0.000797
498,	0.000025,	0.000045,	0.000055,	0.000797
499,	0.000025,	0.000045,	0.000065,	0.000798
500,	0.000025,	0.000045,	0.000075,	0.000799
501,	0.000025,	0.000045,	0.000085,	0.000799
502,	0.000025,	0.000045,	0.000095,	0.000800
505,	0.000025,	0.000055,	0.000005,	0.000800
506,	0.000025,	0.000055,	0.000015,	0.000799
507,	0.000025,	0.000055,	0.000025,	0.000799
508,	0.000025,	0.000055,	0.000035,	0.000798
509,	0.000025,	0.000055,	0.000045,	0.000797
510,	0.000025,	0.000055,	0.000055,	0.000797
511,	0.000025,	0.000055,	0.000065,	0.000798
512,	0.000025,	0.000055,	0.000075,	0.000799
513,	0.000025,	0.000055,	0.000085,	0.000799
514,	0.000025,	0.000055,	0.000095,	0.000800
517,	0.000025,	0.000065,	0.000005,	0.000800
518,	0.000025,	0.000065,	0.000015,	0.000799
519,	0.000025,	0.000065,	0.000025,	0.000799
520,	0.000025,	0.000065,	0.000035,	0.000798
521,	0.000025,	0.000065,	0.000045,	0.000798
522,	0.000025,	0.000065,	0.000055,	0.000798
523,	0.000025,	0.000065,	0.000065,	0.000798
524,	0.000025,	0.000065,	0.000075,	0.000799
525,	0.000025,	0.000065,	0.000085,	0.000799
526,	0.000025,	0.000065,	0.000095,	0.000800
529,	0.000025,	0.000075,	0.000005,	0.000800
530,	0.000025,	0.000075,	0.000015,	0.000800
531,	0.000025,	0.000075,	0.000025,	0.000799
532,	0.000025,	0.000075,	0.000035,	0.000799
533,	0.000025,	0.000075,	0.000045,	0.000799
534,	0.000025,	0.000075,	0.000055,	0.000799
535,	0.000025,	0.000075,	0.000065,	0.000799
536,	0.000025,	0.000075,	0.000075,	0.000799
537,	0.000025,	0.000075,	0.000085,	0.000800
538,	0.000025,	0.000075,	0.000095,	0.000800
541,	0.000025,	0.000085,	0.000005,	0.000800
542,	0.000025,	0.000085,	0.000015,	0.000800
543,	0.000025,	0.000085,	0.000025,	0.000800
544,	0.000025,	0.000085,	0.000035,	0.000799
545,	0.000025,	0.000085,	0.000045,	0.000799
546,	0.000025,	0.000085,	0.000055,	0.000799
547,	0.000025,	0.000085,	0.000065,	0.000799
548,	0.000025,	0.000085,	0.000075,	0.000800
549,	0.000025,	0.000085,	0.000085,	0.000800
550,	0.000025,	0.000085,	0.000095,	0.000800
553,	0.000025,	0.000095,	0.000005,	0.000800
554,	0.000025,	0.000095,	0.000015,	0.000800
555,	0.000025,	0.000095,	0.000025,	0.000800
556,	0.000025,	0.000095,	0.000035,	0.000800
557,	0.000025,	0.000095,	0.000045,	0.000800
558,	0.000025,	0.000095,	0.000055,	0.000800
559,	0.000025,	0.000095,	0.000065,	0.000800
560,	0.000025,	0.000095,	0.000075,	0.000800
561,	0.000025,	0.000095,	0.000085,	0.000800
562,	0.000025,	0.000095,	0.000095,	0.000800
589,	0.000035,	0.000005,	0.000005,	0.000800
590,	0.000035,	0.000005,	0.000015,	0.000800
591,	0.000035,	0.000005,	0.000025,	0.000800
592,	0.000035,	0.000005,	0.000035,	0.000800
593,	0.000035,	0.000005,	0.000045,	0.000800
594,	0.000035,	0.000005,	0.000055,	0.000800
595,	0.000035,	0.000005,	0.000065,	0.000800
596,	0.000035,	0.000005,	0.000075,	0.000800
597,	0.000035,	0.000005,	0.000085,	0.000800
598,	0.000035,	0.000005,	0.000095,	0.000800
601,	0.000035,	0.000015,	0.000005,	0.000800
602,	0.000035,	0.000015,	0.000015,	0.000800
603,	0.000035,	0.000015,	0.000025,	0.000799
604,	0.000035,	0.000015,	0.000035,	0.000799
605,	0.000035,	0.000015,	0.000045,	0.000799
606,	0.000035,	0.000015,	0.000055,	0.000799
607,	0.000035,	0.000015,	0.000065,	0.000799
608,	0.000035,	0.000015,	0.000075,	0.000799
609,	0.000035,	0.000015,	0.000085,	0.000800
610,	0.000035,	0.000015,	0.000095,	0.000800
613,	0.000035,	0.000025,	0.000005,	0.000800
614,	0.000035,	0.000025,	0.000015,	0.000799
615,	0.000035,	0.000025,	0.000025,	0.000799
616,	0.000035,	0.000025,	0.000035,	0.000799
617,	0.000035,	0.000025,	0.000045,	0.000798
618,	0.000035,	0.000025,	0.000055,	0.000798
619,	0.000035,	0.000025,	0.000065,	0.000799
620,	0.000035,	0.000025,	0.000075,	0.000799
621,	0.000035,	0.000025,	0.000085,	0.000799
622,	0.000035,	0.000025,	0.000095,	0.000800
625,	0.000035,	0.000035,	0.000005,	0.000800
626,	0.000035,	0.000035,	0.000015,	0.000799
627,	0.000035,	0.000035,	0.000025,	0.000798
628,	0.000035,	0.000035,	0.000035,	0.000798
629,	0.000035,	0.000035,	0.000045,	0.000797
630,	0.000035,	0.000035,	0.000055,	0.000797
631,	0.000035,	0.000035,	0.000065,	0.000798
632,	0.000035,	0.000035,	0.000075,	0.000798
633,	0.000035,	0.000035,	0.000085,	0.000799
634,	0.000035,	0.000035,	0.000095,	0.000800
637,	0.000035,	0.000045,	0.000005,	0.000800
638,	0.000035,	0.000045,	0.000015,	0.000799
639,	0.000035,	0.000045,	0.000025,	0.000798
640,	0.000035,	0.000045,	0.000035,	0.000796
641,	0.000035,	0.000045,	0.000045,	0.000794
642,	0.000035,	0.000045,	0.000055,	0.000794
643,	0.000035,	0.000045,	0.000065,	0.000796
644,	0.000035,	0.000045,	0.000075,	0.000798
645,	0.000035,	0.000045,	0.000085,	0.000799
646,	0.000035,	0.000045,	0.000095,	0.000800
649,	0.000035,	0.000055,	0.000005,	0.000800
650,	0.000035,	0.000055,	0.000015,	0.000799
651,	0.000035,	0.000055,	0.000025,	0.000798
652,	0.000035,	0.000055,	0.000035,	0.000796
653,	0.000035,	0.000055,	0.000045,	0.000793
654,	0.000035,	0.000055,	0.000055,	0.000793
655,	0.000035,	0.000055,	0.000065,	0.000796
656,	0.000035,	0.000055,	0.000075,	0.000798
657,	0.000035,	0.000055,	0.000085,	0.000799
658,	0.000035,	0.000055,	0.000095,	0.000800
661,	0.000035,	0.000065,	0.000005,	0.000800
662,	0.000035,	0.000065,	0.000015,	0.000799
663,	0.000035,	0.000065,	0.000025,	0.000798
664,	0.000035,	0.000065,	0.000035,	0.000797
665,	0.000035,	0.000065,	0.000045,	0.000796
666,	0.000035,	0.000065,	0.000055,	0.000796
667,	0.000035,	0.000065,	0.000065,	0.000797
668,	0.000035,	0.000065,	0.000075,	0.000798
669,	0.000035,	0.000065,	0.000085,	0.000799
670,	0.000035,	0.000065,	0.000095,	0.000800
673,	0.000035,	0.000075,	0.000005,	0.000800
674,	0.000035,	0.000075,	0.000015,	0.000799
675,	0.000035,	0.000075,	0.000025,	0.000799
676,	0.000035,	0.000075,	0.000035,	0.000798
677,	0.000035,	0.000075,	0.000045,	0.000798
678,	0.000035,	0.000075,	0.000055,	0.000798
679,	0.000035,	0.000075,	0.000065,	0.000798
680,	0.000035,	0.000075,	0.000075,	0.000799
681,	0.000035,	0.000075,	0.000085,	0.000799
682,	0.000035,	0.000075,	0.000095,	0.000800
685,	0.000035,	0.000085,	0.000005,	0.000800
686,	0.000035,	0.000085,	0.000015,	0.000800
687,	0.000035,	0.000085,	0.000025,	0.000799
688,	0.000035,	0.000085,	0.000035,	0.000799
689,	0.000035,	0.000085,	0.000045,	0.000799
690,	0.000035,	0.000085,	0.000055,	0.000799
691,	0.000035,	0.000085,	0.000065,	0.000799
692,	0.000035,	0.000085,	0.000075,	0.000799
693,	0.000035,	0.000085,	0.000085,	0.000800
694,	0.000035,	0.000085,	0.000095,	0.000800
697,	0.000035,	0.000095,	0.000005,	0.000800
698,	0.000035,	0.000095,	0.000015,	0.000800
699,	0.000035,	0.000095,	0.000025,	0.000800
700,	0.000035,	0.000095,	0.000035,	0.000800
701,	0.000035,	0.000095,	0.000045,	0.000800
702,	0.000035,	0.000095,	0.000055,	0.000800
703,	0.000035,	0.000095,	0.000065,	0.000800
704,	0.000035,	0.000095,	0.000075,	0.000800
705,	0.000035,	0.000095,	0.000085,	0.000800
706,	0.000035,	0.000095,	0.000095,	0.000800
733,	0.000045,	0.000005,	0.000005,	0.000800
734,	0.000045,	0.000005,	0.000015,	0.000800
735,	0.000045,	0.000005,	0.000025,	0.000800
736,	0.000045,	0.000005,	0.000035,	0.000800
737,	0.000045,	0.000005,	0.000045,	0.000800
738,	0.000045,	0.000005,	0.000055,	0.000800
739,	0.000045,	0.000005,	0.000065,	0.000800
740,	0.000045,	0.000005,	0.000075,	0.000800
741,	0.000045,	0.000005,	0.000085,	0.000800
742,	0.000045,	0.000005,	0.000095,	0.000800
745,	0.000045,	0.000015,	0.000005,	0.000800
746,	0.000045,	0.000015,	0.000015,	0.000800
747,	0.000045,	0.000015,	0.000025,	0.000799
748,	0.000045,	0.000015,	0.000035,	0.000799
749,	0.000045,	0.000015,	0.000045,	0.000799
750,	0.000045,	0.000015,	0.000055,	0.000799
751,	0.000045,	0.000015,	0.000065,	0.000799
752,	0.000045,	0.000015,	0.000075,	0.000799
753,	0.000045,	0.000015,	0.000085,	0.000800
754,	0.000045,	0.000015,	0.000095,	0.000800
757,	0.000045,	0.000025,	0.000005,	0.000800
758,	0.000045,	0.000025,	0.000015,	0.000799
759,	0.000045,	0.000025,	0.000025,	0.000799
760,	0.000045,	0.000025,	0.000035,	0.000798
761,	0.000045,	0.000025,	0.000045,	0.000797
762,	0.000045,	0.000025,	0.000055,	0.000798
763,	0.000045,	0.000025,	0.000065,	0.000798
764,	0.000045,	0.000025,	0.000075,	0.000799
765,	0.000045,	0.000025,	0.000085,	0.000799
766,	0.000045,	0.000025,	0.000095,	0.000800
769,	0.000045,	0.000035,	0.000005,	0.000800
770,	0.000045,	0.000035,	0.000015,	0.000799
771,	0.000045,	0.000035,	0.000025,	0.000798
772,	0.000045,	0.000035,	0.000035,	0.000797
773,	0.000045,	0.000035,	0.000045,	0.000794
774,	0.000045,	0.000035,	0.000055,	0.000794
775,	0.000045,	0.000035,	0.000065,	0.000797
776,	0.000045,	0.000035,	0.000075,	0.000798
777,	0.000045,	0.000035,	0.000085,	0.000799
778,	0.000045,	0.000035,	0.000095,	0.000800
781,	0.000045,	0.000045,	0.000005,	0.000800
782,	0.000045,	0.000045,	0.000015,	0.000799
783,	0.000045,	0.000045,	0.000025,	0.000797
784,	0.000045,	0.000045,	0.000035,	0.000793
785,	0.000045,	0.000045,	0.000045,	0.000783
786,	0.000045,	0.000045,	0.000055,	0.000783
787,	0.000045,	0.000045,	0.000065,	0.000794
788,	0.000045,	0.000045,	0.000075,	0.000797
789,	0.000045,	0.000045,	0.000085,	0.000799
790,	0.000045,	0.000045,	0.000095,	0.000800
793,	0.000045,	0.000055,	0.000005,	0.000800
794,	0.000045,	0.000055,	0.000015,	0.000799
795,	0.000045,	0.000055,	0.000025,	0.000797
796,	0.000045,	0.000055,	0.000035,	0.000793
797,	0.000045,	0.000055,	0.000045,	0.000779
798,	0.000045,	0.000055,	0.000055,	0.000779
799,	0.000045,	0.000055,	0.000065,	0.000793
800,	0.000045,	0.000055,	0.000075,	0.000797
801,	0.000045,	0.000055,	0.000085,	0.000799
802,	0.000045,	0.000055,	0.000095,	0.000800
805,	0.000045,	0.000065,	0.000005,	0.000800
806,	0.000045,	0.000065,	0.000015,	0.000799
807,	0.000045,	0.000065,	0.000025,	0.000798
808,	0.000045,	0.000065,	0.000035,	0.000796
809,	0.000045,	0.000065,	0.000045,	0.000792
810,	0.000045,	0.000065,	0.000055,	0.000792
811,	0.000045,	0.000065,	0.000065,	0.000796
812,	0.000045,	0.000065,	0.000075,	0.000798
813,	0.000045,	0.000065,	0.000085,	0.000799
814,	0.000045,	0.000065,	0.000095,	0.000800
817,	0.000045,	0.000075,	0.000005,	0.000800
818,	0.000045,	0.000075,	0.000015,	0.000799
819,	0.000045,	0.000075,	0.000025,	0.000799
820,	0.000045,	0.000075,	0.000035,	0.000798
821,	0.000045,	0.000075,	0.000045,	0.000797
822,	0.000045,	0.000075,	0.000055,	0.000797
823,	0.000045,	0.000075,	0.000065,	0.000798
824,	0.000045,	0.000075,	0.000075,	0.000799
825,	0.000045,	0.000075,	0.000085,	0.000799
826,	0.000045,	0.000075,	0.000095,	0.000800
829,	0.000045,	0.000085,	0.000005,	0.000800
830,	0.000045,	0.000085,	0.000015,	0.000800
831,	0.000045,	0.000085,	0.000025,	0.000799
832,	0.000045,	0.000085,	0.000035,	0.000799
833,	0.000045,	0.000085,	0.000045,	0.000799
834,	0.000045,	0.000085,	0.000055,	0.000799
835,	0.000045,	0.000085,	0.000065,	0.000799
836,	0.000045,	0.000085,	0.000075,	0.000799
837,	0.000045,	0.000085,	0.000085,	0.000800
838,	0.000045,	0.000085,	0.000095,	0.000800
841,	0.000045,	0.000095,	0.000005,	0.000800
842,	0.000045,	0.000095,	0.000015,	0.000800
843,	0.000045,	0.000095,	0.000025,	0.000800
844,	0.000045,	0.000095,	0.000035,	0.000800
845,	0.000045,	0.000095,	0.000045,	0.000800
846,	0.000045,	0.000095,	0.000055,	0.000800
847,	0.000045,	0.000095,	0.000065,	0.000800
848,	0.000045,	0.000095,	0.000075,	0.000800
849,	0.000045,	0.000095,	0.000085,	0.000800
850,	0.000045,	0.000095,	0.000095,	0.000800
877,	0.000055,	0.000005,	0.000005,	0.000800
878,	0.000055,	0.000005,	0.000015,	0.000800
879,	0.000055,	0.000005,	0.000025,	0.000800
880,	0.000055,	0.000005,	0.000035,	0.000800
881,	0.000055,	0.000005,	0.000045,	0.000800
882,	0.000055,	0.000005,	0.000055,	0.000800
883,	0.000055,	0.000005,	0.000065,	0.000800
884,	0.000055,	0.000005,	0.000075,	0.000800
885,	0.000055,	0.000005,	0.000085,	0.000800
886,	0.000055,	0.000005,	0.000095,	0.000800
889,	0.000055,	0.000015,	0.000005,	0.000800
890,	0.000055,	0.000015,	0.000015,	0.000800
891,	0.000055,	0.000015,	0.000025,	0.000799
892,	0.000055,	0.000015,	0.000035,	0.000799
893,	0.000055,	0.000015,	0.000045,	0.000799
894,	0.000055,	0.000015,	0.000055,	0.000799
895,	0.000055,	0.000015,	0.000065,	0.000799
896,	0.000055,	0.000015,	0.000075,	0.000799
897,	0.000055,	0.000015,	0.000085,	0.000800
898,	0.000055,	0.000015,	0.000095,	0.000800
901,	0.000055,	0.000025,	0.000005,	0.000800
902,	0.000055,	0.000025,	0.000015,	0.000799
903,	0.000055,	0.000025,	0.000025,	0.000799
904,	0.000055,	0.000025,	0.000035,	0.000798
905,	0.000055,	0.000025,	0.000045,	0.000797
906,	0.000055,	0.000025,	0.000055,	0.000797
907,	0.000055,	0.000025,	0.000065,	0.000798
908,	0.000055,	0.000025,	0.000075,	0.000799
909,	0.000055,	0.000025,	0.000085,	0.000799
910,	0.000055,	0.000025,	0.000095,	0.000800
913,	0.000055,	0.000035,	0.000005,	0.000800
914,	0.000055,	0.000035,	0.000015,	0.000799
915,	0.000055,	0.000035,	0.000025,	0.000798
916,	0.000055,	0.000035,	0.000035,	0.000796
917,	0.000055,	0.000035,	0.000045,	0.000794
918,	0.000055,	0.000035,	0.000055,	0.000794
919,	0.000055,	0.000035,	0.000065,	0.000797
920,	0.000055,	0.000035,	0.000075,	0.000798
921,	0.000055,	0.000035,	0.000085,	0.000799
922,	0.000055,	0.000035,	0.000095,	0.000800
925,	0.000055,	0.000045,	0.000005,	0.000800
926,	0.000055,	0.000045,	0.000015,	0.000799
927,	0.000055,	0.000045,	0.000025,	0.000797
928,	0.000055,	0.000045,	0.000035,	0.000793
929,	0.000055,	0.000045,	0.000045,	0.000781
930,	0.000055,	0.000045,	0.000055,	0.000782
931,	0.000055,	0.000045,	0.000065,	0.000794
932,	0.000055,	0.000045,	0.000075,	0.000797
933,	0.000055,	0.000045,	0.000085,	0.000799
934,	0.000055,	0.000045,	0.000095,	0.000800
937,	0.000055,	0.000055,	0.000005,	0.000800
938,	0.000055,	0.000055,	0.000015,	0.000799
939,	0.000055,	0.000055,	0.000025,	0.000797
940,	0.000055,	0.000055,	0.000035,	0.000792
941,	0.000055,	0.000055,	0.000045,	0.000777
942,	0.000055,	0.000055,	0.000055,	0.000777
943,	0.000055,	0.000055,	0.000065,	0.000793
944,	0.000055,	0.000055,	0.000075,	0.000797
945,	0.000055,	0.000055,	0.000085,	0.000799
946,	0.000055,	0.000055,	0.000095,	0.000800
949,	0.000055,	0.000065,	0.000005,	0.000800
950,	0.000055,	0.000065,	0.000015,	0.000799
951,	0.000055,	0.000065,	0.000025,	0.000798
952,	0.000055,	0.000065,	0.000035,	0.000796
953,	0.000055,	0.000065,	0.000045,	0.000792
954,	0.000055,	0.000065,	0.000055,	0.000792
955,	0.000055,	0.000065,	0.000065,	0.000796
956,	0.000055,	0.000065,	0.000075,	0.000798
957,	0.000055,	0.000065,	0.000085,	0.000799
958,	0.000055,	0.000065,	0.000095,	0.000800
961,	0.000055,	0.000075,	0.000005,	0.000800
962,	0.000055,	0.000075,	0.000015,	0.000799
963,	0.000055,	0.000075,	0.000025,	0.000799
964,	0.000055,	0.000075,	0.000035,	0.000798
965,	0.000055,	0.000075,	0.000045,	0.000797
966,	0.000055,	0.000075,	0.000055,	0.000797
967,	0.000055,	0.000075,	0.000065,	0.000798
968,	0.000055,	0.000075,	0.000075,	0.000799
969,	0.000055,	0.000075,	0.000085,	0.000799
970,	0.000055,	0.000075,	0.000095,	0.000800
973,	0.000055,	0.000085,	0.000005,	0.000800
974,	0.000055,	0.000085,	0.000015,	0.000800
975,	0.000055,	0.000085,	0.000025,	0.000799
976,	0.000055,	0.000085,	0.000035,	0.000799
977,	0.000055,	0.000085,	0.000045,	0.000799
978,	0.000055,	0.000085,	0.000055,	0.000799
979,	0.000055,	0.000085,	0.000065,	0.000799
980,	0.000055,	0.000085,	0.000075,	0.000799
981,	0.000055,	0.000085,	0.000085,	0.000800
982,	0.000055,	0.000085,	0.000095,	0.000800
985,	0.000055,	0.000095,	0.000005,	0.000800
986,	0.000055,	0.000095,	0.000015,	0.000800
987,	0.000055,	0.000095,	0.000025,	0.000800
988,	0.000055,	0.000095,	0.000035,	0.000800
989,	0.000055,	0.000095,	0.000045,	0.000800
990,	0.000055,	0.000095,	0.000055,	0.000800
991,	0.000055,	0.000095,	0.000065,	0.000800
992,	0.000055,	0.000095,	0.000075,	0.000800
993,	0.000055,	0.000095,	0.000085,	0.000800
994,	0.000055,	0.000095,	0.000095,	0.000800
1021,	0.000065,	0.000005,	0.000005,	0.000800
1022,	0.000065,	0.000005,	0.000015,	0.000800
1023,	0.000065,	0.000005,	0.000025,	0.000800
1024,	0.000065,	0.000005,	0.000035,	0.000800
1025,	0.000065,	0.000005,	0.000045,	0.000800
1026,	0.000065,	0.000005,	0.000055,	0.000800
1027,	0.000065,	0.000005,	0.000065,	0.000800
1028,	0.000065,	0.000005,	0.000075,	0.000800
1029,	0.000065,	0.000005,	0.000085,	0.000800
1030,	0.000065,	0.000005,	0.000095,	0.000800
1033,	0.000065,	0.000015,	0.000005,	0.000800
1034,	0.000065,	0.000015,	0.000015,	0.000800
1035,	0.000065,	0.000015,	0.000025,	0.000799
1036,	0.000065,	0.000015,	0.000035,	0.000799
1037,	0.000065,	0.000015,	0.000045,	0.000799
1038,	0.000065,	0.000015,	0.000055,	0.000799
1039,	0.000065,	0.000015,	0.000065,	0.000799
1040,	0.000065,	0.000015,	0.000075,	0.000799
1041,	0.000065,	0.000015,	0.000085,	0.000800
1042,	0.000065,	0.000015,	0.000095,	0.000800
1045,	0.000065,	0.000025,	0.000005,	0.000800
1046,	0.000065,	0.000025,	0.000015,	0.000799
1047,	0.000065,	0.000025,	0.000025,	0.000799
1048,	0.000065,	0.000025,	0.000035,	0.000798
1049,	0.000065,	0.000025,	0.000045,	0.000798
1050,	0.000065,	0.000025,	0.000055,	0.000798
1051,	0.000065,	0.000025,	0.000065,	0.000798
1052,	0.000065,	0.000025,	0.000075,	0.000799
1053,	0.000065,	0.000025,	0.000085,	0.000799
1054,	0.000065,	0.000025,	0.000095,	0.000800
1057,	0.000065,	0.000035,	0.000005,	0.000800
1058,	0.000065,	0.000035,	0.000015,	0.000799
1059,	0.000065,	0.000035,	0.000025,	0.000798
1060,	0.000065,	0.000035,	0.000035,	0.000797
1061,	0.000065,	0.000035,	0.000045,	0.000796
1062,	0.000065,	0.000035,	0.000055,	0.000796
1063,	0.000065,	0.000035,	0.000065,	0.000797
1064,	0.000065,	0.000035,	0.000075,	0.000798
1065,	0.000065,	0.000035,	0.000085,	0.000799
1066,	0.000065,	0.000035,	0.000095,	0.000800
1069,	0.000065,	0.000045,	0.000005,	0.000800
1070,	0.000065,	0.000045,	0.000015,	0.000799
1071,	0.000065,	0.000045,	0.000025,	0.000798
1072,	0.000065,	0.000045,	0.000035,	0.000796
1073,	0.000065,	0.000045,	0.000045,	0.000793
1074,	0.000065,	0.000045,	0.000055,	0.000793
1075,	0.000065,	0.000045,	0.000065,	0.000796
1076,	0.000065,	0.000045,	0.000075,	0.000798
1077,	0.000065,	0.000045,	0.000085,	0.000799
1078,	0.000065,	0.000045,	0.000095,	0.000800
1081,	0.000065,	0.000055,	0.000005,	0.000800
1082,	0.000065,	0.000055,	0.000015,	0.000799
1083,	0.000065,	0.000055,	0.000025,	0.000798
1084,	0.000065,	0.000055,	0.000035,	0.000796
1085,	0.000065,	0.000055,	0.000045,	0.000792
1086,	0.000065,	0.000055,	0.000055,	0.000792
1087,	0.000065,	0.000055,	0.000065,	0.000796
1088,	0.000065,	0.000055,	0.000075,	0.000798
1089,	0.000065,	0.000055,	0.000085,	0.000799
1090,	0.000065,	0.000055,	0.000095,	0.000800
1093,	0.000065,	0.000065,	0.000005,	0.000800
1094,	0.000065,	0.000065,	0.000015,	0.000799
1095,	0.000065,	0.000065,	0.000025,	0.000798
1096,	0.000065,	0.000065,	0.000035,	0.000797
1097,	0.000065,	0.000065,	0.000045,	0.000796
1098,	0.000065,	0.000065,	0.000055,	0.000796
1099,	0.000065,	0.000065,	0.000065,	0.000797
1100,	0.000065,	0.000065,	0.000075,	0.000798
1101,	0.000065,	0.000065,	0.000085,	0.000799
1102,	0.000065,	0.000065,	0.000095,	0.000800
1105,	0.000065,	0.000075,	0.000005,	0.000800
1106,	0.000065,	0.000075,	0.000015,	0.000799
1107,	0.000065,	0.000075,	0.000025,	0.000799
1108,	0.000065,	0.000075,	0.000035,	0.000798
1109,	0.000065,	0.000075,	0.000045,	0.000798
1110,	0.000065,	0.000075,	0.000055,	0.000798
1111,	0.000065,	0.000075,	0.000065,	0.000798
1112,	0.000065,	0.000075,	0.000075,	0.000799
1113,	0.000065,	0.000075,	0.000085,	0.000799
1114,	0.000065,	0.000075,	0.000095,	0.000800
1117,	0.000065,	0.000085,	0.000005,	0.000800
1118,	0.000065,	0.000085,	0.000015,	0.000800
1119,	0.000065,	0.000085,	0.000025,	0.000799
1120,	0.000065,	0.000085,	0.000035,	0.000799
1121,	0.000065,	0.000085,	0.000045,	0.000799
1122,	0.000065,	0.000085,	0.000055,	0.000799
1123,	0.000065,	0.000085,	0.000065,	0.000799
1124,	0.000065,	0.000085,	0.000075,	0.000799
1125,	0.000065,	0.000085,	0.000085,	0.000800
1126,	0.000065,	0.000085,	0.000095,	0.000800
1129,	0.000065,	0.000095,	0.000005,	0.000800
1130,	0.000065,	0.000095,	0.000015,	0.000800
1131,	0.000065,	0.000095,	0.000025,	0.000800
1132,	0.000065,	0.000095,	0.000035,	0.000800
1133,	0.000065,	0.000095,	0.000045,	0.000800
1134,	0.000065,	0.000095,	0.000055,	0.000800
1135,	0.000065,	0.000095,	0.000065,	0.000800
1136,	0.000065,	0.000095,	0.000075,	0.000800
1137,	0.000065,	0.000095,	0.000085,	0.000800
1138,	0.000065,	0.000095,	0.000095,	0.000800
1165,	0.000075,	0.000005,	0.000005,	0.000800
1166,	0.000075,	0.000005,	0.000015,	0.000800
1167,	0.000075,	0.000005,	0.000025,	0.000800
1168,	0.000075,	0.000005,	0.000035,	0.000800
1169,	0.000075,	0.000005,	0.000045,	0.000800
1170,	0.000075,	0.000005,	0.000055,	0.000800
1171,	0.000075,	0.000005,	0.000065,	0.000800
1172,	0.000075,	0.000005,	0.000075,	0.000800
1173,	0.000075,	0.000005,	0.000085,	0.000800
1174,	0.000075,	0.000005,	0.000095,	0.000800
1177,	0.000075,	0.000015,	0.000005,	0.000800
1178,	0.000075,	0.000015,	0.000015,	0.000800
1179,	0.000075,	0.000015,	0.000025,	0.000800
1180,	0.000075,	0.000015,	0.000035,	0.000799
1181,	0.000075,	0.000015,	0.000045,	0.000799
1182,	0.000075,	0.000015,	0.000055,	0.000799
1183,	0.000075,	0.000015,	0.000065,	0.000799
1184,	0.000075,	0.000015,	0.000075,	0.000800
1185,	0.000075,	0.000015,	0.000085,	0.000800
1186,	0.000075,	0.000015,	0.000095,	0.000800
1189,	0.000075,	0.000025,	0.000005,	0.000800
1190,	0.000075,	0.000025,	0.000015,	0.000800
1191,	0.000075,	0.000025,	0.000025,	0.000799
1192,	0.000075,	0.000025,	0.000035,	0.000799
1193,	0.000075,	0.000025,	0.000045,	0.000799
1194,	0.000075,	0.000025,	0.000055,	0.000799
1195,	0.000075,	0.000025,	0.000065,	0.000799
1196,	0.000075,	0.000025,	0.000075,	0.000799
1197,	0.000075,	0.000025,	0.000085,	0.000800
1198,	0.000075,	0.000025,	0.000095,	0.000800
1201,	0.000075,	0.000035,	0.000005,	0.000800
1202,	0.000075,	0.000035,	0.000015,	0.000799
1203,	0.000075,	0.000035,	0.000025,	0.000799
1204,	0.000075,	0.000035,	0.000035,	0.000798
1205,	0.000075,	0.000035,	0.000045,	0.000798
1206,	0.000075,	0.000035,	0.000055,	0.000798
1207,	0.000075,	0.000035,	0.000065,	0.000798
1208,	0.000075,	0.000035,	0.000075,	0.000799
1209,	0.000075,	0.000035,	0.000085,	0.000799
1210,	0.000075,	0.000035,	0.000095,	0.000800
1213,	0.000075,	0.000045,	0.000005,	0.000800
1214,	0.000075,	0.000045,	0.000015,	0.000799
1215,	0.000075,	0.000045,	0.000025,	0.000799
1216,	0.000075,	0.000045,	0.000035,	0.000798
1217,	0.000075,	0.000045,	0.000045,	0.000797
1218,	0.000075,	0.000045,	0.000055,	0.000797
1219,	0.000075,	0.000045,	0.000065,	0.000798
1220,	0.000075,	0.000045,	0.000075,	0.000799
1221,	0.000075,	0.000045,	0.000085,	0.000799
1222,	0.000075,	0.000045,	0.000095,	0.000800
1225,	0.000075,	0.000055,	0.000005,	0.000800
1226,	0.000075,	0.000055,	0.000015,	0.000799
1227,	0.000075,	0.000055,	0.000025,	0.000799
1228,	0.000075,	0.000055,	0.000035,	0.000798
1229,	0.000075,	0.000055,	0.000045,	0.000797
1230,	0.000075,	0.000055,	0.000055,	0.000797
1231,	0.000075,	0.000055,	0.000065,	0.000798
1232,	0.000075,	0.000055,	0.000075,	0.000799
1233,	0.000075,	0.000055,	0.000085,	0.000799
1234,	0.000075,	0.000055,	0.000095,	0.000800
1237,	0.000075,	0.000065,	0.000005,	0.000800
1238,	0.000075,	0.000065,	0.000015,	0.000799
1239,	0.000075,	0.000065,	0.000025,	0.000799
1240,	0.000075,	0.000065,	0.000035,	0.000798
1241,	0.000075,	0.000065,	0.000045,	0.000798
1242,	0.000075,	0.000065,	0.000055,	0.000798
1243,	0.000075,	0.000065,	0.000065,	0.000798
1244,	0.000075,	0.000065,	0.000075,	0.000799
1245,	0.000075,	0.000065,	0.000085,	0.000799
1246,	0.000075,	0.000065,	0.000095,	0.000800
1249,	0.000075,	0.000075,	0.000005,	0.000800
1250,	0.000075,	0.000075,	0.000015,	0.000800
1251,	0.000075,	0.000075,	0.000025,	0.000799
1252,	0.000075,	0.000075,	0.000035,	0.000799
1253,	0.000075,	0.000075,	0.000045,	0.000799
1254,	0.000075,	0.000075,	0.000055,	0.000799
1255,	0.000075,	0.000075,	0.000065,	0.000799
1256,	0.000075,	0.000075,	0.000075,	0.000799
1257,	0.000075,	0.000075,	0.000085,	0.000800
1258,	0.000075,	0.000075,	0.000095,	0.000800
1261,	0.000075,	0.000085,	0.000005,	0.000800
1262,	0.000075,	0.000085,	0.000015,	0.000800
1263,	0.000075,	0.000085,	0.000025,	0.000800
1264,	0.000075,	0.000085,	0.000035,	0.000799
1265,	0.000075,	0.000085,	0.000045,	0.000799
1266,	0.000075,	0.000085,	0.000055,	0.000799
1267,	0.000075,	0.000085,	0.000065,	0.000799
1268,	0.000075,	0.000085,	0.000075,	0.000800
1269,	0.000075,	0.000085,	0.000085,	0.000800
1270,	0.000075,	0.000085,	0.000095,	0.000800
1273,	0.000075,	0.000095,	0.000005,	0.000800
1274,	0.000075,	0.000095,	0.000015,	0.000800
1275,	0.000075,	0.000095,	0.000025,	0.000800
1276,	0.000075,	0.000095,	0.000035,	0.000800
1277,	0.000075,	0.000095,	0.000045,	0.000800
1278,	0.000075,	0.000095,	0.000055,	0.000800
1279,	0.000075,	0.000095,	0.000065,	0.000800
1280,	0.000075,	0.000095,	0.000075,	0.000800
1281,	0.000075,	0.000095,	0.000085,	0.000800
1282,	0.000075,	0.000095,	0.000095,	0.000800
1309,	0.000085,	0.000005,	0.000005,	0.000800
1310,	0.000085,	0.000005,	0.000015,	0.000800
1311,	0.000085,	0.000005,	0.000025,	0.000800
1312,	0.000085,	0.000005,	0.000035,	0.000800
1313,	0.000085,	0.000005,	0.000045,	0.000800
1314,	0.000085,	0.000005,	0.000055,	0.000800
1315,	0.000085,	0.000005,	0.000065,	0.000800
1316,	0.000085,	0.000005,	0.000075,	0.000800
1317,	0.000085,	0.000005,	0.000085,	0.000800
1318,	0.000085,	0.000005,	0.000095,	0.000800
1321,	0.000085,	0.000015,	0.000005,	0.000800
1322,	0.000085,	0.000015,	0.000015,	0.000800
1323,	0.000085,	0.000015,	0.000025,	0.000800
1324,	0.000085,	0.000015,	0.000035,	0.000800
1325,	0.000085,	0.000015,	0.000045,	0.000800
1326,	0.000085,	0.000015,	0.000055,	0.000800
1327,	0.000085,	0.000015,	0.000065,	0.000800
1328,	0.000085,	0.000015,	0.000075,	0.000800
1329,	0.000085,	0.000015,	0.000085,	0.000800
1330,	0.000085,	0.000015,	0.000095,	0.000800
1333,	0.000085,	0.000025,	0.000005,	0.000800
1334,	0.000085,	0.000025,	0.000015,	0.000800
1335,	0.000085,	0.000025,	0.000025,	0.000800
1336,	0.000085,	0.000025,	0.000035,	0.000799
1337,	0.000085,	0.000025,	0.000045,	0.000799
1338,	0.000085,	0.000025,	0.000055,	0.000799
1339,	0.000085,	0.000025,	0.000065,	0.000799
1340,	0.000085,	0.000025,	0.000075,	0.000800
1341,	0.000085,	0.000025,	0.000085,	0.000800
1342,	0.000085,	0.000025,	0.000095,	0.000800
1345,	0.000085,	0.000035,	0.000005,	0.000800
1346,	0.000085,	0.000035,	0.000015,	0.000800
1347,	0.000085,	0.000035,	0.000025,	0.000799
1348,	0.000085,	0.000035,	0.000035,	0.000799
1349,	0.000085,	0.000035,	0.000045,	0.000799
1350,	0.000085,	0.000035,	0.000055,	0.000799
1351,	0.000085,	0.000035,	0.000065,	0.000799
1352,	0.000085,	0.000035,	0.000075,	0.000799
1353,	0.000085,	0.000035,	0.000085,	0.000800
1354,	0.000085,	0.000035,	0.000095,	0.000800
1357,	0.000085,	0.000045,	0.000005,	0.000800
1358,	0.000085,	0.000045,	0.000015,	0.000800
1359,	0.000085,	0.000045,	0.000025,	0.000799
1360,	0.000085,	0.000045,	0.000035,	0.000799
1361,	0.000085,	0.000045,	0.000045,	0.000799
1362,	0.000085,	0.000045,	0.000055,	0.000799
1363,	0.000085,	0.000045,	0.000065,	0.000799
1364,	0.000085,	0.000045,	0.000075,	0.000799
1365,	0.000085,	0.000045,	0.000085,	0.000800
1366,	0.000085,	0.000045,	0.000095,	0.000800
1369,	0.000085,	0.000055,	0.000005,	0.000800
1370,	0.000085,	0.000055,	0.000015,	0.000800
1371,	0.000085,	0.000055,	0.000025,	0.000799
1372,	0.000085,	0.000055,	0.000035,	0.000799
1373,	0.000085,	0.000055,	0.000045,	0.000799
1374,	0.000085,	0.000055,	0.000055,	0.000799
1375,	0.000085,	0.000055,	0.000065,	0.000799
1376,	0.000085,	0.000055,	0.000075,	0.000799
1377,	0.000085,	0.000055,	0.000085,	0.000800
1378,	0.000085,	0.000055,	0.000095,	0.000800
1381,	0.000085,	0.000065,	0.000005,	0.000800
1382,	0.000085,	0.000065,	0.000015,	0.000800
1383,	0.000085,	0.000065,	0.000025,	0.000799
1384,	0.000085,	0.000065,	0.000035,	0.000799
1385,	0.000085,	0.000065,	0.000045,	0.000799
1386,	0.000085,	0.000065,	0.000055,	0.000799
1387,	0.000085,	0.000065,	0.000065,	0.000799
1388,	0.000085,	0.000065,	0.000075,	0.000799
1389,	0.000085,	0.000065,	0.000085,	0.000800
1390,	0.000085,	0.000065,	0.000095,	0.000800
1393,	0.000085,	0.000075,	0.000005,	0.000800
1394,	0.000085,	0.000075,	0.000015,	0.000800
1395,	0.000085,	0.000075,	0.000025,	0.000800
1396,	0.000085,	0.000075,	0.000035,	0.000799
1397,	0.000085,	0.000075,	0.000045,	0.000799
1398,	0.000085,	0.000075,	0.000055,	0.000799
1399,	0.000085,	0.000075,	0.000065,	0.000799
1400,	0.000085,	0.000075,	0.000075,	0.000800
1401,	0.000085,	0.000075,	0.000085,	0.000800
1402,	0.000085,	0.000075,	0.000095,	0.000800
1405,	0.000085,	0.000085,	0.000005,	0.000800
1406,	0.000085,	0.000085,	0.000015,	0.000800
1407,	0.000085,	0.000085,	0.000025,	0.000800
1408,	0.000085,	0.000085,	0.000035,	0.000800
1409,	0.000085,	0.000085,	0.000045,	0.000800
1410,	0.000085,	0.000085,	0.000055,	0.000800
1411,	0.000085,	0.000085,	0.000065,	0.000800
1412,	0.000085,	0.000085,	0.000075,	0.000800
1413,	0.000085,	0.000085,	0.000085,	0.000800
1414,	0.000085,	0.000085,	0.000095,	0.000800
1417,	0.000085,	0.000095,	0.000005,	0.000800
1418,	0.000085,	0.000095,	0.000015,	0.000800
1419,	0.000085,	0.000095,	0.000025,	0.000800
1420,	0.000085,	0.000095,	0.000035,	0.000800
1421,	0.000085,	0.000095,	0.000045,	0.000800
1422,	0.000085,	0.000095,	0.000055,	0.000800
1423,	0.000085,	0.000095,	0.000065,	0.000800
1424,	0.000085,	0.000095,	0.000075,	0.000800
1425,	0.000085,	0.000095,	0.000085,	0.000800
1426,	0.000085,	0.000095,	0.000095,	0.000800
1453,	0.000095,	0.000005,	0.000005,	0.000800
1454,	0.000095,	0.000005,	0.000015,	0.000800
1455,	0.000095,	0.000005,	0.000025,	0.000800
1456,	0.000095,	0.000005,	0.000035,	0.000800
1457,	0.000095,	0.000005,	0.000045,	0.000800
1458,	0.000095,	0.000005,	0.000055,	0.000800
1459,	0.000095,	0.000005,	0.000065,	0.000800
1460,	0.000095,	0.000005,	0.000075,	0.000800
1461,	0.000095,	0.000005,	0.000085,	0.000800
1462,	0.000095,	0.000005,	0.000095,	0.000800
1465,	0.000095,	0.000015,	0.000005,	0.000800
1466,	0.000095,	0.000015,	0.000015,	0.000800
1467,	0.000095,	0.000015,	0.000025,	0.000800
1468,	0.000095,	0.000015,	0.000035,	0.000800
1469,	0.000095,	0.000015,	0.000045,	0.000800
1470,	0.000095,	0.000015,	0.000055,	0.000800
1471,	0.000095,	0.000015,	0.000065,	0.000800
1472,	0.000095,	0.000015,	0.000075,	0.000800
1473,	0.000095,	0.000015,	0.000085,	0.000800
1474,	0.000095,	0.000015,	0.000095,	0.000800
1477,	0.000095,	0.000025,	0.000005,	0.000800
1478,	0.000095,	0.000025,	0.000015,	0.000800
1479,	0.000095,	0.000025,	0.000025,	0.000800
1480,	0.000095,	0.000025,	0.000035,	0.000800
1481,	0.000095,	0.000025,	0.000045,	0.000800
1482,	0.000095,	0.000025,	0.000055,	0.000800
1483,	0.000095,	0.000025,	0.000065,	0.000800
1484,	0.000095,	0.000025,	0.000075,	0.000800
1485,	0.000095,	0.000025,	0.000085,	0.000800
1486,	0.000095,	0.000025,	0.000095,	0.000800
1489,	0.000095,	0.000035,	0.000005,	0.000800
1490,	0.000095,	0.000035,	0.000015,	0.000800
1491,	0.000095,	0.000035,	0.000025,	0.000800
1492,	0.000095,	0.000035,	0.000035,	0.000800
1493,	0.000095,	0.000035,	0.000045,	0.000800
1494,	0.000095,	0.000035,	0.000055,	0.000800
1495,	0.000095,	0.000035,	0.000065,	0.000800
1496,	0.000095,	0.000035,	0.000075,	0.000800
1497,	0.000095,	0.000035,	0.000085,	0.000800
1498,	0.000095,	0.000035,	0.000095,	0.000800
1501,	0.000095,	0.000045,	0.000005,	0.000800
1502,	0.000095,	0.000045,	0.000015,	0.000800
1503,	0.000095,	0.000045,	0.000025,	0.000800
1504,	0.000095,	0.000045,	0.000035,	0.000800
1505,	0.000095,	0.000045,	0.000045,	0.000800
1506,	0.000095,	0.000045,	0.000055,	0.000800
1507,	0.000095,	0.000045,	0.000065,	0.000800
1508,	0.000095,	0.000045,	0.000075,	0.000800
1509,	0.000095,	0.000045,	0.000085,	0.000800
1510,	0.000095,	0.000045,	0.000095,	0.000800
1513,	0.000095,	0.000055,	0.000005,	0.000800
1514,	0.000095,	0.000055,	0.000015,	0.000800
1515,	0.000095,	0.000055,	0.000025,	0.000800
1516,	0.000095,	0.000055,	0.000035,	0.000800
1517,	0.000095,	0.000055,	0.000045,	0.000800
1518,	0.000095,	0.000055,	0.000055,	0.000800
1519,	0.000095,	0.000055,	0.000065,	0.000800
1520,	0.000095,	0.000055,	0.000075,	0.000800
1521,	0.000095,	0.000055,	0.000085,	0.000800
1522,	0.000095,	0.000055,	0.000095,	0.000800
1525,	0.000095,	0.000065,	0.000005,	0.000800
1526,	0.000095,	0.000065,	0.000015,	0.000800
1527,	0.000095,	0.000065,	0.000025,	0.000800
1528,	0.000095,	0.000065,	0.000035,	0.000800
1529,	0.000095,	0.000065,	0.000045,	0.000800
1530,	0.000095,	0.000065,	0.000055,	0.000800
1531,	0.000095,	0.000065,	0.000065,	0.000800
1532,	0.000095,	0.000065,	0.000075,	0.000800
1533,	0.000095,	0.000065,	0.000085,	0.000800
1534,	0.000095,	0.000065,	0.000095,	0.000800
1537,	0.000095,	0.000075,	0.000005,	0.000800
1538,	0.000095,	0.000075,	0.000015,	0.000800
1539,	0.000095,	0.000075,	0.000025,	0.000800
1540,	0.000095,	0.000075,	0.000035,	0.000800
1541,	0.000095,	0.000075,	0.000045,	0.000800
1542,	0.000095,	0.000075,	0.000055,	0.000800
1543,	0.000095,	0.000075,	0.000065,	0.000800
1544,	0.000095,	0.000075,	0.000075,	0.000800
1545,	0.000095,	0.000075,	0.000085,	0.000800
1546,	0.000095,	0.000075,	0.000095,	0.000800
1549,	0.000095,	0.000085,	0.000005,	0.000800
1550,	0.000095,	0.000085,	0.000015,	0.000800
1551,	0.000095,	0.000085,	0.000025,	0.000800
1552,	0.000095,	0.000085,	0.000035,	0.000800
1553,	0.000095,	0.000085,	0.000045,	0.000800
1554,	0.000095,	0.000085,	0.000055,	0.000800
1555,	0.000095,	0.000085,	0.000065,	0.000800
1556,	0.000095,	0.000085,	0.000075,	0.000800
1557,	0.000095,	0.000085,	0.000085,	0.000800
1558,	0.000095,	0.000085,	0.000095,	0.000800
1561,	0.000095,	0.000095,	0.000005,	0.000800
1562,	0.000095,	0.000095,	0.000015,	0.000800
1563,	0.000095,	0.000095,	0.000025,	0.000800
1564,	0.000095,	0.000095,	0.000035,	0.000800
1565,	0.000095,	0.000095,	0.000045,	0.000800
1566,	0.000095,	0.000095,	0.000055,	0.000800
1567,	0.000095,	0.000095,	0.000065,	0.000800
1568,	0.000095,	0.000095,	0.000075,	0.000800
1569,	0.000095,	0.000095,	0.000085,	0.000800
1570,	0.000095,	0.000095,	0.000095,	0.000800
