,x,y,z,scalar,1,1,1,0.5
157,	0.000005,	0.000005,	0.000005,	0.000800
158,	0.000005,	0.000005,	0.000015,	0.000800
159,	0.000005,	0.000005,	0.000025,	0.000800
160,	0.000005,	0.000005,	0.000035,	0.000800
161,	0.000005,	0.000005,	0.000045,	0.000799
162,	0.000005,	0.000005,	0.000055,	0.000799
163,	0.000005,	0.000005,	0.000065,	0.000800
164,	0.000005,	0.000005,	0.000075,	0.000800
165,	0.000005,	0.000005,	0.000085,	0.000800
166,	0.000005,	0.000005,	0.000095,	0.000800
169,	0.000005,	0.000015,	0.000005,	0.000800
170,	0.000005,	0.000015,	0.000015,	0.000799
171,	0.000005,	0.000015,	0.000025,	0.000799
172,	0.000005,	0.000015,	0.000035,	0.000799
173,	0.000005,	0.000015,	0.000045,	0.000798
174,	0.000005,	0.000015,	0.000055,	0.000798
175,	0.000005,	0.000015,	0.000065,	0.000799
176,	0.000005,	0.000015,	0.000075,	0.000799
177,	0.000005,	0.000015,	0.000085,	0.000799
178,	0.000005,	0.000015,	0.000095,	0.000800
181,	0.000005,	0.000025,	0.000005,	0.000800
182,	0.000005,	0.000025,	0.000015,	0.000799
183,	0.000005,	0.000025,	0.000025,	0.000798
184,	0.000005,	0.000025,	0.000035,	0.000797
185,	0.000005,	0.000025,	0.000045,	0.000797
186,	0.000005,	0.000025,	0.000055,	0.000797
187,	0.000005,	0.000025,	0.000065,	0.000798
188,	0.000005,	0.000025,	0.000075,	0.000798
189,	0.000005,	0.000025,	0.000085,	0.000799
190,	0.000005,	0.000025,	0.000095,	0.000800
193,	0.000005,	0.000035,	0.000005,	0.000800
194,	0.000005,	0.000035,	0.000015,	0.000798
195,	0.000005,	0.000035,	0.000025,	0.000797
196,	0.000005,	0.000035,	0.000035,	0.000796
197,	0.000005,	0.000035,	0.000045,	0.000796
198,	0.000005,	0.000035,	0.000055,	0.000796
199,	0.000005,	0.000035,	0.000065,	0.000796
200,	0.000005,	0.000035,	0.000075,	0.000797
201,	0.000005,	0.000035,	0.000085,	0.000799
202,	0.000005,	0.000035,	0.000095,	0.000800
205,	0.000005,	0.000045,	0.000005,	0.000799
206,	0.000005,	0.000045,	0.000015,	0.000798
207,	0.000005,	0.000045,	0.000025,	0.000797
208,	0.000005,	0.000045,	0.000035,	0.000796
209,	0.000005,	0.000045,	0.000045,	0.000795
210,	0.000005,	0.000045,	0.000055,	0.000795
211,	0.000005,	0.000045,	0.000065,	0.000796
212,	0.000005,	0.000045,	0.000075,	0.000797
213,	0.000005,	0.000045,	0.000085,	0.000798
214,	0.000005,	0.000045,	0.000095,	0.000799
217,	0.000005,	0.000055,	0.000005,	0.000799
218,	0.000005,	0.000055,	0.000015,	0.000798
219,	0.000005,	0.000055,	0.000025,	0.000797
220,	0.000005,	0.000055,	0.000035,	0.000796
221,	0.000005,	0.000055,	0.000045,	0.000795
222,	0.000005,	0.000055,	0.000055,	0.000795
223,	0.000005,	0.000055,	0.000065,	0.000796
224,	0.000005,	0.000055,	0.000075,	0.000797
225,	0.000005,	0.000055,	0.000085,	0.000798
226,	0.000005,	0.000055,	0.000095,	0.000799
229,	0.000005,	0.000065,	0.000005,	0.000799
230,	0.000005,	0.000065,	0.000015,	0.000798
231,	0.000005,	0.000065,	0.000025,	0.000797
232,	0.000005,	0.000065,	0.000035,	0.000796
233,	0.000005,	0.000065,	0.000045,	0.000796
234,	0.000005,	0.000065,	0.000055,	0.000796
235,	0.000005,	0.000065,	0.000065,	0.000796
236,	0.000005,	0.000065,	0.000075,	0.000797
237,	0.000005,	0.000065,	0.000085,	0.000798
238,	0.000005,	0.000065,	0.000095,	0.000799
241,	0.000005,	0.000075,	0.000005,	0.000800
242,	0.000005,	0.000075,	0.000015,	0.000799
243,	0.000005,	0.000075,	0.000025,	0.000798
244,	0.000005,	0.000075,	0.000035,	0.000797
245,	0.000005,	0.000075,	0.000045,	0.000797
246,	0.000005,	0.000075,	0.000055,	0.000797
247,	0.000005,	0.000075,	0.000065,	0.000797
248,	0.000005,	0.000075,	0.000075,	0.000798
249,	0.000005,	0.000075,	0.000085,	0.000799
250,	0.000005,	0.000075,	0.000095,	0.000800
253,	0.000005,	0.000085,	0.000005,	0.000800
254,	0.000005,	0.000085,	0.000015,	0.000799
255,	0.000005,	0.000085,	0.000025,	0.000799
256,	0.000005,	0.000085,	0.000035,	0.000798
257,	0.000005,	0.000085,	0.000045,	0.000798
258,	0.000005,	0.000085,	0.000055,	0.000798
259,	0.000005,	0.000085,	0.000065,	0.000798
260,	0.000005,	0.000085,	0.000075,	0.000799
261,	0.000005,	0.000085,	0.000085,	0.000799
262,	0.000005,	0.000085,	0.000095,	0.000800
265,	0.000005,	0.000095,	0.000005,	0.000800
266,	0.000005,	0.000095,	0.000015,	0.000800
267,	0.000005,	0.000095,	0.000025,	0.000800
268,	0.000005,	0.000095,	0.000035,	0.000799
269,	0.000005,	0.000095,	0.000045,	0.000799
270,	0.000005,	0.000095,	0.000055,	0.000799
271,	0.000005,	0.000095,	0.000065,	0.000799
272,	0.000005,	0.000095,	0.000075,	0.000800
273,	0.000005,	0.000095,	0.000085,	0.000800
274,	0.000005,	0.000095,	0.000095,	0.000800
301,	0.000015,	0.000005,	0.000005,	0.000800
302,	0.000015,	0.000005,	0.000015,	0.000799
303,	0.000015,	0.000005,	0.000025,	0.000799
304,	0.000015,	0.000005,	0.000035,	0.000799
305,	0.000015,	0.000005,	0.000045,	0.000798
306,	0.000015,	0.000005,	0.000055,	0.000798
307,	0.000015,	0.000005,	0.000065,	0.000799
308,	0.000015,	0.000005,	0.000075,	0.000799
309,	0.000015,	0.000005,	0.000085,	0.000799
310,	0.000015,	0.000005,	0.000095,	0.000800
313,	0.000015,	0.000015,	0.000005,	0.000799
314,	0.000015,	0.000015,	0.000015,	0.000798
315,	0.000015,	0.000015,	0.000025,	0.000797
316,	0.000015,	0.000015,	0.000035,	0.000795
317,	0.000015,	0.000015,	0.000045,	0.000795
318,	0.000015,	0.000015,	0.000055,	0.000795
319,	0.000015,	0.000015,	0.000065,	0.000796
320,	0.000015,	0.000015,	0.000075,	0.000797
321,	0.000015,	0.000015,	0.000085,	0.000798
322,	0.000015,	0.000015,	0.000095,	0.000799
325,	0.000015,	0.000025,	0.000005,	0.000799
326,	0.000015,	0.000025,	0.000015,	0.000797
327,	0.000015,	0.000025,	0.000025,	0.000794
328,	0.000015,	0.000025,	0.000035,	0.000792
329,	0.000015,	0.000025,	0.000045,	0.000791
330,	0.000015,	0.000025,	0.000055,	0.000791
331,	0.000015,	0.000025,	0.000065,	0.000792
332,	0.000015,	0.000025,	0.000075,	0.000794
333,	0.000015,	0.000025,	0.000085,	0.000797
334,	0.000015,	0.000025,	0.000095,	0.000799
337,	0.000015,	0.000035,	0.000005,	0.000798
338,	0.000015,	0.000035,	0.000015,	0.000795
339,	0.000015,	0.000035,	0.000025,	0.000792
340,	0.000015,	0.000035,	0.000035,	0.000788
341,	0.000015,	0.000035,	0.000045,	0.000786
342,	0.000015,	0.000035,	0.000055,	0.000786
343,	0.000015,	0.000035,	0.000065,	0.000789
344,	0.000015,	0.000035,	0.000075,	0.000792
345,	0.000015,	0.000035,	0.000085,	0.000795
346,	0.000015,	0.000035,	0.000095,	0.000799
349,	0.000015,	0.000045,	0.000005,	0.000798
350,	0.000015,	0.000045,	0.000015,	0.000794
351,	0.000015,	0.000045,	0.000025,	0.000790
352,	0.000015,	0.000045,	0.000035,	0.000785
353,	0.000015,	0.000045,	0.000045,	0.000780
354,	0.000015,	0.000045,	0.000055,	0.000780
355,	0.000015,	0.000045,	0.000065,	0.000785
356,	0.000015,	0.000045,	0.000075,	0.000790
357,	0.000015,	0.000045,	0.000085,	0.000795
358,	0.000015,	0.000045,	0.000095,	0.000798
361,	0.000015,	0.000055,	0.000005,	0.000798
362,	0.000015,	0.000055,	0.000015,	0.000794
363,	0.000015,	0.000055,	0.000025,	0.000790
364,	0.000015,	0.000055,	0.000035,	0.000784
365,	0.000015,	0.000055,	0.000045,	0.000779
366,	0.000015,	0.000055,	0.000055,	0.000779
367,	0.000015,	0.000055,	0.000065,	0.000784
368,	0.000015,	0.000055,	0.000075,	0.000790
369,	0.000015,	0.000055,	0.000085,	0.000794
370,	0.000015,	0.000055,	0.000095,	0.000798
373,	0.000015,	0.000065,	0.000005,	0.000798
374,	0.000015,	0.000065,	0.000015,	0.000795
375,	0.000015,	0.000065,	0.000025,	0.000791
376,	0.000015,	0.000065,	0.000035,	0.000787
377,	0.000015,	0.000065,	0.000045,	0.000784
378,	0.000015,	0.000065,	0.000055,	0.000784
379,	0.000015,	0.000065,	0.000065,	0.000788
380,	0.000015,	0.000065,	0.000075,	0.000792
381,	0.000015,	0.000065,	0.000085,	0.000795
382,	0.000015,	0.000065,	0.000095,	0.000798
385,	0.000015,	0.000075,	0.000005,	0.000799
386,	0.000015,	0.000075,	0.000015,	0.000796
387,	0.000015,	0.000075,	0.000025,	0.000794
388,	0.000015,	0.000075,	0.000035,	0.000791
389,	0.000015,	0.000075,	0.000045,	0.000790
390,	0.000015,	0.000075,	0.000055,	0.000790
391,	0.000015,	0.000075,	0.000065,	0.000791
392,	0.000015,	0.000075,	0.000075,	0.000794
393,	0.000015,	0.000075,	0.000085,	0.000796
394,	0.000015,	0.000075,	0.000095,	0.000799
397,	0.000015,	0.000085,	0.000005,	0.000799
398,	0.000015,	0.000085,	0.000015,	0.000798
399,	0.000015,	0.000085,	0.000025,	0.000796
400,	0.000015,	0.000085,	0.000035,	0.000795
401,	0.000015,	0.000085,	0.000045,	0.000794
402,	0.000015,	0.000085,	0.000055,	0.000794
403,	0.000015,	0.000085,	0.000065,	0.000795
404,	0.000015,	0.000085,	0.000075,	0.000796
405,	0.000015,	0.000085,	0.000085,	0.000798
406,	0.000015,	0.000085,	0.000095,	0.000799
409,	0.000015,	0.000095,	0.000005,	0.000800
410,	0.000015,	0.000095,	0.000015,	0.000799
411,	0.000015,	0.000095,	0.000025,	0.000799
412,	0.000015,	0.000095,	0.000035,	0.000798
413,	0.000015,	0.000095,	0.000045,	0.000798
414,	0.000015,	0.000095,	0.000055,	0.000798
415,	0.000015,	0.000095,	0.000065,	0.000798
416,	0.000015,	0.000095,	0.000075,	0.000799
417,	0.000015,	0.000095,	0.000085,	0.000799
418,	0.000015,	0.000095,	0.000095,	0.000800
445,	0.000025,	0.000005,	0.000005,	0.000800
446,	0.000025,	0.000005,	0.000015,	0.000799
447,	0.000025,	0.000005,	0.000025,	0.000798
448,	0.000025,	0.000005,	0.000035,	0.000798
449,	0.000025,	0.000005,	0.000045,	0.000797
450,	0.000025,	0.000005,	0.000055,	0.000797
451,	0.000025,	0.000005,	0.000065,	0.000798
452,	0.000025,	0.000005,	0.000075,	0.000798
453,	0.000025,	0.000005,	0.000085,	0.000799
454,	0.000025,	0.000005,	0.000095,	0.000800
457,	0.000025,	0.000015,	0.000005,	0.000799
458,	0.000025,	0.000015,	0.000015,	0.000797
459,	0.000025,	0.000015,	0.000025,	0.000794
460,	0.000025,	0.000015,	0.000035,	0.000792
461,	0.000025,	0.000015,	0.000045,	0.000791
462,	0.000025,	0.000015,	0.000055,	0.000791
463,	0.000025,	0.000015,	0.000065,	0.000792
464,	0.000025,	0.000015,	0.000075,	0.000794
465,	0.000025,	0.000015,	0.000085,	0.000797
466,	0.000025,	0.000015,	0.000095,	0.000799
469,	0.000025,	0.000025,	0.000005,	0.000798
470,	0.000025,	0.000025,	0.000015,	0.000794
471,	0.000025,	0.000025,	0.000025,	0.000790
472,	0.000025,	0.000025,	0.000035,	0.000786
473,	0.000025,	0.000025,	0.000045,	0.000781
474,	0.000025,	0.000025,	0.000055,	0.000781
475,	0.000025,	0.000025,	0.000065,	0.000786
476,	0.000025,	0.000025,	0.000075,	0.000790
477,	0.000025,	0.000025,	0.000085,	0.000794
478,	0.000025,	0.000025,	0.000095,	0.000798
481,	0.000025,	0.000035,	0.000005,	0.000797
482,	0.000025,	0.000035,	0.000015,	0.000792
483,	0.000025,	0.000035,	0.000025,	0.000785
484,	0.000025,	0.000035,	0.000035,	0.000773
485,	0.000025,	0.000035,	0.000045,	0.000759
486,	0.000025,	0.000035,	0.000055,	0.000759
487,	0.000025,	0.000035,	0.000065,	0.000774
488,	0.000025,	0.000035,	0.000075,	0.000785
489,	0.000025,	0.000035,	0.000085,	0.000792
490,	0.000025,	0.000035,	0.000095,	0.000797
493,	0.000025,	0.000045,	0.000005,	0.000797
494,	0.000025,	0.000045,	0.000015,	0.000790
495,	0.000025,	0.000045,	0.000025,	0.000780
496,	0.000025,	0.000045,	0.000035,	0.000756
497,	0.000025,	0.000045,	0.000045,	0.000730
498,	0.000025,	0.000045,	0.000055,	0.000731
499,	0.000025,	0.000045,	0.000065,	0.000756
500,	0.000025,	0.000045,	0.000075,	0.000780
501,	0.000025,	0.000045,	0.000085,	0.000790
502,	0.000025,	0.000045,	0.000095,	0.000797
505,	0.000025,	0.000055,	0.000005,	0.000797
506,	0.000025,	0.000055,	0.000015,	0.000790
507,	0.000025,	0.000055,	0.000025,	0.000779
508,	0.000025,	0.000055,	0.000035,	0.000752
509,	0.000025,	0.000055,	0.000045,	0.000726
510,	0.000025,	0.000055,	0.000055,	0.000726
511,	0.000025,	0.000055,	0.000065,	0.000754
512,	0.000025,	0.000055,	0.000075,	0.000779
513,	0.000025,	0.000055,	0.000085,	0.000790
514,	0.000025,	0.000055,	0.000095,	0.000797
517,	0.000025,	0.000065,	0.000005,	0.000797
518,	0.000025,	0.000065,	0.000015,	0.000791
519,	0.000025,	0.000065,	0.000025,	0.000784
520,	0.000025,	0.000065,	0.000035,	0.000768
521,	0.000025,	0.000065,	0.000045,	0.000749
522,	0.000025,	0.000065,	0.000055,	0.000749
523,	0.000025,	0.000065,	0.000065,	0.000769
524,	0.000025,	0.000065,	0.000075,	0.000784
525,	0.000025,	0.000065,	0.000085,	0.000792
526,	0.000025,	0.000065,	0.000095,	0.000797
529,	0.000025,	0.000075,	0.000005,	0.000798
530,	0.000025,	0.000075,	0.000015,	0.000794
531,	0.000025,	0.000075,	0.000025,	0.000789
532,	0.000025,	0.000075,	0.000035,	0.000783
533,	0.000025,	0.000075,	0.000045,	0.000777
534,	0.000025,	0.000075,	0.000055,	0.000777
535,	0.000025,	0.000075,	0.000065,	0.000783
536,	0.000025,	0.000075,	0.000075,	0.000789
537,	0.000025,	0.000075,	0.000085,	0.000794
538,	0.000025,	0.000075,	0.000095,	0.000798
541,	0.000025,	0.000085,	0.000005,	0.000799
542,	0.000025,	0.000085,	0.000015,	0.000796
543,	0.000025,	0.000085,	0.000025,	0.000794
544,	0.000025,	0.000085,	0.000035,	0.000791
545,	0.000025,	0.000085,	0.000045,	0.000790
546,	0.000025,	0.000085,	0.000055,	0.000790
547,	0.000025,	0.000085,	0.000065,	0.000791
548,	0.000025,	0.000085,	0.000075,	0.000794
549,	0.000025,	0.000085,	0.000085,	0.000796
550,	0.000025,	0.000085,	0.000095,	0.000799
553,	0.000025,	0.000095,	0.000005,	0.000800
554,	0.000025,	0.000095,	0.000015,	0.000799
555,	0.000025,	0.000095,	0.000025,	0.000798
556,	0.000025,	0.000095,	0.000035,	0.000797
557,	0.000025,	0.000095,	0.000045,	0.000797
558,	0.000025,	0.000095,	0.000055,	0.000797
559,	0.000025,	0.000095,	0.000065,	0.000797
560,	0.000025,	0.000095,	0.000075,	0.000798
561,	0.000025,	0.000095,	0.000085,	0.000799
562,	0.000025,	0.000095,	0.000095,	0.000800
589,	0.000035,	0.000005,	0.000005,	0.000800
590,	0.000035,	0.000005,	0.000015,	0.000799
591,	0.000035,	0.000005,	0.000025,	0.000797
592,	0.000035,	0.000005,	0.000035,	0.000797
593,	0.000035,	0.000005,	0.000045,	0.000796
594,	0.000035,	0.000005,	0.000055,	0.000796
595,	0.000035,	0.000005,	0.000065,	0.000797
596,	0.000035,	0.000005,	0.000075,	0.000798
597,	0.000035,	0.000005,	0.000085,	0.000799
598,	0.000035,	0.000005,	0.000095,	0.000800
601,	0.000035,	0.000015,	0.000005,	0.000799
602,	0.000035,	0.000015,	0.000015,	0.000795
603,	0.000035,	0.000015,	0.000025,	0.000792
604,	0.000035,	0.000015,	0.000035,	0.000789
605,	0.000035,	0.000015,	0.000045,	0.000786
606,	0.000035,	0.000015,	0.000055,	0.000786
607,	0.000035,	0.000015,	0.000065,	0.000789
608,	0.000035,	0.000015,	0.000075,	0.000792
609,	0.000035,	0.000015,	0.000085,	0.000795
610,	0.000035,	0.000015,	0.000095,	0.000799
613,	0.000035,	0.000025,	0.000005,	0.000797
614,	0.000035,	0.000025,	0.000015,	0.000792
615,	0.000035,	0.000025,	0.000025,	0.000785
616,	0.000035,	0.000025,	0.000035,	0.000774
617,	0.000035,	0.000025,	0.000045,	0.000761
618,	0.000035,	0.000025,	0.000055,	0.000761
619,	0.000035,	0.000025,	0.000065,	0.000775
620,	0.000035,	0.000025,	0.000075,	0.000786
621,	0.000035,	0.000025,	0.000085,	0.000792
622,	0.000035,	0.000025,	0.000095,	0.000797
625,	0.000035,	0.000035,	0.000005,	0.000796
626,	0.000035,	0.000035,	0.000015,	0.000788
627,	0.000035,	0.000035,	0.000025,	0.000773
628,	0.000035,	0.000035,	0.000035,	0.000731
629,	0.000035,	0.000035,	0.000045,	0.000701
630,	0.000035,	0.000035,	0.000055,	0.000701
631,	0.000035,	0.000035,	0.000065,	0.000732
632,	0.000035,	0.000035,	0.000075,	0.000774
633,	0.000035,	0.000035,	0.000085,	0.000789
634,	0.000035,	0.000035,	0.000095,	0.000796
637,	0.000035,	0.000045,	0.000005,	0.000796
638,	0.000035,	0.000045,	0.000015,	0.000784
639,	0.000035,	0.000045,	0.000025,	0.000754
640,	0.000035,	0.000045,	0.000035,	0.000695
641,	0.000035,	0.000045,	0.000045,	0.000666
642,	0.000035,	0.000045,	0.000055,	0.000667
643,	0.000035,	0.000045,	0.000065,	0.000697
644,	0.000035,	0.000045,	0.000075,	0.000755
645,	0.000035,	0.000045,	0.000085,	0.000785
646,	0.000035,	0.000045,	0.000095,	0.000796
649,	0.000035,	0.000055,	0.000005,	0.000796
650,	0.000035,	0.000055,	0.000015,	0.000784
651,	0.000035,	0.000055,	0.000025,	0.000750
652,	0.000035,	0.000055,	0.000035,	0.000690
653,	0.000035,	0.000055,	0.000045,	0.000662
654,	0.000035,	0.000055,	0.000055,	0.000663
655,	0.000035,	0.000055,	0.000065,	0.000692
656,	0.000035,	0.000055,	0.000075,	0.000753
657,	0.000035,	0.000055,	0.000085,	0.000784
658,	0.000035,	0.000055,	0.000095,	0.000796
661,	0.000035,	0.000065,	0.000005,	0.000796
662,	0.000035,	0.000065,	0.000015,	0.000787
663,	0.000035,	0.000065,	0.000025,	0.000767
664,	0.000035,	0.000065,	0.000035,	0.000716
665,	0.000035,	0.000065,	0.000045,	0.000687
666,	0.000035,	0.000065,	0.000055,	0.000687
667,	0.000035,	0.000065,	0.000065,	0.000718
668,	0.000035,	0.000065,	0.000075,	0.000768
669,	0.000035,	0.000065,	0.000085,	0.000787
670,	0.000035,	0.000065,	0.000095,	0.000796
673,	0.000035,	0.000075,	0.000005,	0.000797
674,	0.000035,	0.000075,	0.000015,	0.000791
675,	0.000035,	0.000075,	0.000025,	0.000783
676,	0.000035,	0.000075,	0.000035,	0.000765
677,	0.000035,	0.000075,	0.000045,	0.000744
678,	0.000035,	0.000075,	0.000055,	0.000744
679,	0.000035,	0.000075,	0.000065,	0.000766
680,	0.000035,	0.000075,	0.000075,	0.000783
681,	0.000035,	0.000075,	0.000085,	0.000791
682,	0.000035,	0.000075,	0.000095,	0.000797
685,	0.000035,	0.000085,	0.000005,	0.000798
686,	0.000035,	0.000085,	0.000015,	0.000795
687,	0.000035,	0.000085,	0.000025,	0.000791
688,	0.000035,	0.000085,	0.000035,	0.000787
689,	0.000035,	0.000085,	0.000045,	0.000782
690,	0.000035,	0.000085,	0.000055,	0.000782
691,	0.000035,	0.000085,	0.000065,	0.000787
692,	0.000035,	0.000085,	0.000075,	0.000791
693,	0.000035,	0.000085,	0.000085,	0.000795
694,	0.000035,	0.000085,	0.000095,	0.000798
697,	0.000035,	0.000095,	0.000005,	0.000799
698,	0.000035,	0.000095,	0.000015,	0.000798
699,	0.000035,	0.000095,	0.000025,	0.000797
700,	0.000035,	0.000095,	0.000035,	0.000796
701,	0.000035,	0.000095,	0.000045,	0.000796
702,	0.000035,	0.000095,	0.000055,	0.000796
703,	0.000035,	0.000095,	0.000065,	0.000796
704,	0.000035,	0.000095,	0.000075,	0.000797
705,	0.000035,	0.000095,	0.000085,	0.000798
706,	0.000035,	0.000095,	0.000095,	0.000799
733,	0.000045,	0.000005,	0.000005,	0.000799
734,	0.000045,	0.000005,	0.000015,	0.000798
735,	0.000045,	0.000005,	0.000025,	0.000797
736,	0.000045,	0.000005,	0.000035,	0.000796
737,	0.000045,	0.000005,	0.000045,	0.000795
738,	0.000045,	0.000005,	0.000055,	0.000795
739,	0.000045,	0.000005,	0.000065,	0.000796
740,	0.000045,	0.000005,	0.000075,	0.000797
741,	0.000045,	0.000005,	0.000085,	0.000798
742,	0.000045,	0.000005,	0.000095,	0.000799
745,	0.000045,	0.000015,	0.000005,	0.000798
746,	0.000045,	0.000015,	0.000015,	0.000795
747,	0.000045,	0.000015,	0.000025,	0.000791
748,	0.000045,	0.000015,	0.000035,	0.000786
749,	0.000045,	0.000015,	0.000045,	0.000781
750,	0.000045,	0.000015,	0.000055,	0.000782
751,	0.000045,	0.000015,	0.000065,	0.000786
752,	0.000045,	0.000015,	0.000075,	0.000791
753,	0.000045,	0.000015,	0.000085,	0.000795
754,	0.000045,	0.000015,	0.000095,	0.000798
757,	0.000045,	0.000025,	0.000005,	0.000797
758,	0.000045,	0.000025,	0.000015,	0.000791
759,	0.000045,	0.000025,	0.000025,	0.000781
760,	0.000045,	0.000025,	0.000035,	0.000760
761,	0.000045,	0.000025,	0.000045,	0.000737
762,	0.000045,	0.000025,	0.000055,	0.000738
763,	0.000045,	0.000025,	0.000065,	0.000761
764,	0.000045,	0.000025,	0.000075,	0.000781
765,	0.000045,	0.000025,	0.000085,	0.000791
766,	0.000045,	0.000025,	0.000095,	0.000797
769,	0.000045,	0.000035,	0.000005,	0.000796
770,	0.000045,	0.000035,	0.000015,	0.000785
771,	0.000045,	0.000035,	0.000025,	0.000756
772,	0.000045,	0.000035,	0.000035,	0.000698
773,	0.000045,	0.000035,	0.000045,	0.000670
774,	0.000045,	0.000035,	0.000055,	0.000670
775,	0.000045,	0.000035,	0.000065,	0.000701
776,	0.000045,	0.000035,	0.000075,	0.000758
777,	0.000045,	0.000035,	0.000085,	0.000785
778,	0.000045,	0.000035,	0.000095,	0.000796
781,	0.000045,	0.000045,	0.000005,	0.000795
782,	0.000045,	0.000045,	0.000015,	0.000778
783,	0.000045,	0.000045,	0.000025,	0.000725
784,	0.000045,	0.000045,	0.000035,	0.000664
785,	0.000045,	0.000045,	0.000045,	0.000638
786,	0.000045,	0.000045,	0.000055,	0.000639
787,	0.000045,	0.000045,	0.000065,	0.000666
788,	0.000045,	0.000045,	0.000075,	0.000728
789,	0.000045,	0.000045,	0.000085,	0.000779
790,	0.000045,	0.000045,	0.000095,	0.000795
793,	0.000045,	0.000055,	0.000005,	0.000795
794,	0.000045,	0.000055,	0.000015,	0.000777
795,	0.000045,	0.000055,	0.000025,	0.000721
796,	0.000045,	0.000055,	0.000035,	0.000660
797,	0.000045,	0.000055,	0.000045,	0.000635
798,	0.000045,	0.000055,	0.000055,	0.000635
799,	0.000045,	0.000055,	0.000065,	0.000661
800,	0.000045,	0.000055,	0.000075,	0.000724
801,	0.000045,	0.000055,	0.000085,	0.000778
802,	0.000045,	0.000055,	0.000095,	0.000795
805,	0.000045,	0.000065,	0.000005,	0.000796
806,	0.000045,	0.000065,	0.000015,	0.000783
807,	0.000045,	0.000065,	0.000025,	0.000745
808,	0.000045,	0.000065,	0.000035,	0.000684
809,	0.000045,	0.000065,	0.000045,	0.000656
810,	0.000045,	0.000065,	0.000055,	0.000656
811,	0.000045,	0.000065,	0.000065,	0.000686
812,	0.000045,	0.000065,	0.000075,	0.000747
813,	0.000045,	0.000065,	0.000085,	0.000783
814,	0.000045,	0.000065,	0.000095,	0.000796
817,	0.000045,	0.000075,	0.000005,	0.000797
818,	0.000045,	0.000075,	0.000015,	0.000789
819,	0.000045,	0.000075,	0.000025,	0.000776
820,	0.000045,	0.000075,	0.000035,	0.000741
821,	0.000045,	0.000075,	0.000045,	0.000713
822,	0.000045,	0.000075,	0.000055,	0.000714
823,	0.000045,	0.000075,	0.000065,	0.000743
824,	0.000045,	0.000075,	0.000075,	0.000777
825,	0.000045,	0.000075,	0.000085,	0.000790
826,	0.000045,	0.000075,	0.000095,	0.000797
829,	0.000045,	0.000085,	0.000005,	0.000798
830,	0.000045,	0.000085,	0.000015,	0.000794
831,	0.000045,	0.000085,	0.000025,	0.000789
832,	0.000045,	0.000085,	0.000035,	0.000782
833,	0.000045,	0.000085,	0.000045,	0.000775
834,	0.000045,	0.000085,	0.000055,	0.000775
835,	0.000045,	0.000085,	0.000065,	0.000782
836,	0.000045,	0.000085,	0.000075,	0.000789
837,	0.000045,	0.000085,	0.000085,	0.000794
838,	0.000045,	0.000085,	0.000095,	0.000798
841,	0.000045,	0.000095,	0.000005,	0.000799
842,	0.000045,	0.000095,	0.000015,	0.000798
843,	0.000045,	0.000095,	0.000025,	0.000797
844,	0.000045,	0.000095,	0.000035,	0.000795
845,	0.000045,	0.000095,	0.000045,	0.000795
846,	0.000045,	0.000095,	0.000055,	0.000795
847,	0.000045,	0.000095,	0.000065,	0.000796
848,	0.000045,	0.000095,	0.000075,	0.000797
849,	0.000045,	0.000095,	0.000085,	0.000798
850,	0.000045,	0.000095,	0.000095,	0.000799
877,	0.000055,	0.000005,	0.000005,	0.000799
878,	0.000055,	0.000005,	0.000015,	0.000798
879,	0.000055,	0.000005,	0.000025,	0.000797
880,	0.000055,	0.000005,	0.000035,	0.000796
881,	0.000055,	0.000005,	0.000045,	0.000795
882,	0.000055,	0.000005,	0.000055,	0.000795
883,	0.000055,	0.000005,	0.000065,	0.000796
884,	0.000055,	0.000005,	0.000075,	0.000797
885,	0.000055,	0.000005,	0.000085,	0.000798
886,	0.000055,	0.000005,	0.000095,	0.000799
889,	0.000055,	0.000015,	0.000005,	0.000798
890,	0.000055,	0.000015,	0.000015,	0.000795
891,	0.000055,	0.000015,	0.000025,	0.000791
892,	0.000055,	0.000015,	0.000035,	0.000786
893,	0.000055,	0.000015,	0.000045,	0.000781
894,	0.000055,	0.000015,	0.000055,	0.000781
895,	0.000055,	0.000015,	0.000065,	0.000786
896,	0.000055,	0.000015,	0.000075,	0.000791
897,	0.000055,	0.000015,	0.000085,	0.000795
898,	0.000055,	0.000015,	0.000095,	0.000798
901,	0.000055,	0.000025,	0.000005,	0.000797
902,	0.000055,	0.000025,	0.000015,	0.000790
903,	0.000055,	0.000025,	0.000025,	0.000780
904,	0.000055,	0.000025,	0.000035,	0.000759
905,	0.000055,	0.000025,	0.000045,	0.000736
906,	0.000055,	0.000025,	0.000055,	0.000736
907,	0.000055,	0.000025,	0.000065,	0.000761
908,	0.000055,	0.000025,	0.000075,	0.000781
909,	0.000055,	0.000025,	0.000085,	0.000791
910,	0.000055,	0.000025,	0.000095,	0.000797
913,	0.000055,	0.000035,	0.000005,	0.000796
914,	0.000055,	0.000035,	0.000015,	0.000785
915,	0.000055,	0.000035,	0.000025,	0.000755
916,	0.000055,	0.000035,	0.000035,	0.000697
917,	0.000055,	0.000035,	0.000045,	0.000668
918,	0.000055,	0.000035,	0.000055,	0.000669
919,	0.000055,	0.000035,	0.000065,	0.000699
920,	0.000055,	0.000035,	0.000075,	0.000757
921,	0.000055,	0.000035,	0.000085,	0.000785
922,	0.000055,	0.000035,	0.000095,	0.000796
925,	0.000055,	0.000045,	0.000005,	0.000795
926,	0.000055,	0.000045,	0.000015,	0.000778
927,	0.000055,	0.000045,	0.000025,	0.000724
928,	0.000055,	0.000045,	0.000035,	0.000662
929,	0.000055,	0.000045,	0.000045,	0.000637
930,	0.000055,	0.000045,	0.000055,	0.000637
931,	0.000055,	0.000045,	0.000065,	0.000664
932,	0.000055,	0.000045,	0.000075,	0.000727
933,	0.000055,	0.000045,	0.000085,	0.000779
934,	0.000055,	0.000045,	0.000095,	0.000795
937,	0.000055,	0.000055,	0.000005,	0.000795
938,	0.000055,	0.000055,	0.000015,	0.000777
939,	0.000055,	0.000055,	0.000025,	0.000719
940,	0.000055,	0.000055,	0.000035,	0.000658
941,	0.000055,	0.000055,	0.000045,	0.000633
942,	0.000055,	0.000055,	0.000055,	0.000634
943,	0.000055,	0.000055,	0.000065,	0.000660
944,	0.000055,	0.000055,	0.000075,	0.000722
945,	0.000055,	0.000055,	0.000085,	0.000778
946,	0.000055,	0.000055,	0.000095,	0.000795
949,	0.000055,	0.000065,	0.000005,	0.000796
950,	0.000055,	0.000065,	0.000015,	0.000783
951,	0.000055,	0.000065,	0.000025,	0.000744
952,	0.000055,	0.000065,	0.000035,	0.000682
953,	0.000055,	0.000065,	0.000045,	0.000654
954,	0.000055,	0.000065,	0.000055,	0.000655
955,	0.000055,	0.000065,	0.000065,	0.000684
956,	0.000055,	0.000065,	0.000075,	0.000746
957,	0.000055,	0.000065,	0.000085,	0.000783
958,	0.000055,	0.000065,	0.000095,	0.000796
961,	0.000055,	0.000075,	0.000005,	0.000797
962,	0.000055,	0.000075,	0.000015,	0.000789
963,	0.000055,	0.000075,	0.000025,	0.000775
964,	0.000055,	0.000075,	0.000035,	0.000740
965,	0.000055,	0.000075,	0.000045,	0.000711
966,	0.000055,	0.000075,	0.000055,	0.000711
967,	0.000055,	0.000075,	0.000065,	0.000742
968,	0.000055,	0.000075,	0.000075,	0.000776
969,	0.000055,	0.000075,	0.000085,	0.000789
970,	0.000055,	0.000075,	0.000095,	0.000797
973,	0.000055,	0.000085,	0.000005,	0.000798
974,	0.000055,	0.000085,	0.000015,	0.000794
975,	0.000055,	0.000085,	0.000025,	0.000789
976,	0.000055,	0.000085,	0.000035,	0.000782
977,	0.000055,	0.000085,	0.000045,	0.000774
978,	0.000055,	0.000085,	0.000055,	0.000774
979,	0.000055,	0.000085,	0.000065,	0.000782
980,	0.000055,	0.000085,	0.000075,	0.000789
981,	0.000055,	0.000085,	0.000085,	0.000794
982,	0.000055,	0.000085,	0.000095,	0.000798
985,	0.000055,	0.000095,	0.000005,	0.000799
986,	0.000055,	0.000095,	0.000015,	0.000798
987,	0.000055,	0.000095,	0.000025,	0.000797
988,	0.000055,	0.000095,	0.000035,	0.000795
989,	0.000055,	0.000095,	0.000045,	0.000795
990,	0.000055,	0.000095,	0.000055,	0.000795
991,	0.000055,	0.000095,	0.000065,	0.000795
992,	0.000055,	0.000095,	0.000075,	0.000797
993,	0.000055,	0.000095,	0.000085,	0.000798
994,	0.000055,	0.000095,	0.000095,	0.000799
1021,	0.000065,	0.000005,	0.000005,	0.000800
1022,	0.000065,	0.000005,	0.000015,	0.000798
1023,	0.000065,	0.000005,	0.000025,	0.000797
1024,	0.000065,	0.000005,	0.000035,	0.000796
1025,	0.000065,	0.000005,	0.000045,	0.000796
1026,	0.000065,	0.000005,	0.000055,	0.000796
1027,	0.000065,	0.000005,	0.000065,	0.000797
1028,	0.000065,	0.000005,	0.000075,	0.000797
1029,	0.000065,	0.000005,	0.000085,	0.000799
1030,	0.000065,	0.000005,	0.000095,	0.000800
1033,	0.000065,	0.000015,	0.000005,	0.000798
1034,	0.000065,	0.000015,	0.000015,	0.000795
1035,	0.000065,	0.000015,	0.000025,	0.000792
1036,	0.000065,	0.000015,	0.000035,	0.000788
1037,	0.000065,	0.000015,	0.000045,	0.000786
1038,	0.000065,	0.000015,	0.000055,	0.000786
1039,	0.000065,	0.000015,	0.000065,	0.000789
1040,	0.000065,	0.000015,	0.000075,	0.000792
1041,	0.000065,	0.000015,	0.000085,	0.000795
1042,	0.000065,	0.000015,	0.000095,	0.000799
1045,	0.000065,	0.000025,	0.000005,	0.000797
1046,	0.000065,	0.000025,	0.000015,	0.000792
1047,	0.000065,	0.000025,	0.000025,	0.000785
1048,	0.000065,	0.000025,	0.000035,	0.000773
1049,	0.000065,	0.000025,	0.000045,	0.000759
1050,	0.000065,	0.000025,	0.000055,	0.000759
1051,	0.000065,	0.000025,	0.000065,	0.000774
1052,	0.000065,	0.000025,	0.000075,	0.000785
1053,	0.000065,	0.000025,	0.000085,	0.000792
1054,	0.000065,	0.000025,	0.000095,	0.000797
1057,	0.000065,	0.000035,	0.000005,	0.000796
1058,	0.000065,	0.000035,	0.000015,	0.000788
1059,	0.000065,	0.000035,	0.000025,	0.000771
1060,	0.000065,	0.000035,	0.000035,	0.000726
1061,	0.000065,	0.000035,	0.000045,	0.000696
1062,	0.000065,	0.000035,	0.000055,	0.000697
1063,	0.000065,	0.000035,	0.000065,	0.000729
1064,	0.000065,	0.000035,	0.000075,	0.000772
1065,	0.000065,	0.000035,	0.000085,	0.000788
1066,	0.000065,	0.000035,	0.000095,	0.000796
1069,	0.000065,	0.000045,	0.000005,	0.000796
1070,	0.000065,	0.000045,	0.000015,	0.000784
1071,	0.000065,	0.000045,	0.000025,	0.000750
1072,	0.000065,	0.000045,	0.000035,	0.000690
1073,	0.000065,	0.000045,	0.000045,	0.000662
1074,	0.000065,	0.000045,	0.000055,	0.000662
1075,	0.000065,	0.000045,	0.000065,	0.000693
1076,	0.000065,	0.000045,	0.000075,	0.000753
1077,	0.000065,	0.000045,	0.000085,	0.000784
1078,	0.000065,	0.000045,	0.000095,	0.000796
1081,	0.000065,	0.000055,	0.000005,	0.000796
1082,	0.000065,	0.000055,	0.000015,	0.000783
1083,	0.000065,	0.000055,	0.000025,	0.000746
1084,	0.000065,	0.000055,	0.000035,	0.000685
1085,	0.000065,	0.000055,	0.000045,	0.000657
1086,	0.000065,	0.000055,	0.000055,	0.000658
1087,	0.000065,	0.000055,	0.000065,	0.000688
1088,	0.000065,	0.000055,	0.000075,	0.000749
1089,	0.000065,	0.000055,	0.000085,	0.000784
1090,	0.000065,	0.000055,	0.000095,	0.000796
1093,	0.000065,	0.000065,	0.000005,	0.000796
1094,	0.000065,	0.000065,	0.000015,	0.000787
1095,	0.000065,	0.000065,	0.000025,	0.000764
1096,	0.000065,	0.000065,	0.000035,	0.000712
1097,	0.000065,	0.000065,	0.000045,	0.000681
1098,	0.000065,	0.000065,	0.000055,	0.000682
1099,	0.000065,	0.000065,	0.000065,	0.000714
1100,	0.000065,	0.000065,	0.000075,	0.000766
1101,	0.000065,	0.000065,	0.000085,	0.000787
1102,	0.000065,	0.000065,	0.000095,	0.000796
1105,	0.000065,	0.000075,	0.000005,	0.000797
1106,	0.000065,	0.000075,	0.000015,	0.000791
1107,	0.000065,	0.000075,	0.000025,	0.000782
1108,	0.000065,	0.000075,	0.000035,	0.000762
1109,	0.000065,	0.000075,	0.000045,	0.000739
1110,	0.000065,	0.000075,	0.000055,	0.000740
1111,	0.000065,	0.000075,	0.000065,	0.000763
1112,	0.000065,	0.000075,	0.000075,	0.000783
1113,	0.000065,	0.000075,	0.000085,	0.000791
1114,	0.000065,	0.000075,	0.000095,	0.000797
1117,	0.000065,	0.000085,	0.000005,	0.000798
1118,	0.000065,	0.000085,	0.000015,	0.000795
1119,	0.000065,	0.000085,	0.000025,	0.000791
1120,	0.000065,	0.000085,	0.000035,	0.000786
1121,	0.000065,	0.000085,	0.000045,	0.000782
1122,	0.000065,	0.000085,	0.000055,	0.000782
1123,	0.000065,	0.000085,	0.000065,	0.000786
1124,	0.000065,	0.000085,	0.000075,	0.000791
1125,	0.000065,	0.000085,	0.000085,	0.000795
1126,	0.000065,	0.000085,	0.000095,	0.000798
1129,	0.000065,	0.000095,	0.000005,	0.000799
1130,	0.000065,	0.000095,	0.000015,	0.000798
1131,	0.000065,	0.000095,	0.000025,	0.000797
1132,	0.000065,	0.000095,	0.000035,	0.000796
1133,	0.000065,	0.000095,	0.000045,	0.000795
1134,	0.000065,	0.000095,	0.000055,	0.000795
1135,	0.000065,	0.000095,	0.000065,	0.000796
1136,	0.000065,	0.000095,	0.000075,	0.000797
1137,	0.000065,	0.000095,	0.000085,	0.000798
1138,	0.000065,	0.000095,	0.000095,	0.000799
1165,	0.000075,	0.000005,	0.000005,	0.000800
1166,	0.000075,	0.000005,	0.000015,	0.000799
1167,	0.000075,	0.000005,	0.000025,	0.000798
1168,	0.000075,	0.000005,	0.000035,	0.000797
1169,	0.000075,	0.000005,	0.000045,	0.000797
1170,	0.000075,	0.000005,	0.000055,	0.000797
1171,	0.000075,	0.000005,	0.000065,	0.000797
1172,	0.000075,	0.000005,	0.000075,	0.000798
1173,	0.000075,	0.000005,	0.000085,	0.000799
1174,	0.000075,	0.000005,	0.000095,	0.000800
1177,	0.000075,	0.000015,	0.000005,	0.000799
1178,	0.000075,	0.000015,	0.000015,	0.000797
1179,	0.000075,	0.000015,	0.000025,	0.000794
1180,	0.000075,	0.000015,	0.000035,	0.000792
1181,	0.000075,	0.000015,	0.000045,	0.000791
1182,	0.000075,	0.000015,	0.000055,	0.000791
1183,	0.000075,	0.000015,	0.000065,	0.000792
1184,	0.000075,	0.000015,	0.000075,	0.000794
1185,	0.000075,	0.000015,	0.000085,	0.000797
1186,	0.000075,	0.000015,	0.000095,	0.000799
1189,	0.000075,	0.000025,	0.000005,	0.000798
1190,	0.000075,	0.000025,	0.000015,	0.000794
1191,	0.000075,	0.000025,	0.000025,	0.000790
1192,	0.000075,	0.000025,	0.000035,	0.000785
1193,	0.000075,	0.000025,	0.000045,	0.000780
1194,	0.000075,	0.000025,	0.000055,	0.000780
1195,	0.000075,	0.000025,	0.000065,	0.000785
1196,	0.000075,	0.000025,	0.000075,	0.000790
1197,	0.000075,	0.000025,	0.000085,	0.000794
1198,	0.000075,	0.000025,	0.000095,	0.000798
1201,	0.000075,	0.000035,	0.000005,	0.000797
1202,	0.000075,	0.000035,	0.000015,	0.000792
1203,	0.000075,	0.000035,	0.000025,	0.000784
1204,	0.000075,	0.000035,	0.000035,	0.000770
1205,	0.000075,	0.000035,	0.000045,	0.000754
1206,	0.000075,	0.000035,	0.000055,	0.000755
1207,	0.000075,	0.000035,	0.000065,	0.000772
1208,	0.000075,	0.000035,	0.000075,	0.000785
1209,	0.000075,	0.000035,	0.000085,	0.000792
1210,	0.000075,	0.000035,	0.000095,	0.000797
1213,	0.000075,	0.000045,	0.000005,	0.000797
1214,	0.000075,	0.000045,	0.000015,	0.000790
1215,	0.000075,	0.000045,	0.000025,	0.000778
1216,	0.000075,	0.000045,	0.000035,	0.000749
1217,	0.000075,	0.000045,	0.000045,	0.000723
1218,	0.000075,	0.000045,	0.000055,	0.000723
1219,	0.000075,	0.000045,	0.000065,	0.000752
1220,	0.000075,	0.000045,	0.000075,	0.000779
1221,	0.000075,	0.000045,	0.000085,	0.000790
1222,	0.000075,	0.000045,	0.000095,	0.000797
1225,	0.000075,	0.000055,	0.000005,	0.000797
1226,	0.000075,	0.000055,	0.000015,	0.000790
1227,	0.000075,	0.000055,	0.000025,	0.000777
1228,	0.000075,	0.000055,	0.000035,	0.000746
1229,	0.000075,	0.000055,	0.000045,	0.000717
1230,	0.000075,	0.000055,	0.000055,	0.000719
1231,	0.000075,	0.000055,	0.000065,	0.000748
1232,	0.000075,	0.000055,	0.000075,	0.000778
1233,	0.000075,	0.000055,	0.000085,	0.000790
1234,	0.000075,	0.000055,	0.000095,	0.000797
1237,	0.000075,	0.000065,	0.000005,	0.000797
1238,	0.000075,	0.000065,	0.000015,	0.000791
1239,	0.000075,	0.000065,	0.000025,	0.000782
1240,	0.000075,	0.000065,	0.000035,	0.000764
1241,	0.000075,	0.000065,	0.000045,	0.000742
1242,	0.000075,	0.000065,	0.000055,	0.000743
1243,	0.000075,	0.000065,	0.000065,	0.000765
1244,	0.000075,	0.000065,	0.000075,	0.000783
1245,	0.000075,	0.000065,	0.000085,	0.000791
1246,	0.000075,	0.000065,	0.000095,	0.000797
1249,	0.000075,	0.000075,	0.000005,	0.000798
1250,	0.000075,	0.000075,	0.000015,	0.000794
1251,	0.000075,	0.000075,	0.000025,	0.000789
1252,	0.000075,	0.000075,	0.000035,	0.000782
1253,	0.000075,	0.000075,	0.000045,	0.000775
1254,	0.000075,	0.000075,	0.000055,	0.000775
1255,	0.000075,	0.000075,	0.000065,	0.000782
1256,	0.000075,	0.000075,	0.000075,	0.000789
1257,	0.000075,	0.000075,	0.000085,	0.000794
1258,	0.000075,	0.000075,	0.000095,	0.000798
1261,	0.000075,	0.000085,	0.000005,	0.000799
1262,	0.000075,	0.000085,	0.000015,	0.000796
1263,	0.000075,	0.000085,	0.000025,	0.000793
1264,	0.000075,	0.000085,	0.000035,	0.000791
1265,	0.000075,	0.000085,	0.000045,	0.000789
1266,	0.000075,	0.000085,	0.000055,	0.000789
1267,	0.000075,	0.000085,	0.000065,	0.000791
1268,	0.000075,	0.000085,	0.000075,	0.000794
1269,	0.000075,	0.000085,	0.000085,	0.000796
1270,	0.000075,	0.000085,	0.000095,	0.000799
1273,	0.000075,	0.000095,	0.000005,	0.000800
1274,	0.000075,	0.000095,	0.000015,	0.000799
1275,	0.000075,	0.000095,	0.000025,	0.000798
1276,	0.000075,	0.000095,	0.000035,	0.000797
1277,	0.000075,	0.000095,	0.000045,	0.000797
1278,	0.000075,	0.000095,	0.000055,	0.000797
1279,	0.000075,	0.000095,	0.000065,	0.000797
1280,	0.000075,	0.000095,	0.000075,	0.000798
1281,	0.000075,	0.000095,	0.000085,	0.000799
1282,	0.000075,	0.000095,	0.000095,	0.000800
1309,	0.000085,	0.000005,	0.000005,	0.000800
1310,	0.000085,	0.000005,	0.000015,	0.000799
1311,	0.000085,	0.000005,	0.000025,	0.000799
1312,	0.000085,	0.000005,	0.000035,	0.000798
1313,	0.000085,	0.000005,	0.000045,	0.000798
1314,	0.000085,	0.000005,	0.000055,	0.000798
1315,	0.000085,	0.000005,	0.000065,	0.000799
1316,	0.000085,	0.000005,	0.000075,	0.000799
1317,	0.000085,	0.000005,	0.000085,	0.000799
1318,	0.000085,	0.000005,	0.000095,	0.000800
1321,	0.000085,	0.000015,	0.000005,	0.000799
1322,	0.000085,	0.000015,	0.000015,	0.000798
1323,	0.000085,	0.000015,	0.000025,	0.000797
1324,	0.000085,	0.000015,	0.000035,	0.000795
1325,	0.000085,	0.000015,	0.000045,	0.000795
1326,	0.000085,	0.000015,	0.000055,	0.000795
1327,	0.000085,	0.000015,	0.000065,	0.000795
1328,	0.000085,	0.000015,	0.000075,	0.000797
1329,	0.000085,	0.000015,	0.000085,	0.000798
1330,	0.000085,	0.000015,	0.000095,	0.000799
1333,	0.000085,	0.000025,	0.000005,	0.000799
1334,	0.000085,	0.000025,	0.000015,	0.000797
1335,	0.000085,	0.000025,	0.000025,	0.000794
1336,	0.000085,	0.000025,	0.000035,	0.000792
1337,	0.000085,	0.000025,	0.000045,	0.000790
1338,	0.000085,	0.000025,	0.000055,	0.000790
1339,	0.000085,	0.000025,	0.000065,	0.000792
1340,	0.000085,	0.000025,	0.000075,	0.000794
1341,	0.000085,	0.000025,	0.000085,	0.000797
1342,	0.000085,	0.000025,	0.000095,	0.000799
1345,	0.000085,	0.000035,	0.000005,	0.000798
1346,	0.000085,	0.000035,	0.000015,	0.000795
1347,	0.000085,	0.000035,	0.000025,	0.000792
1348,	0.000085,	0.000035,	0.000035,	0.000788
1349,	0.000085,	0.000035,	0.000045,	0.000784
1350,	0.000085,	0.000035,	0.000055,	0.000785
1351,	0.000085,	0.000035,	0.000065,	0.000788
1352,	0.000085,	0.000035,	0.000075,	0.000792
1353,	0.000085,	0.000035,	0.000085,	0.000795
1354,	0.000085,	0.000035,	0.000095,	0.000798
1357,	0.000085,	0.000045,	0.000005,	0.000798
1358,	0.000085,	0.000045,	0.000015,	0.000794
1359,	0.000085,	0.000045,	0.000025,	0.000790
1360,	0.000085,	0.000045,	0.000035,	0.000784
1361,	0.000085,	0.000045,	0.000045,	0.000778
1362,	0.000085,	0.000045,	0.000055,	0.000778
1363,	0.000085,	0.000045,	0.000065,	0.000784
1364,	0.000085,	0.000045,	0.000075,	0.000790
1365,	0.000085,	0.000045,	0.000085,	0.000794
1366,	0.000085,	0.000045,	0.000095,	0.000798
1369,	0.000085,	0.000055,	0.000005,	0.000798
1370,	0.000085,	0.000055,	0.000015,	0.000794
1371,	0.000085,	0.000055,	0.000025,	0.000790
1372,	0.000085,	0.000055,	0.000035,	0.000783
1373,	0.000085,	0.000055,	0.000045,	0.000776
1374,	0.000085,	0.000055,	0.000055,	0.000777
1375,	0.000085,	0.000055,	0.000065,	0.000783
1376,	0.000085,	0.000055,	0.000075,	0.000790
1377,	0.000085,	0.000055,	0.000085,	0.000794
1378,	0.000085,	0.000055,	0.000095,	0.000798
1381,	0.000085,	0.000065,	0.000005,	0.000798
1382,	0.000085,	0.000065,	0.000015,	0.000795
1383,	0.000085,	0.000065,	0.000025,	0.000791
1384,	0.000085,	0.000065,	0.000035,	0.000786
1385,	0.000085,	0.000065,	0.000045,	0.000782
1386,	0.000085,	0.000065,	0.000055,	0.000782
1387,	0.000085,	0.000065,	0.000065,	0.000787
1388,	0.000085,	0.000065,	0.000075,	0.000791
1389,	0.000085,	0.000065,	0.000085,	0.000795
1390,	0.000085,	0.000065,	0.000095,	0.000798
1393,	0.000085,	0.000075,	0.000005,	0.000799
1394,	0.000085,	0.000075,	0.000015,	0.000796
1395,	0.000085,	0.000075,	0.000025,	0.000794
1396,	0.000085,	0.000075,	0.000035,	0.000791
1397,	0.000085,	0.000075,	0.000045,	0.000789
1398,	0.000085,	0.000075,	0.000055,	0.000789
1399,	0.000085,	0.000075,	0.000065,	0.000791
1400,	0.000085,	0.000075,	0.000075,	0.000794
1401,	0.000085,	0.000075,	0.000085,	0.000796
1402,	0.000085,	0.000075,	0.000095,	0.000799
1405,	0.000085,	0.000085,	0.000005,	0.000799
1406,	0.000085,	0.000085,	0.000015,	0.000798
1407,	0.000085,	0.000085,	0.000025,	0.000796
1408,	0.000085,	0.000085,	0.000035,	0.000795
1409,	0.000085,	0.000085,	0.000045,	0.000794
1410,	0.000085,	0.000085,	0.000055,	0.000794
1411,	0.000085,	0.000085,	0.000065,	0.000795
1412,	0.000085,	0.000085,	0.000075,	0.000796
1413,	0.000085,	0.000085,	0.000085,	0.000798
1414,	0.000085,	0.000085,	0.000095,	0.000799
1417,	0.000085,	0.000095,	0.000005,	0.000800
1418,	0.000085,	0.000095,	0.000015,	0.000799
1419,	0.000085,	0.000095,	0.000025,	0.000799
1420,	0.000085,	0.000095,	0.000035,	0.000798
1421,	0.000085,	0.000095,	0.000045,	0.000798
1422,	0.000085,	0.000095,	0.000055,	0.000798
1423,	0.000085,	0.000095,	0.000065,	0.000798
1424,	0.000085,	0.000095,	0.000075,	0.000799
1425,	0.000085,	0.000095,	0.000085,	0.000799
1426,	0.000085,	0.000095,	0.000095,	0.000800
1453,	0.000095,	0.000005,	0.000005,	0.000800
1454,	0.000095,	0.000005,	0.000015,	0.000800
1455,	0.000095,	0.000005,	0.000025,	0.000800
1456,	0.000095,	0.000005,	0.000035,	0.000800
1457,	0.000095,	0.000005,	0.000045,	0.000799
1458,	0.000095,	0.000005,	0.000055,	0.000799
1459,	0.000095,	0.000005,	0.000065,	0.000800
1460,	0.000095,	0.000005,	0.000075,	0.000800
1461,	0.000095,	0.000005,	0.000085,	0.000800
1462,	0.000095,	0.000005,	0.000095,	0.000800
1465,	0.000095,	0.000015,	0.000005,	0.000800
1466,	0.000095,	0.000015,	0.000015,	0.000799
1467,	0.000095,	0.000015,	0.000025,	0.000799
1468,	0.000095,	0.000015,	0.000035,	0.000798
1469,	0.000095,	0.000015,	0.000045,	0.000798
1470,	0.000095,	0.000015,	0.000055,	0.000798
1471,	0.000095,	0.000015,	0.000065,	0.000798
1472,	0.000095,	0.000015,	0.000075,	0.000799
1473,	0.000095,	0.000015,	0.000085,	0.000799
1474,	0.000095,	0.000015,	0.000095,	0.000800
1477,	0.000095,	0.000025,	0.000005,	0.000800
1478,	0.000095,	0.000025,	0.000015,	0.000799
1479,	0.000095,	0.000025,	0.000025,	0.000798
1480,	0.000095,	0.000025,	0.000035,	0.000797
1481,	0.000095,	0.000025,	0.000045,	0.000797
1482,	0.000095,	0.000025,	0.000055,	0.000797
1483,	0.000095,	0.000025,	0.000065,	0.000797
1484,	0.000095,	0.000025,	0.000075,	0.000798
1485,	0.000095,	0.000025,	0.000085,	0.000799
1486,	0.000095,	0.000025,	0.000095,	0.000800
1489,	0.000095,	0.000035,	0.000005,	0.000799
1490,	0.000095,	0.000035,	0.000015,	0.000798
1491,	0.000095,	0.000035,	0.000025,	0.000797
1492,	0.000095,	0.000035,	0.000035,	0.000796
1493,	0.000095,	0.000035,	0.000045,	0.000796
1494,	0.000095,	0.000035,	0.000055,	0.000796
1495,	0.000095,	0.000035,	0.000065,	0.000796
1496,	0.000095,	0.000035,	0.000075,	0.000797
1497,	0.000095,	0.000035,	0.000085,	0.000798
1498,	0.000095,	0.000035,	0.000095,	0.000799
1501,	0.000095,	0.000045,	0.000005,	0.000799
1502,	0.000095,	0.000045,	0.000015,	0.000798
1503,	0.000095,	0.000045,	0.000025,	0.000797
1504,	0.000095,	0.000045,	0.000035,	0.000796
1505,	0.000095,	0.000045,	0.000045,	0.000795
1506,	0.000095,	0.000045,	0.000055,	0.000795
1507,	0.000095,	0.000045,	0.000065,	0.000796
1508,	0.000095,	0.000045,	0.000075,	0.000797
1509,	0.000095,	0.000045,	0.000085,	0.000798
1510,	0.000095,	0.000045,	0.000095,	0.000799
1513,	0.000095,	0.000055,	0.000005,	0.000799
1514,	0.000095,	0.000055,	0.000015,	0.000798
1515,	0.000095,	0.000055,	0.000025,	0.000797
1516,	0.000095,	0.000055,	0.000035,	0.000796
1517,	0.000095,	0.000055,	0.000045,	0.000795
1518,	0.000095,	0.000055,	0.000055,	0.000795
1519,	0.000095,	0.000055,	0.000065,	0.000796
1520,	0.000095,	0.000055,	0.000075,	0.000797
1521,	0.000095,	0.000055,	0.000085,	0.000798
1522,	0.000095,	0.000055,	0.000095,	0.000799
1525,	0.000095,	0.000065,	0.000005,	0.000799
1526,	0.000095,	0.000065,	0.000015,	0.000798
1527,	0.000095,	0.000065,	0.000025,	0.000797
1528,	0.000095,	0.000065,	0.000035,	0.000796
1529,	0.000095,	0.000065,	0.000045,	0.000796
1530,	0.000095,	0.000065,	0.000055,	0.000796
1531,	0.000095,	0.000065,	0.000065,	0.000796
1532,	0.000095,	0.000065,	0.000075,	0.000797
1533,	0.000095,	0.000065,	0.000085,	0.000798
1534,	0.000095,	0.000065,	0.000095,	0.000799
1537,	0.000095,	0.000075,	0.000005,	0.000800
1538,	0.000095,	0.000075,	0.000015,	0.000799
1539,	0.000095,	0.000075,	0.000025,	0.000798
1540,	0.000095,	0.000075,	0.000035,	0.000797
1541,	0.000095,	0.000075,	0.000045,	0.000797
1542,	0.000095,	0.000075,	0.000055,	0.000797
1543,	0.000095,	0.000075,	0.000065,	0.000797
1544,	0.000095,	0.000075,	0.000075,	0.000798
1545,	0.000095,	0.000075,	0.000085,	0.000799
1546,	0.000095,	0.000075,	0.000095,	0.000800
1549,	0.000095,	0.000085,	0.000005,	0.000800
1550,	0.000095,	0.000085,	0.000015,	0.000799
1551,	0.000095,	0.000085,	0.000025,	0.000799
1552,	0.000095,	0.000085,	0.000035,	0.000798
1553,	0.000095,	0.000085,	0.000045,	0.000798
1554,	0.000095,	0.000085,	0.000055,	0.000798
1555,	0.000095,	0.000085,	0.000065,	0.000798
1556,	0.000095,	0.000085,	0.000075,	0.000799
1557,	0.000095,	0.000085,	0.000085,	0.000799
1558,	0.000095,	0.000085,	0.000095,	0.000800
1561,	0.000095,	0.000095,	0.000005,	0.000800
1562,	0.000095,	0.000095,	0.000015,	0.000800
1563,	0.000095,	0.000095,	0.000025,	0.000800
1564,	0.000095,	0.000095,	0.000035,	0.000799
1565,	0.000095,	0.000095,	0.000045,	0.000799
1566,	0.000095,	0.000095,	0.000055,	0.000799
1567,	0.000095,	0.000095,	0.000065,	0.000799
1568,	0.000095,	0.000095,	0.000075,	0.000800
1569,	0.000095,	0.000095,	0.000085,	0.000800
1570,	0.000095,	0.000095,	0.000095,	0.000800
