,x,y,z,scalar,1,1,1,0.5
157,	0.000005,	0.000005,	0.000005,	0.000800
158,	0.000005,	0.000005,	0.000015,	0.000799
159,	0.000005,	0.000005,	0.000025,	0.000799
160,	0.000005,	0.000005,	0.000035,	0.000799
161,	0.000005,	0.000005,	0.000045,	0.000799
162,	0.000005,	0.000005,	0.000055,	0.000799
163,	0.000005,	0.000005,	0.000065,	0.000799
164,	0.000005,	0.000005,	0.000075,	0.000799
165,	0.000005,	0.000005,	0.000085,	0.000799
166,	0.000005,	0.000005,	0.000095,	0.000800
169,	0.000005,	0.000015,	0.000005,	0.000799
170,	0.000005,	0.000015,	0.000015,	0.000798
171,	0.000005,	0.000015,	0.000025,	0.000797
172,	0.000005,	0.000015,	0.000035,	0.000796
173,	0.000005,	0.000015,	0.000045,	0.000796
174,	0.000005,	0.000015,	0.000055,	0.000796
175,	0.000005,	0.000015,	0.000065,	0.000796
176,	0.000005,	0.000015,	0.000075,	0.000797
177,	0.000005,	0.000015,	0.000085,	0.000798
178,	0.000005,	0.000015,	0.000095,	0.000799
181,	0.000005,	0.000025,	0.000005,	0.000799
182,	0.000005,	0.000025,	0.000015,	0.000797
183,	0.000005,	0.000025,	0.000025,	0.000796
184,	0.000005,	0.000025,	0.000035,	0.000794
185,	0.000005,	0.000025,	0.000045,	0.000793
186,	0.000005,	0.000025,	0.000055,	0.000793
187,	0.000005,	0.000025,	0.000065,	0.000794
188,	0.000005,	0.000025,	0.000075,	0.000796
189,	0.000005,	0.000025,	0.000085,	0.000797
190,	0.000005,	0.000025,	0.000095,	0.000799
193,	0.000005,	0.000035,	0.000005,	0.000799
194,	0.000005,	0.000035,	0.000015,	0.000796
195,	0.000005,	0.000035,	0.000025,	0.000794
196,	0.000005,	0.000035,	0.000035,	0.000790
197,	0.000005,	0.000035,	0.000045,	0.000788
198,	0.000005,	0.000035,	0.000055,	0.000788
199,	0.000005,	0.000035,	0.000065,	0.000790
200,	0.000005,	0.000035,	0.000075,	0.000794
201,	0.000005,	0.000035,	0.000085,	0.000796
202,	0.000005,	0.000035,	0.000095,	0.000799
205,	0.000005,	0.000045,	0.000005,	0.000799
206,	0.000005,	0.000045,	0.000015,	0.000796
207,	0.000005,	0.000045,	0.000025,	0.000792
208,	0.000005,	0.000045,	0.000035,	0.000787
209,	0.000005,	0.000045,	0.000045,	0.000783
210,	0.000005,	0.000045,	0.000055,	0.000783
211,	0.000005,	0.000045,	0.000065,	0.000787
212,	0.000005,	0.000045,	0.000075,	0.000792
213,	0.000005,	0.000045,	0.000085,	0.000796
214,	0.000005,	0.000045,	0.000095,	0.000799
217,	0.000005,	0.000055,	0.000005,	0.000799
218,	0.000005,	0.000055,	0.000015,	0.000796
219,	0.000005,	0.000055,	0.000025,	0.000792
220,	0.000005,	0.000055,	0.000035,	0.000787
221,	0.000005,	0.000055,	0.000045,	0.000783
222,	0.000005,	0.000055,	0.000055,	0.000783
223,	0.000005,	0.000055,	0.000065,	0.000787
224,	0.000005,	0.000055,	0.000075,	0.000792
225,	0.000005,	0.000055,	0.000085,	0.000796
226,	0.000005,	0.000055,	0.000095,	0.000799
229,	0.000005,	0.000065,	0.000005,	0.000799
230,	0.000005,	0.000065,	0.000015,	0.000796
231,	0.000005,	0.000065,	0.000025,	0.000793
232,	0.000005,	0.000065,	0.000035,	0.000789
233,	0.000005,	0.000065,	0.000045,	0.000786
234,	0.000005,	0.000065,	0.000055,	0.000786
235,	0.000005,	0.000065,	0.000065,	0.000789
236,	0.000005,	0.000065,	0.000075,	0.000793
237,	0.000005,	0.000065,	0.000085,	0.000796
238,	0.000005,	0.000065,	0.000095,	0.000799
241,	0.000005,	0.000075,	0.000005,	0.000799
242,	0.000005,	0.000075,	0.000015,	0.000797
243,	0.000005,	0.000075,	0.000025,	0.000795
244,	0.000005,	0.000075,	0.000035,	0.000793
245,	0.000005,	0.000075,	0.000045,	0.000791
246,	0.000005,	0.000075,	0.000055,	0.000791
247,	0.000005,	0.000075,	0.000065,	0.000793
248,	0.000005,	0.000075,	0.000075,	0.000795
249,	0.000005,	0.000075,	0.000085,	0.000797
250,	0.000005,	0.000075,	0.000095,	0.000799
253,	0.000005,	0.000085,	0.000005,	0.000799
254,	0.000005,	0.000085,	0.000015,	0.000798
255,	0.000005,	0.000085,	0.000025,	0.000797
256,	0.000005,	0.000085,	0.000035,	0.000796
257,	0.000005,	0.000085,	0.000045,	0.000795
258,	0.000005,	0.000085,	0.000055,	0.000795
259,	0.000005,	0.000085,	0.000065,	0.000796
260,	0.000005,	0.000085,	0.000075,	0.000797
261,	0.000005,	0.000085,	0.000085,	0.000798
262,	0.000005,	0.000085,	0.000095,	0.000799
265,	0.000005,	0.000095,	0.000005,	0.000800
266,	0.000005,	0.000095,	0.000015,	0.000799
267,	0.000005,	0.000095,	0.000025,	0.000799
268,	0.000005,	0.000095,	0.000035,	0.000799
269,	0.000005,	0.000095,	0.000045,	0.000798
270,	0.000005,	0.000095,	0.000055,	0.000798
271,	0.000005,	0.000095,	0.000065,	0.000799
272,	0.000005,	0.000095,	0.000075,	0.000799
273,	0.000005,	0.000095,	0.000085,	0.000799
274,	0.000005,	0.000095,	0.000095,	0.000800
301,	0.000015,	0.000005,	0.000005,	0.000799
302,	0.000015,	0.000005,	0.000015,	0.000798
303,	0.000015,	0.000005,	0.000025,	0.000797
304,	0.000015,	0.000005,	0.000035,	0.000796
305,	0.000015,	0.000005,	0.000045,	0.000796
306,	0.000015,	0.000005,	0.000055,	0.000796
307,	0.000015,	0.000005,	0.000065,	0.000796
308,	0.000015,	0.000005,	0.000075,	0.000797
309,	0.000015,	0.000005,	0.000085,	0.000798
310,	0.000015,	0.000005,	0.000095,	0.000799
313,	0.000015,	0.000015,	0.000005,	0.000798
314,	0.000015,	0.000015,	0.000015,	0.000795
315,	0.000015,	0.000015,	0.000025,	0.000792
316,	0.000015,	0.000015,	0.000035,	0.000788
317,	0.000015,	0.000015,	0.000045,	0.000786
318,	0.000015,	0.000015,	0.000055,	0.000786
319,	0.000015,	0.000015,	0.000065,	0.000789
320,	0.000015,	0.000015,	0.000075,	0.000792
321,	0.000015,	0.000015,	0.000085,	0.000795
322,	0.000015,	0.000015,	0.000095,	0.000798
325,	0.000015,	0.000025,	0.000005,	0.000797
326,	0.000015,	0.000025,	0.000015,	0.000792
327,	0.000015,	0.000025,	0.000025,	0.000785
328,	0.000015,	0.000025,	0.000035,	0.000775
329,	0.000015,	0.000025,	0.000045,	0.000765
330,	0.000015,	0.000025,	0.000055,	0.000766
331,	0.000015,	0.000025,	0.000065,	0.000775
332,	0.000015,	0.000025,	0.000075,	0.000785
333,	0.000015,	0.000025,	0.000085,	0.000792
334,	0.000015,	0.000025,	0.000095,	0.000797
337,	0.000015,	0.000035,	0.000005,	0.000796
338,	0.000015,	0.000035,	0.000015,	0.000788
339,	0.000015,	0.000035,	0.000025,	0.000773
340,	0.000015,	0.000035,	0.000035,	0.000746
341,	0.000015,	0.000035,	0.000045,	0.000725
342,	0.000015,	0.000035,	0.000055,	0.000726
343,	0.000015,	0.000035,	0.000065,	0.000747
344,	0.000015,	0.000035,	0.000075,	0.000774
345,	0.000015,	0.000035,	0.000085,	0.000788
346,	0.000015,	0.000035,	0.000095,	0.000796
349,	0.000015,	0.000045,	0.000005,	0.000796
350,	0.000015,	0.000045,	0.000015,	0.000784
351,	0.000015,	0.000045,	0.000025,	0.000761
352,	0.000015,	0.000045,	0.000035,	0.000722
353,	0.000015,	0.000045,	0.000045,	0.000698
354,	0.000015,	0.000045,	0.000055,	0.000698
355,	0.000015,	0.000045,	0.000065,	0.000722
356,	0.000015,	0.000045,	0.000075,	0.000762
357,	0.000015,	0.000045,	0.000085,	0.000785
358,	0.000015,	0.000045,	0.000095,	0.000796
361,	0.000015,	0.000055,	0.000005,	0.000796
362,	0.000015,	0.000055,	0.000015,	0.000784
363,	0.000015,	0.000055,	0.000025,	0.000759
364,	0.000015,	0.000055,	0.000035,	0.000718
365,	0.000015,	0.000055,	0.000045,	0.000694
366,	0.000015,	0.000055,	0.000055,	0.000694
367,	0.000015,	0.000055,	0.000065,	0.000718
368,	0.000015,	0.000055,	0.000075,	0.000760
369,	0.000015,	0.000055,	0.000085,	0.000784
370,	0.000015,	0.000055,	0.000095,	0.000796
373,	0.000015,	0.000065,	0.000005,	0.000796
374,	0.000015,	0.000065,	0.000015,	0.000787
375,	0.000015,	0.000065,	0.000025,	0.000769
376,	0.000015,	0.000065,	0.000035,	0.000737
377,	0.000015,	0.000065,	0.000045,	0.000714
378,	0.000015,	0.000065,	0.000055,	0.000715
379,	0.000015,	0.000065,	0.000065,	0.000738
380,	0.000015,	0.000065,	0.000075,	0.000770
381,	0.000015,	0.000065,	0.000085,	0.000787
382,	0.000015,	0.000065,	0.000095,	0.000796
385,	0.000015,	0.000075,	0.000005,	0.000797
386,	0.000015,	0.000075,	0.000015,	0.000791
387,	0.000015,	0.000075,	0.000025,	0.000782
388,	0.000015,	0.000075,	0.000035,	0.000768
389,	0.000015,	0.000075,	0.000045,	0.000754
390,	0.000015,	0.000075,	0.000055,	0.000755
391,	0.000015,	0.000075,	0.000065,	0.000768
392,	0.000015,	0.000075,	0.000075,	0.000782
393,	0.000015,	0.000075,	0.000085,	0.000791
394,	0.000015,	0.000075,	0.000095,	0.000797
397,	0.000015,	0.000085,	0.000005,	0.000798
398,	0.000015,	0.000085,	0.000015,	0.000794
399,	0.000015,	0.000085,	0.000025,	0.000791
400,	0.000015,	0.000085,	0.000035,	0.000786
401,	0.000015,	0.000085,	0.000045,	0.000782
402,	0.000015,	0.000085,	0.000055,	0.000782
403,	0.000015,	0.000085,	0.000065,	0.000786
404,	0.000015,	0.000085,	0.000075,	0.000791
405,	0.000015,	0.000085,	0.000085,	0.000794
406,	0.000015,	0.000085,	0.000095,	0.000798
409,	0.000015,	0.000095,	0.000005,	0.000799
410,	0.000015,	0.000095,	0.000015,	0.000798
411,	0.000015,	0.000095,	0.000025,	0.000797
412,	0.000015,	0.000095,	0.000035,	0.000796
413,	0.000015,	0.000095,	0.000045,	0.000795
414,	0.000015,	0.000095,	0.000055,	0.000795
415,	0.000015,	0.000095,	0.000065,	0.000796
416,	0.000015,	0.000095,	0.000075,	0.000797
417,	0.000015,	0.000095,	0.000085,	0.000798
418,	0.000015,	0.000095,	0.000095,	0.000799
445,	0.000025,	0.000005,	0.000005,	0.000799
446,	0.000025,	0.000005,	0.000015,	0.000797
447,	0.000025,	0.000005,	0.000025,	0.000796
448,	0.000025,	0.000005,	0.000035,	0.000794
449,	0.000025,	0.000005,	0.000045,	0.000793
450,	0.000025,	0.000005,	0.000055,	0.000793
451,	0.000025,	0.000005,	0.000065,	0.000794
452,	0.000025,	0.000005,	0.000075,	0.000796
453,	0.000025,	0.000005,	0.000085,	0.000797
454,	0.000025,	0.000005,	0.000095,	0.000799
457,	0.000025,	0.000015,	0.000005,	0.000797
458,	0.000025,	0.000015,	0.000015,	0.000792
459,	0.000025,	0.000015,	0.000025,	0.000785
460,	0.000025,	0.000015,	0.000035,	0.000775
461,	0.000025,	0.000015,	0.000045,	0.000767
462,	0.000025,	0.000015,	0.000055,	0.000767
463,	0.000025,	0.000015,	0.000065,	0.000776
464,	0.000025,	0.000015,	0.000075,	0.000785
465,	0.000025,	0.000015,	0.000085,	0.000792
466,	0.000025,	0.000015,	0.000095,	0.000797
469,	0.000025,	0.000025,	0.000005,	0.000795
470,	0.000025,	0.000025,	0.000015,	0.000784
471,	0.000025,	0.000025,	0.000025,	0.000762
472,	0.000025,	0.000025,	0.000035,	0.000723
473,	0.000025,	0.000025,	0.000045,	0.000699
474,	0.000025,	0.000025,	0.000055,	0.000700
475,	0.000025,	0.000025,	0.000065,	0.000724
476,	0.000025,	0.000025,	0.000075,	0.000763
477,	0.000025,	0.000025,	0.000085,	0.000785
478,	0.000025,	0.000025,	0.000095,	0.000796
481,	0.000025,	0.000035,	0.000005,	0.000794
482,	0.000025,	0.000035,	0.000015,	0.000773
483,	0.000025,	0.000035,	0.000025,	0.000718
484,	0.000025,	0.000035,	0.000035,	0.000670
485,	0.000025,	0.000035,	0.000045,	0.000648
486,	0.000025,	0.000035,	0.000055,	0.000649
487,	0.000025,	0.000035,	0.000065,	0.000671
488,	0.000025,	0.000035,	0.000075,	0.000720
489,	0.000025,	0.000035,	0.000085,	0.000774
490,	0.000025,	0.000035,	0.000095,	0.000794
493,	0.000025,	0.000045,	0.000005,	0.000792
494,	0.000025,	0.000045,	0.000015,	0.000759
495,	0.000025,	0.000045,	0.000025,	0.000690
496,	0.000025,	0.000045,	0.000035,	0.000644
497,	0.000025,	0.000045,	0.000045,	0.000624
498,	0.000025,	0.000045,	0.000055,	0.000625
499,	0.000025,	0.000045,	0.000065,	0.000646
500,	0.000025,	0.000045,	0.000075,	0.000693
501,	0.000025,	0.000045,	0.000085,	0.000762
502,	0.000025,	0.000045,	0.000095,	0.000792
505,	0.000025,	0.000055,	0.000005,	0.000792
506,	0.000025,	0.000055,	0.000015,	0.000757
507,	0.000025,	0.000055,	0.000025,	0.000687
508,	0.000025,	0.000055,	0.000035,	0.000642
509,	0.000025,	0.000055,	0.000045,	0.000621
510,	0.000025,	0.000055,	0.000055,	0.000622
511,	0.000025,	0.000055,	0.000065,	0.000642
512,	0.000025,	0.000055,	0.000075,	0.000688
513,	0.000025,	0.000055,	0.000085,	0.000759
514,	0.000025,	0.000055,	0.000095,	0.000792
517,	0.000025,	0.000065,	0.000005,	0.000793
518,	0.000025,	0.000065,	0.000015,	0.000769
519,	0.000025,	0.000065,	0.000025,	0.000707
520,	0.000025,	0.000065,	0.000035,	0.000659
521,	0.000025,	0.000065,	0.000045,	0.000638
522,	0.000025,	0.000065,	0.000055,	0.000638
523,	0.000025,	0.000065,	0.000065,	0.000660
524,	0.000025,	0.000065,	0.000075,	0.000709
525,	0.000025,	0.000065,	0.000085,	0.000769
526,	0.000025,	0.000065,	0.000095,	0.000793
529,	0.000025,	0.000075,	0.000005,	0.000795
530,	0.000025,	0.000075,	0.000015,	0.000782
531,	0.000025,	0.000075,	0.000025,	0.000749
532,	0.000025,	0.000075,	0.000035,	0.000704
533,	0.000025,	0.000075,	0.000045,	0.000680
534,	0.000025,	0.000075,	0.000055,	0.000681
535,	0.000025,	0.000075,	0.000065,	0.000705
536,	0.000025,	0.000075,	0.000075,	0.000750
537,	0.000025,	0.000075,	0.000085,	0.000782
538,	0.000025,	0.000075,	0.000095,	0.000795
541,	0.000025,	0.000085,	0.000005,	0.000797
542,	0.000025,	0.000085,	0.000015,	0.000790
543,	0.000025,	0.000085,	0.000025,	0.000781
544,	0.000025,	0.000085,	0.000035,	0.000766
545,	0.000025,	0.000085,	0.000045,	0.000751
546,	0.000025,	0.000085,	0.000055,	0.000751
547,	0.000025,	0.000085,	0.000065,	0.000766
548,	0.000025,	0.000085,	0.000075,	0.000782
549,	0.000025,	0.000085,	0.000085,	0.000791
550,	0.000025,	0.000085,	0.000095,	0.000797
553,	0.000025,	0.000095,	0.000005,	0.000799
554,	0.000025,	0.000095,	0.000015,	0.000797
555,	0.000025,	0.000095,	0.000025,	0.000795
556,	0.000025,	0.000095,	0.000035,	0.000793
557,	0.000025,	0.000095,	0.000045,	0.000791
558,	0.000025,	0.000095,	0.000055,	0.000791
559,	0.000025,	0.000095,	0.000065,	0.000793
560,	0.000025,	0.000095,	0.000075,	0.000795
561,	0.000025,	0.000095,	0.000085,	0.000797
562,	0.000025,	0.000095,	0.000095,	0.000799
589,	0.000035,	0.000005,	0.000005,	0.000799
590,	0.000035,	0.000005,	0.000015,	0.000796
591,	0.000035,	0.000005,	0.000025,	0.000794
592,	0.000035,	0.000005,	0.000035,	0.000791
593,	0.000035,	0.000005,	0.000045,	0.000788
594,	0.000035,	0.000005,	0.000055,	0.000788
595,	0.000035,	0.000005,	0.000065,	0.000791
596,	0.000035,	0.000005,	0.000075,	0.000794
597,	0.000035,	0.000005,	0.000085,	0.000796
598,	0.000035,	0.000005,	0.000095,	0.000799
601,	0.000035,	0.000015,	0.000005,	0.000796
602,	0.000035,	0.000015,	0.000015,	0.000788
603,	0.000035,	0.000015,	0.000025,	0.000775
604,	0.000035,	0.000015,	0.000035,	0.000751
605,	0.000035,	0.000015,	0.000045,	0.000731
606,	0.000035,	0.000015,	0.000055,	0.000731
607,	0.000035,	0.000015,	0.000065,	0.000752
608,	0.000035,	0.000015,	0.000075,	0.000775
609,	0.000035,	0.000015,	0.000085,	0.000788
610,	0.000035,	0.000015,	0.000095,	0.000796
613,	0.000035,	0.000025,	0.000005,	0.000794
614,	0.000035,	0.000025,	0.000015,	0.000773
615,	0.000035,	0.000025,	0.000025,	0.000721
616,	0.000035,	0.000025,	0.000035,	0.000673
617,	0.000035,	0.000025,	0.000045,	0.000651
618,	0.000035,	0.000025,	0.000055,	0.000651
619,	0.000035,	0.000025,	0.000065,	0.000674
620,	0.000035,	0.000025,	0.000075,	0.000723
621,	0.000035,	0.000025,	0.000085,	0.000775
622,	0.000035,	0.000025,	0.000095,	0.000794
625,	0.000035,	0.000035,	0.000005,	0.000790
626,	0.000035,	0.000035,	0.000015,	0.000743
627,	0.000035,	0.000035,	0.000025,	0.000668
628,	0.000035,	0.000035,	0.000035,	0.000625
629,	0.000035,	0.000035,	0.000045,	0.000607
630,	0.000035,	0.000035,	0.000055,	0.000607
631,	0.000035,	0.000035,	0.000065,	0.000626
632,	0.000035,	0.000035,	0.000075,	0.000670
633,	0.000035,	0.000035,	0.000085,	0.000745
634,	0.000035,	0.000035,	0.000095,	0.000790
637,	0.000035,	0.000045,	0.000005,	0.000786
638,	0.000035,	0.000045,	0.000015,	0.000717
639,	0.000035,	0.000045,	0.000025,	0.000643
640,	0.000035,	0.000045,	0.000035,	0.000603
641,	0.000035,	0.000045,	0.000045,	0.000586
642,	0.000035,	0.000045,	0.000055,	0.000587
643,	0.000035,	0.000045,	0.000065,	0.000604
644,	0.000035,	0.000045,	0.000075,	0.000644
645,	0.000035,	0.000045,	0.000085,	0.000720
646,	0.000035,	0.000045,	0.000095,	0.000787
649,	0.000035,	0.000055,	0.000005,	0.000786
650,	0.000035,	0.000055,	0.000015,	0.000713
651,	0.000035,	0.000055,	0.000025,	0.000639
652,	0.000035,	0.000055,	0.000035,	0.000600
653,	0.000035,	0.000055,	0.000045,	0.000583
654,	0.000035,	0.000055,	0.000055,	0.000584
655,	0.000035,	0.000055,	0.000065,	0.000601
656,	0.000035,	0.000055,	0.000075,	0.000641
657,	0.000035,	0.000055,	0.000085,	0.000716
658,	0.000035,	0.000055,	0.000095,	0.000786
661,	0.000035,	0.000065,	0.000005,	0.000789
662,	0.000035,	0.000065,	0.000015,	0.000733
663,	0.000035,	0.000065,	0.000025,	0.000658
664,	0.000035,	0.000065,	0.000035,	0.000616
665,	0.000035,	0.000065,	0.000045,	0.000598
666,	0.000035,	0.000065,	0.000055,	0.000598
667,	0.000035,	0.000065,	0.000065,	0.000617
668,	0.000035,	0.000065,	0.000075,	0.000659
669,	0.000035,	0.000065,	0.000085,	0.000735
670,	0.000035,	0.000065,	0.000095,	0.000789
673,	0.000035,	0.000075,	0.000005,	0.000793
674,	0.000035,	0.000075,	0.000015,	0.000766
675,	0.000035,	0.000075,	0.000025,	0.000702
676,	0.000035,	0.000075,	0.000035,	0.000654
677,	0.000035,	0.000075,	0.000045,	0.000634
678,	0.000035,	0.000075,	0.000055,	0.000634
679,	0.000035,	0.000075,	0.000065,	0.000656
680,	0.000035,	0.000075,	0.000075,	0.000704
681,	0.000035,	0.000075,	0.000085,	0.000767
682,	0.000035,	0.000075,	0.000095,	0.000793
685,	0.000035,	0.000085,	0.000005,	0.000796
686,	0.000035,	0.000085,	0.000015,	0.000786
687,	0.000035,	0.000085,	0.000025,	0.000764
688,	0.000035,	0.000085,	0.000035,	0.000726
689,	0.000035,	0.000085,	0.000045,	0.000703
690,	0.000035,	0.000085,	0.000055,	0.000704
691,	0.000035,	0.000085,	0.000065,	0.000728
692,	0.000035,	0.000085,	0.000075,	0.000765
693,	0.000035,	0.000085,	0.000085,	0.000786
694,	0.000035,	0.000085,	0.000095,	0.000796
697,	0.000035,	0.000095,	0.000005,	0.000799
698,	0.000035,	0.000095,	0.000015,	0.000796
699,	0.000035,	0.000095,	0.000025,	0.000793
700,	0.000035,	0.000095,	0.000035,	0.000788
701,	0.000035,	0.000095,	0.000045,	0.000784
702,	0.000035,	0.000095,	0.000055,	0.000784
703,	0.000035,	0.000095,	0.000065,	0.000788
704,	0.000035,	0.000095,	0.000075,	0.000793
705,	0.000035,	0.000095,	0.000085,	0.000796
706,	0.000035,	0.000095,	0.000095,	0.000799
733,	0.000045,	0.000005,	0.000005,	0.000799
734,	0.000045,	0.000005,	0.000015,	0.000796
735,	0.000045,	0.000005,	0.000025,	0.000793
736,	0.000045,	0.000005,	0.000035,	0.000788
737,	0.000045,	0.000005,	0.000045,	0.000785
738,	0.000045,	0.000005,	0.000055,	0.000785
739,	0.000045,	0.000005,	0.000065,	0.000788
740,	0.000045,	0.000005,	0.000075,	0.000793
741,	0.000045,	0.000005,	0.000085,	0.000796
742,	0.000045,	0.000005,	0.000095,	0.000799
745,	0.000045,	0.000015,	0.000005,	0.000796
746,	0.000045,	0.000015,	0.000015,	0.000785
747,	0.000045,	0.000015,	0.000025,	0.000765
748,	0.000045,	0.000015,	0.000035,	0.000729
749,	0.000045,	0.000015,	0.000045,	0.000706
750,	0.000045,	0.000015,	0.000055,	0.000707
751,	0.000045,	0.000015,	0.000065,	0.000731
752,	0.000045,	0.000015,	0.000075,	0.000766
753,	0.000045,	0.000015,	0.000085,	0.000786
754,	0.000045,	0.000015,	0.000095,	0.000796
757,	0.000045,	0.000025,	0.000005,	0.000792
758,	0.000045,	0.000025,	0.000015,	0.000762
759,	0.000045,	0.000025,	0.000025,	0.000695
760,	0.000045,	0.000025,	0.000035,	0.000649
761,	0.000045,	0.000025,	0.000045,	0.000629
762,	0.000045,	0.000025,	0.000055,	0.000630
763,	0.000045,	0.000025,	0.000065,	0.000651
764,	0.000045,	0.000025,	0.000075,	0.000698
765,	0.000045,	0.000025,	0.000085,	0.000764
766,	0.000045,	0.000025,	0.000095,	0.000793
769,	0.000045,	0.000035,	0.000005,	0.000787
770,	0.000045,	0.000035,	0.000015,	0.000719
771,	0.000045,	0.000035,	0.000025,	0.000645
772,	0.000045,	0.000035,	0.000035,	0.000605
773,	0.000045,	0.000035,	0.000045,	0.000588
774,	0.000045,	0.000035,	0.000055,	0.000588
775,	0.000045,	0.000035,	0.000065,	0.000606
776,	0.000045,	0.000035,	0.000075,	0.000646
777,	0.000045,	0.000035,	0.000085,	0.000723
778,	0.000045,	0.000035,	0.000095,	0.000787
781,	0.000045,	0.000045,	0.000005,	0.000782
782,	0.000045,	0.000045,	0.000015,	0.000690
783,	0.000045,	0.000045,	0.000025,	0.000621
784,	0.000045,	0.000045,	0.000035,	0.000585
785,	0.000045,	0.000045,	0.000045,	0.000569
786,	0.000045,	0.000045,	0.000055,	0.000569
787,	0.000045,	0.000045,	0.000065,	0.000586
788,	0.000045,	0.000045,	0.000075,	0.000623
789,	0.000045,	0.000045,	0.000085,	0.000694
790,	0.000045,	0.000045,	0.000095,	0.000783
793,	0.000045,	0.000055,	0.000005,	0.000781
794,	0.000045,	0.000055,	0.000015,	0.000687
795,	0.000045,	0.000055,	0.000025,	0.000617
796,	0.000045,	0.000055,	0.000035,	0.000582
797,	0.000045,	0.000055,	0.000045,	0.000566
798,	0.000045,	0.000055,	0.000055,	0.000567
799,	0.000045,	0.000055,	0.000065,	0.000583
800,	0.000045,	0.000055,	0.000075,	0.000619
801,	0.000045,	0.000055,	0.000085,	0.000690
802,	0.000045,	0.000055,	0.000095,	0.000782
805,	0.000045,	0.000065,	0.000005,	0.000785
806,	0.000045,	0.000065,	0.000015,	0.000708
807,	0.000045,	0.000065,	0.000025,	0.000635
808,	0.000045,	0.000065,	0.000035,	0.000596
809,	0.000045,	0.000065,	0.000045,	0.000580
810,	0.000045,	0.000065,	0.000055,	0.000580
811,	0.000045,	0.000065,	0.000065,	0.000597
812,	0.000045,	0.000065,	0.000075,	0.000636
813,	0.000045,	0.000065,	0.000085,	0.000711
814,	0.000045,	0.000065,	0.000095,	0.000786
817,	0.000045,	0.000075,	0.000005,	0.000791
818,	0.000045,	0.000075,	0.000015,	0.000750
819,	0.000045,	0.000075,	0.000025,	0.000676
820,	0.000045,	0.000075,	0.000035,	0.000632
821,	0.000045,	0.000075,	0.000045,	0.000613
822,	0.000045,	0.000075,	0.000055,	0.000613
823,	0.000045,	0.000075,	0.000065,	0.000633
824,	0.000045,	0.000075,	0.000075,	0.000679
825,	0.000045,	0.000075,	0.000085,	0.000752
826,	0.000045,	0.000075,	0.000095,	0.000791
829,	0.000045,	0.000085,	0.000005,	0.000795
830,	0.000045,	0.000085,	0.000015,	0.000781
831,	0.000045,	0.000085,	0.000025,	0.000747
832,	0.000045,	0.000085,	0.000035,	0.000701
833,	0.000045,	0.000085,	0.000045,	0.000678
834,	0.000045,	0.000085,	0.000055,	0.000678
835,	0.000045,	0.000085,	0.000065,	0.000703
836,	0.000045,	0.000085,	0.000075,	0.000749
837,	0.000045,	0.000085,	0.000085,	0.000782
838,	0.000045,	0.000085,	0.000095,	0.000795
841,	0.000045,	0.000095,	0.000005,	0.000798
842,	0.000045,	0.000095,	0.000015,	0.000795
843,	0.000045,	0.000095,	0.000025,	0.000790
844,	0.000045,	0.000095,	0.000035,	0.000784
845,	0.000045,	0.000095,	0.000045,	0.000779
846,	0.000045,	0.000095,	0.000055,	0.000779
847,	0.000045,	0.000095,	0.000065,	0.000784
848,	0.000045,	0.000095,	0.000075,	0.000791
849,	0.000045,	0.000095,	0.000085,	0.000795
850,	0.000045,	0.000095,	0.000095,	0.000798
877,	0.000055,	0.000005,	0.000005,	0.000799
878,	0.000055,	0.000005,	0.000015,	0.000796
879,	0.000055,	0.000005,	0.000025,	0.000793
880,	0.000055,	0.000005,	0.000035,	0.000788
881,	0.000055,	0.000005,	0.000045,	0.000785
882,	0.000055,	0.000005,	0.000055,	0.000785
883,	0.000055,	0.000005,	0.000065,	0.000788
884,	0.000055,	0.000005,	0.000075,	0.000793
885,	0.000055,	0.000005,	0.000085,	0.000796
886,	0.000055,	0.000005,	0.000095,	0.000799
889,	0.000055,	0.000015,	0.000005,	0.000796
890,	0.000055,	0.000015,	0.000015,	0.000785
891,	0.000055,	0.000015,	0.000025,	0.000764
892,	0.000055,	0.000015,	0.000035,	0.000728
893,	0.000055,	0.000015,	0.000045,	0.000705
894,	0.000055,	0.000015,	0.000055,	0.000706
895,	0.000055,	0.000015,	0.000065,	0.000730
896,	0.000055,	0.000015,	0.000075,	0.000766
897,	0.000055,	0.000015,	0.000085,	0.000786
898,	0.000055,	0.000015,	0.000095,	0.000796
901,	0.000055,	0.000025,	0.000005,	0.000792
902,	0.000055,	0.000025,	0.000015,	0.000762
903,	0.000055,	0.000025,	0.000025,	0.000694
904,	0.000055,	0.000025,	0.000035,	0.000648
905,	0.000055,	0.000025,	0.000045,	0.000628
906,	0.000055,	0.000025,	0.000055,	0.000629
907,	0.000055,	0.000025,	0.000065,	0.000650
908,	0.000055,	0.000025,	0.000075,	0.000697
909,	0.000055,	0.000025,	0.000085,	0.000764
910,	0.000055,	0.000025,	0.000095,	0.000792
913,	0.000055,	0.000035,	0.000005,	0.000787
914,	0.000055,	0.000035,	0.000015,	0.000718
915,	0.000055,	0.000035,	0.000025,	0.000643
916,	0.000055,	0.000035,	0.000035,	0.000604
917,	0.000055,	0.000035,	0.000045,	0.000587
918,	0.000055,	0.000035,	0.000055,	0.000588
919,	0.000055,	0.000035,	0.000065,	0.000606
920,	0.000055,	0.000035,	0.000075,	0.000646
921,	0.000055,	0.000035,	0.000085,	0.000722
922,	0.000055,	0.000035,	0.000095,	0.000787
925,	0.000055,	0.000045,	0.000005,	0.000782
926,	0.000055,	0.000045,	0.000015,	0.000690
927,	0.000055,	0.000045,	0.000025,	0.000620
928,	0.000055,	0.000045,	0.000035,	0.000584
929,	0.000055,	0.000045,	0.000045,	0.000568
930,	0.000055,	0.000045,	0.000055,	0.000568
931,	0.000055,	0.000045,	0.000065,	0.000585
932,	0.000055,	0.000045,	0.000075,	0.000622
933,	0.000055,	0.000045,	0.000085,	0.000693
934,	0.000055,	0.000045,	0.000095,	0.000783
937,	0.000055,	0.000055,	0.000005,	0.000781
938,	0.000055,	0.000055,	0.000015,	0.000685
939,	0.000055,	0.000055,	0.000025,	0.000617
940,	0.000055,	0.000055,	0.000035,	0.000581
941,	0.000055,	0.000055,	0.000045,	0.000565
942,	0.000055,	0.000055,	0.000055,	0.000566
943,	0.000055,	0.000055,	0.000065,	0.000582
944,	0.000055,	0.000055,	0.000075,	0.000619
945,	0.000055,	0.000055,	0.000085,	0.000689
946,	0.000055,	0.000055,	0.000095,	0.000782
949,	0.000055,	0.000065,	0.000005,	0.000785
950,	0.000055,	0.000065,	0.000015,	0.000706
951,	0.000055,	0.000065,	0.000025,	0.000633
952,	0.000055,	0.000065,	0.000035,	0.000595
953,	0.000055,	0.000065,	0.000045,	0.000579
954,	0.000055,	0.000065,	0.000055,	0.000579
955,	0.000055,	0.000065,	0.000065,	0.000597
956,	0.000055,	0.000065,	0.000075,	0.000636
957,	0.000055,	0.000065,	0.000085,	0.000710
958,	0.000055,	0.000065,	0.000095,	0.000786
961,	0.000055,	0.000075,	0.000005,	0.000791
962,	0.000055,	0.000075,	0.000015,	0.000749
963,	0.000055,	0.000075,	0.000025,	0.000675
964,	0.000055,	0.000075,	0.000035,	0.000631
965,	0.000055,	0.000075,	0.000045,	0.000612
966,	0.000055,	0.000075,	0.000055,	0.000612
967,	0.000055,	0.000075,	0.000065,	0.000632
968,	0.000055,	0.000075,	0.000075,	0.000677
969,	0.000055,	0.000075,	0.000085,	0.000752
970,	0.000055,	0.000075,	0.000095,	0.000791
973,	0.000055,	0.000085,	0.000005,	0.000795
974,	0.000055,	0.000085,	0.000015,	0.000781
975,	0.000055,	0.000085,	0.000025,	0.000746
976,	0.000055,	0.000085,	0.000035,	0.000699
977,	0.000055,	0.000085,	0.000045,	0.000676
978,	0.000055,	0.000085,	0.000055,	0.000677
979,	0.000055,	0.000085,	0.000065,	0.000702
980,	0.000055,	0.000085,	0.000075,	0.000748
981,	0.000055,	0.000085,	0.000085,	0.000782
982,	0.000055,	0.000085,	0.000095,	0.000795
985,	0.000055,	0.000095,	0.000005,	0.000798
986,	0.000055,	0.000095,	0.000015,	0.000795
987,	0.000055,	0.000095,	0.000025,	0.000790
988,	0.000055,	0.000095,	0.000035,	0.000784
989,	0.000055,	0.000095,	0.000045,	0.000779
990,	0.000055,	0.000095,	0.000055,	0.000779
991,	0.000055,	0.000095,	0.000065,	0.000784
992,	0.000055,	0.000095,	0.000075,	0.000791
993,	0.000055,	0.000095,	0.000085,	0.000795
994,	0.000055,	0.000095,	0.000095,	0.000798
1021,	0.000065,	0.000005,	0.000005,	0.000799
1022,	0.000065,	0.000005,	0.000015,	0.000796
1023,	0.000065,	0.000005,	0.000025,	0.000794
1024,	0.000065,	0.000005,	0.000035,	0.000790
1025,	0.000065,	0.000005,	0.000045,	0.000788
1026,	0.000065,	0.000005,	0.000055,	0.000788
1027,	0.000065,	0.000005,	0.000065,	0.000791
1028,	0.000065,	0.000005,	0.000075,	0.000794
1029,	0.000065,	0.000005,	0.000085,	0.000796
1030,	0.000065,	0.000005,	0.000095,	0.000799
1033,	0.000065,	0.000015,	0.000005,	0.000796
1034,	0.000065,	0.000015,	0.000015,	0.000788
1035,	0.000065,	0.000015,	0.000025,	0.000773
1036,	0.000065,	0.000015,	0.000035,	0.000748
1037,	0.000065,	0.000015,	0.000045,	0.000728
1038,	0.000065,	0.000015,	0.000055,	0.000728
1039,	0.000065,	0.000015,	0.000065,	0.000749
1040,	0.000065,	0.000015,	0.000075,	0.000775
1041,	0.000065,	0.000015,	0.000085,	0.000788
1042,	0.000065,	0.000015,	0.000095,	0.000796
1045,	0.000065,	0.000025,	0.000005,	0.000794
1046,	0.000065,	0.000025,	0.000015,	0.000772
1047,	0.000065,	0.000025,	0.000025,	0.000716
1048,	0.000065,	0.000025,	0.000035,	0.000669
1049,	0.000065,	0.000025,	0.000045,	0.000647
1050,	0.000065,	0.000025,	0.000055,	0.000648
1051,	0.000065,	0.000025,	0.000065,	0.000672
1052,	0.000065,	0.000025,	0.000075,	0.000721
1053,	0.000065,	0.000025,	0.000085,	0.000774
1054,	0.000065,	0.000025,	0.000095,	0.000794
1057,	0.000065,	0.000035,	0.000005,	0.000790
1058,	0.000065,	0.000035,	0.000015,	0.000739
1059,	0.000065,	0.000035,	0.000025,	0.000664
1060,	0.000065,	0.000035,	0.000035,	0.000622
1061,	0.000065,	0.000035,	0.000045,	0.000604
1062,	0.000065,	0.000035,	0.000055,	0.000604
1063,	0.000065,	0.000035,	0.000065,	0.000624
1064,	0.000065,	0.000035,	0.000075,	0.000668
1065,	0.000065,	0.000035,	0.000085,	0.000743
1066,	0.000065,	0.000035,	0.000095,	0.000790
1069,	0.000065,	0.000045,	0.000005,	0.000786
1070,	0.000065,	0.000045,	0.000015,	0.000712
1071,	0.000065,	0.000045,	0.000025,	0.000639
1072,	0.000065,	0.000045,	0.000035,	0.000600
1073,	0.000065,	0.000045,	0.000045,	0.000584
1074,	0.000065,	0.000045,	0.000055,	0.000584
1075,	0.000065,	0.000045,	0.000065,	0.000601
1076,	0.000065,	0.000045,	0.000075,	0.000641
1077,	0.000065,	0.000045,	0.000085,	0.000716
1078,	0.000065,	0.000045,	0.000095,	0.000787
1081,	0.000065,	0.000055,	0.000005,	0.000785
1082,	0.000065,	0.000055,	0.000015,	0.000709
1083,	0.000065,	0.000055,	0.000025,	0.000635
1084,	0.000065,	0.000055,	0.000035,	0.000597
1085,	0.000065,	0.000055,	0.000045,	0.000581
1086,	0.000065,	0.000055,	0.000055,	0.000581
1087,	0.000065,	0.000055,	0.000065,	0.000599
1088,	0.000065,	0.000055,	0.000075,	0.000638
1089,	0.000065,	0.000055,	0.000085,	0.000712
1090,	0.000065,	0.000055,	0.000095,	0.000786
1093,	0.000065,	0.000065,	0.000005,	0.000788
1094,	0.000065,	0.000065,	0.000015,	0.000729
1095,	0.000065,	0.000065,	0.000025,	0.000653
1096,	0.000065,	0.000065,	0.000035,	0.000613
1097,	0.000065,	0.000065,	0.000045,	0.000595
1098,	0.000065,	0.000065,	0.000055,	0.000595
1099,	0.000065,	0.000065,	0.000065,	0.000614
1100,	0.000065,	0.000065,	0.000075,	0.000656
1101,	0.000065,	0.000065,	0.000085,	0.000733
1102,	0.000065,	0.000065,	0.000095,	0.000789
1105,	0.000065,	0.000075,	0.000005,	0.000792
1106,	0.000065,	0.000075,	0.000015,	0.000764
1107,	0.000065,	0.000075,	0.000025,	0.000697
1108,	0.000065,	0.000075,	0.000035,	0.000650
1109,	0.000065,	0.000075,	0.000045,	0.000630
1110,	0.000065,	0.000075,	0.000055,	0.000631
1111,	0.000065,	0.000075,	0.000065,	0.000652
1112,	0.000065,	0.000075,	0.000075,	0.000700
1113,	0.000065,	0.000075,	0.000085,	0.000766
1114,	0.000065,	0.000075,	0.000095,	0.000793
1117,	0.000065,	0.000085,	0.000005,	0.000796
1118,	0.000065,	0.000085,	0.000015,	0.000785
1119,	0.000065,	0.000085,	0.000025,	0.000762
1120,	0.000065,	0.000085,	0.000035,	0.000722
1121,	0.000065,	0.000085,	0.000045,	0.000699
1122,	0.000065,	0.000085,	0.000055,	0.000699
1123,	0.000065,	0.000085,	0.000065,	0.000724
1124,	0.000065,	0.000085,	0.000075,	0.000764
1125,	0.000065,	0.000085,	0.000085,	0.000786
1126,	0.000065,	0.000085,	0.000095,	0.000796
1129,	0.000065,	0.000095,	0.000005,	0.000799
1130,	0.000065,	0.000095,	0.000015,	0.000796
1131,	0.000065,	0.000095,	0.000025,	0.000792
1132,	0.000065,	0.000095,	0.000035,	0.000787
1133,	0.000065,	0.000095,	0.000045,	0.000783
1134,	0.000065,	0.000095,	0.000055,	0.000784
1135,	0.000065,	0.000095,	0.000065,	0.000788
1136,	0.000065,	0.000095,	0.000075,	0.000792
1137,	0.000065,	0.000095,	0.000085,	0.000796
1138,	0.000065,	0.000095,	0.000095,	0.000799
1165,	0.000075,	0.000005,	0.000005,	0.000799
1166,	0.000075,	0.000005,	0.000015,	0.000797
1167,	0.000075,	0.000005,	0.000025,	0.000795
1168,	0.000075,	0.000005,	0.000035,	0.000794
1169,	0.000075,	0.000005,	0.000045,	0.000793
1170,	0.000075,	0.000005,	0.000055,	0.000793
1171,	0.000075,	0.000005,	0.000065,	0.000794
1172,	0.000075,	0.000005,	0.000075,	0.000796
1173,	0.000075,	0.000005,	0.000085,	0.000797
1174,	0.000075,	0.000005,	0.000095,	0.000799
1177,	0.000075,	0.000015,	0.000005,	0.000797
1178,	0.000075,	0.000015,	0.000015,	0.000791
1179,	0.000075,	0.000015,	0.000025,	0.000784
1180,	0.000075,	0.000015,	0.000035,	0.000774
1181,	0.000075,	0.000015,	0.000045,	0.000764
1182,	0.000075,	0.000015,	0.000055,	0.000765
1183,	0.000075,	0.000015,	0.000065,	0.000774
1184,	0.000075,	0.000015,	0.000075,	0.000784
1185,	0.000075,	0.000015,	0.000085,	0.000792
1186,	0.000075,	0.000015,	0.000095,	0.000797
1189,	0.000075,	0.000025,	0.000005,	0.000795
1190,	0.000075,	0.000025,	0.000015,	0.000783
1191,	0.000075,	0.000025,	0.000025,	0.000758
1192,	0.000075,	0.000025,	0.000035,	0.000717
1193,	0.000075,	0.000025,	0.000045,	0.000693
1194,	0.000075,	0.000025,	0.000055,	0.000695
1195,	0.000075,	0.000025,	0.000065,	0.000719
1196,	0.000075,	0.000025,	0.000075,	0.000760
1197,	0.000075,	0.000025,	0.000085,	0.000784
1198,	0.000075,	0.000025,	0.000095,	0.000795
1201,	0.000075,	0.000035,	0.000005,	0.000793
1202,	0.000075,	0.000035,	0.000015,	0.000770
1203,	0.000075,	0.000035,	0.000025,	0.000711
1204,	0.000075,	0.000035,	0.000035,	0.000664
1205,	0.000075,	0.000035,	0.000045,	0.000643
1206,	0.000075,	0.000035,	0.000055,	0.000643
1207,	0.000075,	0.000035,	0.000065,	0.000666
1208,	0.000075,	0.000035,	0.000075,	0.000715
1209,	0.000075,	0.000035,	0.000085,	0.000772
1210,	0.000075,	0.000035,	0.000095,	0.000794
1213,	0.000075,	0.000045,	0.000005,	0.000791
1214,	0.000075,	0.000045,	0.000015,	0.000755
1215,	0.000075,	0.000045,	0.000025,	0.000683
1216,	0.000075,	0.000045,	0.000035,	0.000639
1217,	0.000075,	0.000045,	0.000045,	0.000619
1218,	0.000075,	0.000045,	0.000055,	0.000620
1219,	0.000075,	0.000045,	0.000065,	0.000640
1220,	0.000075,	0.000045,	0.000075,	0.000687
1221,	0.000075,	0.000045,	0.000085,	0.000758
1222,	0.000075,	0.000045,	0.000095,	0.000792
1225,	0.000075,	0.000055,	0.000005,	0.000791
1226,	0.000075,	0.000055,	0.000015,	0.000752
1227,	0.000075,	0.000055,	0.000025,	0.000680
1228,	0.000075,	0.000055,	0.000035,	0.000635
1229,	0.000075,	0.000055,	0.000045,	0.000616
1230,	0.000075,	0.000055,	0.000055,	0.000616
1231,	0.000075,	0.000055,	0.000065,	0.000637
1232,	0.000075,	0.000055,	0.000075,	0.000683
1233,	0.000075,	0.000055,	0.000085,	0.000755
1234,	0.000075,	0.000055,	0.000095,	0.000791
1237,	0.000075,	0.000065,	0.000005,	0.000793
1238,	0.000075,	0.000065,	0.000015,	0.000765
1239,	0.000075,	0.000065,	0.000025,	0.000700
1240,	0.000075,	0.000065,	0.000035,	0.000653
1241,	0.000075,	0.000065,	0.000045,	0.000632
1242,	0.000075,	0.000065,	0.000055,	0.000633
1243,	0.000075,	0.000065,	0.000065,	0.000655
1244,	0.000075,	0.000065,	0.000075,	0.000703
1245,	0.000075,	0.000065,	0.000085,	0.000767
1246,	0.000075,	0.000065,	0.000095,	0.000793
1249,	0.000075,	0.000075,	0.000005,	0.000795
1250,	0.000075,	0.000075,	0.000015,	0.000780
1251,	0.000075,	0.000075,	0.000025,	0.000743
1252,	0.000075,	0.000075,	0.000035,	0.000697
1253,	0.000075,	0.000075,	0.000045,	0.000674
1254,	0.000075,	0.000075,	0.000055,	0.000674
1255,	0.000075,	0.000075,	0.000065,	0.000699
1256,	0.000075,	0.000075,	0.000075,	0.000746
1257,	0.000075,	0.000075,	0.000085,	0.000781
1258,	0.000075,	0.000075,	0.000095,	0.000795
1261,	0.000075,	0.000085,	0.000005,	0.000797
1262,	0.000075,	0.000085,	0.000015,	0.000790
1263,	0.000075,	0.000085,	0.000025,	0.000780
1264,	0.000075,	0.000085,	0.000035,	0.000762
1265,	0.000075,	0.000085,	0.000045,	0.000745
1266,	0.000075,	0.000085,	0.000055,	0.000746
1267,	0.000075,	0.000085,	0.000065,	0.000763
1268,	0.000075,	0.000085,	0.000075,	0.000780
1269,	0.000075,	0.000085,	0.000085,	0.000790
1270,	0.000075,	0.000085,	0.000095,	0.000797
1273,	0.000075,	0.000095,	0.000005,	0.000799
1274,	0.000075,	0.000095,	0.000015,	0.000797
1275,	0.000075,	0.000095,	0.000025,	0.000795
1276,	0.000075,	0.000095,	0.000035,	0.000792
1277,	0.000075,	0.000095,	0.000045,	0.000790
1278,	0.000075,	0.000095,	0.000055,	0.000790
1279,	0.000075,	0.000095,	0.000065,	0.000792
1280,	0.000075,	0.000095,	0.000075,	0.000795
1281,	0.000075,	0.000095,	0.000085,	0.000797
1282,	0.000075,	0.000095,	0.000095,	0.000799
1309,	0.000085,	0.000005,	0.000005,	0.000799
1310,	0.000085,	0.000005,	0.000015,	0.000798
1311,	0.000085,	0.000005,	0.000025,	0.000797
1312,	0.000085,	0.000005,	0.000035,	0.000796
1313,	0.000085,	0.000005,	0.000045,	0.000796
1314,	0.000085,	0.000005,	0.000055,	0.000796
1315,	0.000085,	0.000005,	0.000065,	0.000796
1316,	0.000085,	0.000005,	0.000075,	0.000797
1317,	0.000085,	0.000005,	0.000085,	0.000798
1318,	0.000085,	0.000005,	0.000095,	0.000799
1321,	0.000085,	0.000015,	0.000005,	0.000798
1322,	0.000085,	0.000015,	0.000015,	0.000795
1323,	0.000085,	0.000015,	0.000025,	0.000791
1324,	0.000085,	0.000015,	0.000035,	0.000788
1325,	0.000085,	0.000015,	0.000045,	0.000785
1326,	0.000085,	0.000015,	0.000055,	0.000785
1327,	0.000085,	0.000015,	0.000065,	0.000788
1328,	0.000085,	0.000015,	0.000075,	0.000791
1329,	0.000085,	0.000015,	0.000085,	0.000795
1330,	0.000085,	0.000015,	0.000095,	0.000798
1333,	0.000085,	0.000025,	0.000005,	0.000797
1334,	0.000085,	0.000025,	0.000015,	0.000791
1335,	0.000085,	0.000025,	0.000025,	0.000783
1336,	0.000085,	0.000025,	0.000035,	0.000772
1337,	0.000085,	0.000025,	0.000045,	0.000761
1338,	0.000085,	0.000025,	0.000055,	0.000762
1339,	0.000085,	0.000025,	0.000065,	0.000773
1340,	0.000085,	0.000025,	0.000075,	0.000784
1341,	0.000085,	0.000025,	0.000085,	0.000791
1342,	0.000085,	0.000025,	0.000095,	0.000797
1345,	0.000085,	0.000035,	0.000005,	0.000796
1346,	0.000085,	0.000035,	0.000015,	0.000787
1347,	0.000085,	0.000035,	0.000025,	0.000770
1348,	0.000085,	0.000035,	0.000035,	0.000738
1349,	0.000085,	0.000035,	0.000045,	0.000716
1350,	0.000085,	0.000035,	0.000055,	0.000717
1351,	0.000085,	0.000035,	0.000065,	0.000741
1352,	0.000085,	0.000035,	0.000075,	0.000772
1353,	0.000085,	0.000035,	0.000085,	0.000787
1354,	0.000085,	0.000035,	0.000095,	0.000796
1357,	0.000085,	0.000045,	0.000005,	0.000795
1358,	0.000085,	0.000045,	0.000015,	0.000783
1359,	0.000085,	0.000045,	0.000025,	0.000755
1360,	0.000085,	0.000045,	0.000035,	0.000711
1361,	0.000085,	0.000045,	0.000045,	0.000688
1362,	0.000085,	0.000045,	0.000055,	0.000689
1363,	0.000085,	0.000045,	0.000065,	0.000714
1364,	0.000085,	0.000045,	0.000075,	0.000757
1365,	0.000085,	0.000045,	0.000085,	0.000784
1366,	0.000085,	0.000045,	0.000095,	0.000796
1369,	0.000085,	0.000055,	0.000005,	0.000795
1370,	0.000085,	0.000055,	0.000015,	0.000782
1371,	0.000085,	0.000055,	0.000025,	0.000752
1372,	0.000085,	0.000055,	0.000035,	0.000707
1373,	0.000085,	0.000055,	0.000045,	0.000684
1374,	0.000085,	0.000055,	0.000055,	0.000685
1375,	0.000085,	0.000055,	0.000065,	0.000710
1376,	0.000085,	0.000055,	0.000075,	0.000755
1377,	0.000085,	0.000055,	0.000085,	0.000783
1378,	0.000085,	0.000055,	0.000095,	0.000795
1381,	0.000085,	0.000065,	0.000005,	0.000796
1382,	0.000085,	0.000065,	0.000015,	0.000786
1383,	0.000085,	0.000065,	0.000025,	0.000765
1384,	0.000085,	0.000065,	0.000035,	0.000727
1385,	0.000085,	0.000065,	0.000045,	0.000705
1386,	0.000085,	0.000065,	0.000055,	0.000705
1387,	0.000085,	0.000065,	0.000065,	0.000729
1388,	0.000085,	0.000065,	0.000075,	0.000766
1389,	0.000085,	0.000065,	0.000085,	0.000786
1390,	0.000085,	0.000065,	0.000095,	0.000796
1393,	0.000085,	0.000075,	0.000005,	0.000797
1394,	0.000085,	0.000075,	0.000015,	0.000790
1395,	0.000085,	0.000075,	0.000025,	0.000780
1396,	0.000085,	0.000075,	0.000035,	0.000763
1397,	0.000085,	0.000075,	0.000045,	0.000748
1398,	0.000085,	0.000075,	0.000055,	0.000748
1399,	0.000085,	0.000075,	0.000065,	0.000764
1400,	0.000085,	0.000075,	0.000075,	0.000781
1401,	0.000085,	0.000075,	0.000085,	0.000790
1402,	0.000085,	0.000075,	0.000095,	0.000797
1405,	0.000085,	0.000085,	0.000005,	0.000798
1406,	0.000085,	0.000085,	0.000015,	0.000794
1407,	0.000085,	0.000085,	0.000025,	0.000790
1408,	0.000085,	0.000085,	0.000035,	0.000785
1409,	0.000085,	0.000085,	0.000045,	0.000781
1410,	0.000085,	0.000085,	0.000055,	0.000781
1411,	0.000085,	0.000085,	0.000065,	0.000785
1412,	0.000085,	0.000085,	0.000075,	0.000790
1413,	0.000085,	0.000085,	0.000085,	0.000794
1414,	0.000085,	0.000085,	0.000095,	0.000798
1417,	0.000085,	0.000095,	0.000005,	0.000799
1418,	0.000085,	0.000095,	0.000015,	0.000798
1419,	0.000085,	0.000095,	0.000025,	0.000797
1420,	0.000085,	0.000095,	0.000035,	0.000796
1421,	0.000085,	0.000095,	0.000045,	0.000795
1422,	0.000085,	0.000095,	0.000055,	0.000795
1423,	0.000085,	0.000095,	0.000065,	0.000796
1424,	0.000085,	0.000095,	0.000075,	0.000797
1425,	0.000085,	0.000095,	0.000085,	0.000798
1426,	0.000085,	0.000095,	0.000095,	0.000799
1453,	0.000095,	0.000005,	0.000005,	0.000800
1454,	0.000095,	0.000005,	0.000015,	0.000799
1455,	0.000095,	0.000005,	0.000025,	0.000799
1456,	0.000095,	0.000005,	0.000035,	0.000799
1457,	0.000095,	0.000005,	0.000045,	0.000799
1458,	0.000095,	0.000005,	0.000055,	0.000799
1459,	0.000095,	0.000005,	0.000065,	0.000799
1460,	0.000095,	0.000005,	0.000075,	0.000799
1461,	0.000095,	0.000005,	0.000085,	0.000799
1462,	0.000095,	0.000005,	0.000095,	0.000800
1465,	0.000095,	0.000015,	0.000005,	0.000799
1466,	0.000095,	0.000015,	0.000015,	0.000798
1467,	0.000095,	0.000015,	0.000025,	0.000797
1468,	0.000095,	0.000015,	0.000035,	0.000796
1469,	0.000095,	0.000015,	0.000045,	0.000796
1470,	0.000095,	0.000015,	0.000055,	0.000796
1471,	0.000095,	0.000015,	0.000065,	0.000796
1472,	0.000095,	0.000015,	0.000075,	0.000797
1473,	0.000095,	0.000015,	0.000085,	0.000798
1474,	0.000095,	0.000015,	0.000095,	0.000799
1477,	0.000095,	0.000025,	0.000005,	0.000799
1478,	0.000095,	0.000025,	0.000015,	0.000797
1479,	0.000095,	0.000025,	0.000025,	0.000795
1480,	0.000095,	0.000025,	0.000035,	0.000794
1481,	0.000095,	0.000025,	0.000045,	0.000792
1482,	0.000095,	0.000025,	0.000055,	0.000792
1483,	0.000095,	0.000025,	0.000065,	0.000794
1484,	0.000095,	0.000025,	0.000075,	0.000795
1485,	0.000095,	0.000025,	0.000085,	0.000797
1486,	0.000095,	0.000025,	0.000095,	0.000799
1489,	0.000095,	0.000035,	0.000005,	0.000799
1490,	0.000095,	0.000035,	0.000015,	0.000796
1491,	0.000095,	0.000035,	0.000025,	0.000793
1492,	0.000095,	0.000035,	0.000035,	0.000789
1493,	0.000095,	0.000035,	0.000045,	0.000786
1494,	0.000095,	0.000035,	0.000055,	0.000787
1495,	0.000095,	0.000035,	0.000065,	0.000790
1496,	0.000095,	0.000035,	0.000075,	0.000793
1497,	0.000095,	0.000035,	0.000085,	0.000796
1498,	0.000095,	0.000035,	0.000095,	0.000799
1501,	0.000095,	0.000045,	0.000005,	0.000799
1502,	0.000095,	0.000045,	0.000015,	0.000795
1503,	0.000095,	0.000045,	0.000025,	0.000791
1504,	0.000095,	0.000045,	0.000035,	0.000786
1505,	0.000095,	0.000045,	0.000045,	0.000782
1506,	0.000095,	0.000045,	0.000055,	0.000782
1507,	0.000095,	0.000045,	0.000065,	0.000786
1508,	0.000095,	0.000045,	0.000075,	0.000792
1509,	0.000095,	0.000045,	0.000085,	0.000796
1510,	0.000095,	0.000045,	0.000095,	0.000799
1513,	0.000095,	0.000055,	0.000005,	0.000798
1514,	0.000095,	0.000055,	0.000015,	0.000795
1515,	0.000095,	0.000055,	0.000025,	0.000791
1516,	0.000095,	0.000055,	0.000035,	0.000785
1517,	0.000095,	0.000055,	0.000045,	0.000781
1518,	0.000095,	0.000055,	0.000055,	0.000781
1519,	0.000095,	0.000055,	0.000065,	0.000785
1520,	0.000095,	0.000055,	0.000075,	0.000791
1521,	0.000095,	0.000055,	0.000085,	0.000795
1522,	0.000095,	0.000055,	0.000095,	0.000799
1525,	0.000095,	0.000065,	0.000005,	0.000799
1526,	0.000095,	0.000065,	0.000015,	0.000796
1527,	0.000095,	0.000065,	0.000025,	0.000793
1528,	0.000095,	0.000065,	0.000035,	0.000788
1529,	0.000095,	0.000065,	0.000045,	0.000785
1530,	0.000095,	0.000065,	0.000055,	0.000785
1531,	0.000095,	0.000065,	0.000065,	0.000788
1532,	0.000095,	0.000065,	0.000075,	0.000793
1533,	0.000095,	0.000065,	0.000085,	0.000796
1534,	0.000095,	0.000065,	0.000095,	0.000799
1537,	0.000095,	0.000075,	0.000005,	0.000799
1538,	0.000095,	0.000075,	0.000015,	0.000797
1539,	0.000095,	0.000075,	0.000025,	0.000795
1540,	0.000095,	0.000075,	0.000035,	0.000792
1541,	0.000095,	0.000075,	0.000045,	0.000791
1542,	0.000095,	0.000075,	0.000055,	0.000791
1543,	0.000095,	0.000075,	0.000065,	0.000793
1544,	0.000095,	0.000075,	0.000075,	0.000795
1545,	0.000095,	0.000075,	0.000085,	0.000797
1546,	0.000095,	0.000075,	0.000095,	0.000799
1549,	0.000095,	0.000085,	0.000005,	0.000799
1550,	0.000095,	0.000085,	0.000015,	0.000798
1551,	0.000095,	0.000085,	0.000025,	0.000797
1552,	0.000095,	0.000085,	0.000035,	0.000796
1553,	0.000095,	0.000085,	0.000045,	0.000795
1554,	0.000095,	0.000085,	0.000055,	0.000795
1555,	0.000095,	0.000085,	0.000065,	0.000796
1556,	0.000095,	0.000085,	0.000075,	0.000797
1557,	0.000095,	0.000085,	0.000085,	0.000798
1558,	0.000095,	0.000085,	0.000095,	0.000799
1561,	0.000095,	0.000095,	0.000005,	0.000800
1562,	0.000095,	0.000095,	0.000015,	0.000799
1563,	0.000095,	0.000095,	0.000025,	0.000799
1564,	0.000095,	0.000095,	0.000035,	0.000799
1565,	0.000095,	0.000095,	0.000045,	0.000798
1566,	0.000095,	0.000095,	0.000055,	0.000798
1567,	0.000095,	0.000095,	0.000065,	0.000799
1568,	0.000095,	0.000095,	0.000075,	0.000799
1569,	0.000095,	0.000095,	0.000085,	0.000799
1570,	0.000095,	0.000095,	0.000095,	0.000800
