,x,y,z,scalar,1,1,1,0.5
157,	0.000005,	0.000005,	0.000005,	0.010000
158,	0.000005,	0.000005,	0.000015,	0.010000
159,	0.000005,	0.000005,	0.000025,	0.010000
160,	0.000005,	0.000005,	0.000035,	0.010000
161,	0.000005,	0.000005,	0.000045,	0.010000
162,	0.000005,	0.000005,	0.000055,	0.010000
163,	0.000005,	0.000005,	0.000065,	0.010000
164,	0.000005,	0.000005,	0.000075,	0.010000
165,	0.000005,	0.000005,	0.000085,	0.010000
166,	0.000005,	0.000005,	0.000095,	0.010000
169,	0.000005,	0.000015,	0.000005,	0.010000
170,	0.000005,	0.000015,	0.000015,	0.010000
171,	0.000005,	0.000015,	0.000025,	0.010000
172,	0.000005,	0.000015,	0.000035,	0.010000
173,	0.000005,	0.000015,	0.000045,	0.010000
174,	0.000005,	0.000015,	0.000055,	0.010000
175,	0.000005,	0.000015,	0.000065,	0.010000
176,	0.000005,	0.000015,	0.000075,	0.010000
177,	0.000005,	0.000015,	0.000085,	0.010000
178,	0.000005,	0.000015,	0.000095,	0.010000
181,	0.000005,	0.000025,	0.000005,	0.010000
182,	0.000005,	0.000025,	0.000015,	0.010000
183,	0.000005,	0.000025,	0.000025,	0.010000
184,	0.000005,	0.000025,	0.000035,	0.010000
185,	0.000005,	0.000025,	0.000045,	0.010000
186,	0.000005,	0.000025,	0.000055,	0.010000
187,	0.000005,	0.000025,	0.000065,	0.010000
188,	0.000005,	0.000025,	0.000075,	0.010000
189,	0.000005,	0.000025,	0.000085,	0.010000
190,	0.000005,	0.000025,	0.000095,	0.010000
193,	0.000005,	0.000035,	0.000005,	0.010000
194,	0.000005,	0.000035,	0.000015,	0.010000
195,	0.000005,	0.000035,	0.000025,	0.010000
196,	0.000005,	0.000035,	0.000035,	0.010000
197,	0.000005,	0.000035,	0.000045,	0.010000
198,	0.000005,	0.000035,	0.000055,	0.010000
199,	0.000005,	0.000035,	0.000065,	0.010000
200,	0.000005,	0.000035,	0.000075,	0.010000
201,	0.000005,	0.000035,	0.000085,	0.010000
202,	0.000005,	0.000035,	0.000095,	0.010000
205,	0.000005,	0.000045,	0.000005,	0.010000
206,	0.000005,	0.000045,	0.000015,	0.010000
207,	0.000005,	0.000045,	0.000025,	0.010000
208,	0.000005,	0.000045,	0.000035,	0.010000
209,	0.000005,	0.000045,	0.000045,	0.010000
210,	0.000005,	0.000045,	0.000055,	0.010000
211,	0.000005,	0.000045,	0.000065,	0.010000
212,	0.000005,	0.000045,	0.000075,	0.010000
213,	0.000005,	0.000045,	0.000085,	0.010000
214,	0.000005,	0.000045,	0.000095,	0.010000
217,	0.000005,	0.000055,	0.000005,	0.010000
218,	0.000005,	0.000055,	0.000015,	0.010000
219,	0.000005,	0.000055,	0.000025,	0.010000
220,	0.000005,	0.000055,	0.000035,	0.010000
221,	0.000005,	0.000055,	0.000045,	0.010000
222,	0.000005,	0.000055,	0.000055,	0.010000
223,	0.000005,	0.000055,	0.000065,	0.010000
224,	0.000005,	0.000055,	0.000075,	0.010000
225,	0.000005,	0.000055,	0.000085,	0.010000
226,	0.000005,	0.000055,	0.000095,	0.010000
229,	0.000005,	0.000065,	0.000005,	0.010000
230,	0.000005,	0.000065,	0.000015,	0.010000
231,	0.000005,	0.000065,	0.000025,	0.010000
232,	0.000005,	0.000065,	0.000035,	0.010000
233,	0.000005,	0.000065,	0.000045,	0.010000
234,	0.000005,	0.000065,	0.000055,	0.010000
235,	0.000005,	0.000065,	0.000065,	0.010000
236,	0.000005,	0.000065,	0.000075,	0.010000
237,	0.000005,	0.000065,	0.000085,	0.010000
238,	0.000005,	0.000065,	0.000095,	0.010000
241,	0.000005,	0.000075,	0.000005,	0.010000
242,	0.000005,	0.000075,	0.000015,	0.010000
243,	0.000005,	0.000075,	0.000025,	0.010000
244,	0.000005,	0.000075,	0.000035,	0.010000
245,	0.000005,	0.000075,	0.000045,	0.010000
246,	0.000005,	0.000075,	0.000055,	0.010000
247,	0.000005,	0.000075,	0.000065,	0.010000
248,	0.000005,	0.000075,	0.000075,	0.010000
249,	0.000005,	0.000075,	0.000085,	0.010000
250,	0.000005,	0.000075,	0.000095,	0.010000
253,	0.000005,	0.000085,	0.000005,	0.010000
254,	0.000005,	0.000085,	0.000015,	0.010000
255,	0.000005,	0.000085,	0.000025,	0.010000
256,	0.000005,	0.000085,	0.000035,	0.010000
257,	0.000005,	0.000085,	0.000045,	0.010000
258,	0.000005,	0.000085,	0.000055,	0.010000
259,	0.000005,	0.000085,	0.000065,	0.010000
260,	0.000005,	0.000085,	0.000075,	0.010000
261,	0.000005,	0.000085,	0.000085,	0.010000
262,	0.000005,	0.000085,	0.000095,	0.010000
265,	0.000005,	0.000095,	0.000005,	0.010000
266,	0.000005,	0.000095,	0.000015,	0.010000
267,	0.000005,	0.000095,	0.000025,	0.010000
268,	0.000005,	0.000095,	0.000035,	0.010000
269,	0.000005,	0.000095,	0.000045,	0.010000
270,	0.000005,	0.000095,	0.000055,	0.010000
271,	0.000005,	0.000095,	0.000065,	0.010000
272,	0.000005,	0.000095,	0.000075,	0.010000
273,	0.000005,	0.000095,	0.000085,	0.010000
274,	0.000005,	0.000095,	0.000095,	0.010000
301,	0.000015,	0.000005,	0.000005,	0.010000
302,	0.000015,	0.000005,	0.000015,	0.010000
303,	0.000015,	0.000005,	0.000025,	0.010000
304,	0.000015,	0.000005,	0.000035,	0.010000
305,	0.000015,	0.000005,	0.000045,	0.010000
306,	0.000015,	0.000005,	0.000055,	0.010000
307,	0.000015,	0.000005,	0.000065,	0.010000
308,	0.000015,	0.000005,	0.000075,	0.010000
309,	0.000015,	0.000005,	0.000085,	0.010000
310,	0.000015,	0.000005,	0.000095,	0.010000
313,	0.000015,	0.000015,	0.000005,	0.010000
314,	0.000015,	0.000015,	0.000015,	0.010000
315,	0.000015,	0.000015,	0.000025,	0.010000
316,	0.000015,	0.000015,	0.000035,	0.010000
317,	0.000015,	0.000015,	0.000045,	0.010000
318,	0.000015,	0.000015,	0.000055,	0.010000
319,	0.000015,	0.000015,	0.000065,	0.010000
320,	0.000015,	0.000015,	0.000075,	0.010000
321,	0.000015,	0.000015,	0.000085,	0.010000
322,	0.000015,	0.000015,	0.000095,	0.010000
325,	0.000015,	0.000025,	0.000005,	0.010000
326,	0.000015,	0.000025,	0.000015,	0.010000
327,	0.000015,	0.000025,	0.000025,	0.010000
328,	0.000015,	0.000025,	0.000035,	0.010000
329,	0.000015,	0.000025,	0.000045,	0.010000
330,	0.000015,	0.000025,	0.000055,	0.010000
331,	0.000015,	0.000025,	0.000065,	0.010000
332,	0.000015,	0.000025,	0.000075,	0.010000
333,	0.000015,	0.000025,	0.000085,	0.010000
334,	0.000015,	0.000025,	0.000095,	0.010000
337,	0.000015,	0.000035,	0.000005,	0.010000
338,	0.000015,	0.000035,	0.000015,	0.010000
339,	0.000015,	0.000035,	0.000025,	0.010000
340,	0.000015,	0.000035,	0.000035,	0.010000
341,	0.000015,	0.000035,	0.000045,	0.010000
342,	0.000015,	0.000035,	0.000055,	0.010000
343,	0.000015,	0.000035,	0.000065,	0.010000
344,	0.000015,	0.000035,	0.000075,	0.010000
345,	0.000015,	0.000035,	0.000085,	0.010000
346,	0.000015,	0.000035,	0.000095,	0.010000
349,	0.000015,	0.000045,	0.000005,	0.010000
350,	0.000015,	0.000045,	0.000015,	0.010000
351,	0.000015,	0.000045,	0.000025,	0.010000
352,	0.000015,	0.000045,	0.000035,	0.010000
353,	0.000015,	0.000045,	0.000045,	0.010000
354,	0.000015,	0.000045,	0.000055,	0.010000
355,	0.000015,	0.000045,	0.000065,	0.010000
356,	0.000015,	0.000045,	0.000075,	0.010000
357,	0.000015,	0.000045,	0.000085,	0.010000
358,	0.000015,	0.000045,	0.000095,	0.010000
361,	0.000015,	0.000055,	0.000005,	0.010000
362,	0.000015,	0.000055,	0.000015,	0.010000
363,	0.000015,	0.000055,	0.000025,	0.010000
364,	0.000015,	0.000055,	0.000035,	0.010000
365,	0.000015,	0.000055,	0.000045,	0.010000
366,	0.000015,	0.000055,	0.000055,	0.010000
367,	0.000015,	0.000055,	0.000065,	0.010000
368,	0.000015,	0.000055,	0.000075,	0.010000
369,	0.000015,	0.000055,	0.000085,	0.010000
370,	0.000015,	0.000055,	0.000095,	0.010000
373,	0.000015,	0.000065,	0.000005,	0.010000
374,	0.000015,	0.000065,	0.000015,	0.010000
375,	0.000015,	0.000065,	0.000025,	0.010000
376,	0.000015,	0.000065,	0.000035,	0.010000
377,	0.000015,	0.000065,	0.000045,	0.010000
378,	0.000015,	0.000065,	0.000055,	0.010000
379,	0.000015,	0.000065,	0.000065,	0.010000
380,	0.000015,	0.000065,	0.000075,	0.010000
381,	0.000015,	0.000065,	0.000085,	0.010000
382,	0.000015,	0.000065,	0.000095,	0.010000
385,	0.000015,	0.000075,	0.000005,	0.010000
386,	0.000015,	0.000075,	0.000015,	0.010000
387,	0.000015,	0.000075,	0.000025,	0.010000
388,	0.000015,	0.000075,	0.000035,	0.010000
389,	0.000015,	0.000075,	0.000045,	0.010000
390,	0.000015,	0.000075,	0.000055,	0.010000
391,	0.000015,	0.000075,	0.000065,	0.010000
392,	0.000015,	0.000075,	0.000075,	0.010000
393,	0.000015,	0.000075,	0.000085,	0.010000
394,	0.000015,	0.000075,	0.000095,	0.010000
397,	0.000015,	0.000085,	0.000005,	0.010000
398,	0.000015,	0.000085,	0.000015,	0.010000
399,	0.000015,	0.000085,	0.000025,	0.010000
400,	0.000015,	0.000085,	0.000035,	0.010000
401,	0.000015,	0.000085,	0.000045,	0.010000
402,	0.000015,	0.000085,	0.000055,	0.010000
403,	0.000015,	0.000085,	0.000065,	0.010000
404,	0.000015,	0.000085,	0.000075,	0.010000
405,	0.000015,	0.000085,	0.000085,	0.010000
406,	0.000015,	0.000085,	0.000095,	0.010000
409,	0.000015,	0.000095,	0.000005,	0.010000
410,	0.000015,	0.000095,	0.000015,	0.010000
411,	0.000015,	0.000095,	0.000025,	0.010000
412,	0.000015,	0.000095,	0.000035,	0.010000
413,	0.000015,	0.000095,	0.000045,	0.010000
414,	0.000015,	0.000095,	0.000055,	0.010000
415,	0.000015,	0.000095,	0.000065,	0.010000
416,	0.000015,	0.000095,	0.000075,	0.010000
417,	0.000015,	0.000095,	0.000085,	0.010000
418,	0.000015,	0.000095,	0.000095,	0.010000
445,	0.000025,	0.000005,	0.000005,	0.010000
446,	0.000025,	0.000005,	0.000015,	0.010000
447,	0.000025,	0.000005,	0.000025,	0.010000
448,	0.000025,	0.000005,	0.000035,	0.010000
449,	0.000025,	0.000005,	0.000045,	0.010000
450,	0.000025,	0.000005,	0.000055,	0.010000
451,	0.000025,	0.000005,	0.000065,	0.010000
452,	0.000025,	0.000005,	0.000075,	0.010000
453,	0.000025,	0.000005,	0.000085,	0.010000
454,	0.000025,	0.000005,	0.000095,	0.010000
457,	0.000025,	0.000015,	0.000005,	0.010000
458,	0.000025,	0.000015,	0.000015,	0.010000
459,	0.000025,	0.000015,	0.000025,	0.010000
460,	0.000025,	0.000015,	0.000035,	0.010000
461,	0.000025,	0.000015,	0.000045,	0.010000
462,	0.000025,	0.000015,	0.000055,	0.010000
463,	0.000025,	0.000015,	0.000065,	0.010000
464,	0.000025,	0.000015,	0.000075,	0.010000
465,	0.000025,	0.000015,	0.000085,	0.010000
466,	0.000025,	0.000015,	0.000095,	0.010000
469,	0.000025,	0.000025,	0.000005,	0.010000
470,	0.000025,	0.000025,	0.000015,	0.010000
471,	0.000025,	0.000025,	0.000025,	0.010000
472,	0.000025,	0.000025,	0.000035,	0.010000
473,	0.000025,	0.000025,	0.000045,	0.010000
474,	0.000025,	0.000025,	0.000055,	0.010000
475,	0.000025,	0.000025,	0.000065,	0.010000
476,	0.000025,	0.000025,	0.000075,	0.010000
477,	0.000025,	0.000025,	0.000085,	0.010000
478,	0.000025,	0.000025,	0.000095,	0.010000
481,	0.000025,	0.000035,	0.000005,	0.010000
482,	0.000025,	0.000035,	0.000015,	0.010000
483,	0.000025,	0.000035,	0.000025,	0.010000
484,	0.000025,	0.000035,	0.000035,	0.010000
485,	0.000025,	0.000035,	0.000045,	0.010000
486,	0.000025,	0.000035,	0.000055,	0.010000
487,	0.000025,	0.000035,	0.000065,	0.010000
488,	0.000025,	0.000035,	0.000075,	0.010000
489,	0.000025,	0.000035,	0.000085,	0.010000
490,	0.000025,	0.000035,	0.000095,	0.010000
493,	0.000025,	0.000045,	0.000005,	0.010000
494,	0.000025,	0.000045,	0.000015,	0.010000
495,	0.000025,	0.000045,	0.000025,	0.010000
496,	0.000025,	0.000045,	0.000035,	0.010000
497,	0.000025,	0.000045,	0.000045,	0.010000
498,	0.000025,	0.000045,	0.000055,	0.010000
499,	0.000025,	0.000045,	0.000065,	0.010000
500,	0.000025,	0.000045,	0.000075,	0.010000
501,	0.000025,	0.000045,	0.000085,	0.010000
502,	0.000025,	0.000045,	0.000095,	0.010000
505,	0.000025,	0.000055,	0.000005,	0.010000
506,	0.000025,	0.000055,	0.000015,	0.010000
507,	0.000025,	0.000055,	0.000025,	0.010000
508,	0.000025,	0.000055,	0.000035,	0.010000
509,	0.000025,	0.000055,	0.000045,	0.010000
510,	0.000025,	0.000055,	0.000055,	0.010000
511,	0.000025,	0.000055,	0.000065,	0.010000
512,	0.000025,	0.000055,	0.000075,	0.010000
513,	0.000025,	0.000055,	0.000085,	0.010000
514,	0.000025,	0.000055,	0.000095,	0.010000
517,	0.000025,	0.000065,	0.000005,	0.010000
518,	0.000025,	0.000065,	0.000015,	0.010000
519,	0.000025,	0.000065,	0.000025,	0.010000
520,	0.000025,	0.000065,	0.000035,	0.010000
521,	0.000025,	0.000065,	0.000045,	0.010000
522,	0.000025,	0.000065,	0.000055,	0.010000
523,	0.000025,	0.000065,	0.000065,	0.010000
524,	0.000025,	0.000065,	0.000075,	0.010000
525,	0.000025,	0.000065,	0.000085,	0.010000
526,	0.000025,	0.000065,	0.000095,	0.010000
529,	0.000025,	0.000075,	0.000005,	0.010000
530,	0.000025,	0.000075,	0.000015,	0.010000
531,	0.000025,	0.000075,	0.000025,	0.010000
532,	0.000025,	0.000075,	0.000035,	0.010000
533,	0.000025,	0.000075,	0.000045,	0.010000
534,	0.000025,	0.000075,	0.000055,	0.010000
535,	0.000025,	0.000075,	0.000065,	0.010000
536,	0.000025,	0.000075,	0.000075,	0.010000
537,	0.000025,	0.000075,	0.000085,	0.010000
538,	0.000025,	0.000075,	0.000095,	0.010000
541,	0.000025,	0.000085,	0.000005,	0.010000
542,	0.000025,	0.000085,	0.000015,	0.010000
543,	0.000025,	0.000085,	0.000025,	0.010000
544,	0.000025,	0.000085,	0.000035,	0.010000
545,	0.000025,	0.000085,	0.000045,	0.010000
546,	0.000025,	0.000085,	0.000055,	0.010000
547,	0.000025,	0.000085,	0.000065,	0.010000
548,	0.000025,	0.000085,	0.000075,	0.010000
549,	0.000025,	0.000085,	0.000085,	0.010000
550,	0.000025,	0.000085,	0.000095,	0.010000
553,	0.000025,	0.000095,	0.000005,	0.010000
554,	0.000025,	0.000095,	0.000015,	0.010000
555,	0.000025,	0.000095,	0.000025,	0.010000
556,	0.000025,	0.000095,	0.000035,	0.010000
557,	0.000025,	0.000095,	0.000045,	0.010000
558,	0.000025,	0.000095,	0.000055,	0.010000
559,	0.000025,	0.000095,	0.000065,	0.010000
560,	0.000025,	0.000095,	0.000075,	0.010000
561,	0.000025,	0.000095,	0.000085,	0.010000
562,	0.000025,	0.000095,	0.000095,	0.010000
589,	0.000035,	0.000005,	0.000005,	0.010000
590,	0.000035,	0.000005,	0.000015,	0.010000
591,	0.000035,	0.000005,	0.000025,	0.010000
592,	0.000035,	0.000005,	0.000035,	0.010000
593,	0.000035,	0.000005,	0.000045,	0.010000
594,	0.000035,	0.000005,	0.000055,	0.010000
595,	0.000035,	0.000005,	0.000065,	0.010000
596,	0.000035,	0.000005,	0.000075,	0.010000
597,	0.000035,	0.000005,	0.000085,	0.010000
598,	0.000035,	0.000005,	0.000095,	0.010000
601,	0.000035,	0.000015,	0.000005,	0.010000
602,	0.000035,	0.000015,	0.000015,	0.010000
603,	0.000035,	0.000015,	0.000025,	0.010000
604,	0.000035,	0.000015,	0.000035,	0.010000
605,	0.000035,	0.000015,	0.000045,	0.010000
606,	0.000035,	0.000015,	0.000055,	0.010000
607,	0.000035,	0.000015,	0.000065,	0.010000
608,	0.000035,	0.000015,	0.000075,	0.010000
609,	0.000035,	0.000015,	0.000085,	0.010000
610,	0.000035,	0.000015,	0.000095,	0.010000
613,	0.000035,	0.000025,	0.000005,	0.010000
614,	0.000035,	0.000025,	0.000015,	0.010000
615,	0.000035,	0.000025,	0.000025,	0.010000
616,	0.000035,	0.000025,	0.000035,	0.010000
617,	0.000035,	0.000025,	0.000045,	0.010000
618,	0.000035,	0.000025,	0.000055,	0.010000
619,	0.000035,	0.000025,	0.000065,	0.010000
620,	0.000035,	0.000025,	0.000075,	0.010000
621,	0.000035,	0.000025,	0.000085,	0.010000
622,	0.000035,	0.000025,	0.000095,	0.010000
625,	0.000035,	0.000035,	0.000005,	0.010000
626,	0.000035,	0.000035,	0.000015,	0.010000
627,	0.000035,	0.000035,	0.000025,	0.010000
628,	0.000035,	0.000035,	0.000035,	0.010000
629,	0.000035,	0.000035,	0.000045,	0.010000
630,	0.000035,	0.000035,	0.000055,	0.010000
631,	0.000035,	0.000035,	0.000065,	0.010000
632,	0.000035,	0.000035,	0.000075,	0.010000
633,	0.000035,	0.000035,	0.000085,	0.010000
634,	0.000035,	0.000035,	0.000095,	0.010000
637,	0.000035,	0.000045,	0.000005,	0.010000
638,	0.000035,	0.000045,	0.000015,	0.010000
639,	0.000035,	0.000045,	0.000025,	0.010000
640,	0.000035,	0.000045,	0.000035,	0.010000
641,	0.000035,	0.000045,	0.000045,	0.010000
642,	0.000035,	0.000045,	0.000055,	0.010000
643,	0.000035,	0.000045,	0.000065,	0.010000
644,	0.000035,	0.000045,	0.000075,	0.010000
645,	0.000035,	0.000045,	0.000085,	0.010000
646,	0.000035,	0.000045,	0.000095,	0.010000
649,	0.000035,	0.000055,	0.000005,	0.010000
650,	0.000035,	0.000055,	0.000015,	0.010000
651,	0.000035,	0.000055,	0.000025,	0.010000
652,	0.000035,	0.000055,	0.000035,	0.010000
653,	0.000035,	0.000055,	0.000045,	0.010000
654,	0.000035,	0.000055,	0.000055,	0.010000
655,	0.000035,	0.000055,	0.000065,	0.010000
656,	0.000035,	0.000055,	0.000075,	0.010000
657,	0.000035,	0.000055,	0.000085,	0.010000
658,	0.000035,	0.000055,	0.000095,	0.010000
661,	0.000035,	0.000065,	0.000005,	0.010000
662,	0.000035,	0.000065,	0.000015,	0.010000
663,	0.000035,	0.000065,	0.000025,	0.010000
664,	0.000035,	0.000065,	0.000035,	0.010000
665,	0.000035,	0.000065,	0.000045,	0.010000
666,	0.000035,	0.000065,	0.000055,	0.010000
667,	0.000035,	0.000065,	0.000065,	0.010000
668,	0.000035,	0.000065,	0.000075,	0.010000
669,	0.000035,	0.000065,	0.000085,	0.010000
670,	0.000035,	0.000065,	0.000095,	0.010000
673,	0.000035,	0.000075,	0.000005,	0.010000
674,	0.000035,	0.000075,	0.000015,	0.010000
675,	0.000035,	0.000075,	0.000025,	0.010000
676,	0.000035,	0.000075,	0.000035,	0.010000
677,	0.000035,	0.000075,	0.000045,	0.010000
678,	0.000035,	0.000075,	0.000055,	0.010000
679,	0.000035,	0.000075,	0.000065,	0.010000
680,	0.000035,	0.000075,	0.000075,	0.010000
681,	0.000035,	0.000075,	0.000085,	0.010000
682,	0.000035,	0.000075,	0.000095,	0.010000
685,	0.000035,	0.000085,	0.000005,	0.010000
686,	0.000035,	0.000085,	0.000015,	0.010000
687,	0.000035,	0.000085,	0.000025,	0.010000
688,	0.000035,	0.000085,	0.000035,	0.010000
689,	0.000035,	0.000085,	0.000045,	0.010000
690,	0.000035,	0.000085,	0.000055,	0.010000
691,	0.000035,	0.000085,	0.000065,	0.010000
692,	0.000035,	0.000085,	0.000075,	0.010000
693,	0.000035,	0.000085,	0.000085,	0.010000
694,	0.000035,	0.000085,	0.000095,	0.010000
697,	0.000035,	0.000095,	0.000005,	0.010000
698,	0.000035,	0.000095,	0.000015,	0.010000
699,	0.000035,	0.000095,	0.000025,	0.010000
700,	0.000035,	0.000095,	0.000035,	0.010000
701,	0.000035,	0.000095,	0.000045,	0.010000
702,	0.000035,	0.000095,	0.000055,	0.010000
703,	0.000035,	0.000095,	0.000065,	0.010000
704,	0.000035,	0.000095,	0.000075,	0.010000
705,	0.000035,	0.000095,	0.000085,	0.010000
706,	0.000035,	0.000095,	0.000095,	0.010000
733,	0.000045,	0.000005,	0.000005,	0.010000
734,	0.000045,	0.000005,	0.000015,	0.010000
735,	0.000045,	0.000005,	0.000025,	0.010000
736,	0.000045,	0.000005,	0.000035,	0.010000
737,	0.000045,	0.000005,	0.000045,	0.010000
738,	0.000045,	0.000005,	0.000055,	0.010000
739,	0.000045,	0.000005,	0.000065,	0.010000
740,	0.000045,	0.000005,	0.000075,	0.010000
741,	0.000045,	0.000005,	0.000085,	0.010000
742,	0.000045,	0.000005,	0.000095,	0.010000
745,	0.000045,	0.000015,	0.000005,	0.010000
746,	0.000045,	0.000015,	0.000015,	0.010000
747,	0.000045,	0.000015,	0.000025,	0.010000
748,	0.000045,	0.000015,	0.000035,	0.010000
749,	0.000045,	0.000015,	0.000045,	0.010000
750,	0.000045,	0.000015,	0.000055,	0.010000
751,	0.000045,	0.000015,	0.000065,	0.010000
752,	0.000045,	0.000015,	0.000075,	0.010000
753,	0.000045,	0.000015,	0.000085,	0.010000
754,	0.000045,	0.000015,	0.000095,	0.010000
757,	0.000045,	0.000025,	0.000005,	0.010000
758,	0.000045,	0.000025,	0.000015,	0.010000
759,	0.000045,	0.000025,	0.000025,	0.010000
760,	0.000045,	0.000025,	0.000035,	0.010000
761,	0.000045,	0.000025,	0.000045,	0.010000
762,	0.000045,	0.000025,	0.000055,	0.010000
763,	0.000045,	0.000025,	0.000065,	0.010000
764,	0.000045,	0.000025,	0.000075,	0.010000
765,	0.000045,	0.000025,	0.000085,	0.010000
766,	0.000045,	0.000025,	0.000095,	0.010000
769,	0.000045,	0.000035,	0.000005,	0.010000
770,	0.000045,	0.000035,	0.000015,	0.010000
771,	0.000045,	0.000035,	0.000025,	0.010000
772,	0.000045,	0.000035,	0.000035,	0.010000
773,	0.000045,	0.000035,	0.000045,	0.010000
774,	0.000045,	0.000035,	0.000055,	0.010000
775,	0.000045,	0.000035,	0.000065,	0.010000
776,	0.000045,	0.000035,	0.000075,	0.010000
777,	0.000045,	0.000035,	0.000085,	0.010000
778,	0.000045,	0.000035,	0.000095,	0.010000
781,	0.000045,	0.000045,	0.000005,	0.010000
782,	0.000045,	0.000045,	0.000015,	0.010000
783,	0.000045,	0.000045,	0.000025,	0.010000
784,	0.000045,	0.000045,	0.000035,	0.010000
785,	0.000045,	0.000045,	0.000045,	0.010000
786,	0.000045,	0.000045,	0.000055,	0.010000
787,	0.000045,	0.000045,	0.000065,	0.010000
788,	0.000045,	0.000045,	0.000075,	0.010000
789,	0.000045,	0.000045,	0.000085,	0.010000
790,	0.000045,	0.000045,	0.000095,	0.010000
793,	0.000045,	0.000055,	0.000005,	0.010000
794,	0.000045,	0.000055,	0.000015,	0.010000
795,	0.000045,	0.000055,	0.000025,	0.010000
796,	0.000045,	0.000055,	0.000035,	0.010000
797,	0.000045,	0.000055,	0.000045,	0.010000
798,	0.000045,	0.000055,	0.000055,	0.010000
799,	0.000045,	0.000055,	0.000065,	0.010000
800,	0.000045,	0.000055,	0.000075,	0.010000
801,	0.000045,	0.000055,	0.000085,	0.010000
802,	0.000045,	0.000055,	0.000095,	0.010000
805,	0.000045,	0.000065,	0.000005,	0.010000
806,	0.000045,	0.000065,	0.000015,	0.010000
807,	0.000045,	0.000065,	0.000025,	0.010000
808,	0.000045,	0.000065,	0.000035,	0.010000
809,	0.000045,	0.000065,	0.000045,	0.010000
810,	0.000045,	0.000065,	0.000055,	0.010000
811,	0.000045,	0.000065,	0.000065,	0.010000
812,	0.000045,	0.000065,	0.000075,	0.010000
813,	0.000045,	0.000065,	0.000085,	0.010000
814,	0.000045,	0.000065,	0.000095,	0.010000
817,	0.000045,	0.000075,	0.000005,	0.010000
818,	0.000045,	0.000075,	0.000015,	0.010000
819,	0.000045,	0.000075,	0.000025,	0.010000
820,	0.000045,	0.000075,	0.000035,	0.010000
821,	0.000045,	0.000075,	0.000045,	0.010000
822,	0.000045,	0.000075,	0.000055,	0.010000
823,	0.000045,	0.000075,	0.000065,	0.010000
824,	0.000045,	0.000075,	0.000075,	0.010000
825,	0.000045,	0.000075,	0.000085,	0.010000
826,	0.000045,	0.000075,	0.000095,	0.010000
829,	0.000045,	0.000085,	0.000005,	0.010000
830,	0.000045,	0.000085,	0.000015,	0.010000
831,	0.000045,	0.000085,	0.000025,	0.010000
832,	0.000045,	0.000085,	0.000035,	0.010000
833,	0.000045,	0.000085,	0.000045,	0.010000
834,	0.000045,	0.000085,	0.000055,	0.010000
835,	0.000045,	0.000085,	0.000065,	0.010000
836,	0.000045,	0.000085,	0.000075,	0.010000
837,	0.000045,	0.000085,	0.000085,	0.010000
838,	0.000045,	0.000085,	0.000095,	0.010000
841,	0.000045,	0.000095,	0.000005,	0.010000
842,	0.000045,	0.000095,	0.000015,	0.010000
843,	0.000045,	0.000095,	0.000025,	0.010000
844,	0.000045,	0.000095,	0.000035,	0.010000
845,	0.000045,	0.000095,	0.000045,	0.010000
846,	0.000045,	0.000095,	0.000055,	0.010000
847,	0.000045,	0.000095,	0.000065,	0.010000
848,	0.000045,	0.000095,	0.000075,	0.010000
849,	0.000045,	0.000095,	0.000085,	0.010000
850,	0.000045,	0.000095,	0.000095,	0.010000
877,	0.000055,	0.000005,	0.000005,	0.010000
878,	0.000055,	0.000005,	0.000015,	0.010000
879,	0.000055,	0.000005,	0.000025,	0.010000
880,	0.000055,	0.000005,	0.000035,	0.010000
881,	0.000055,	0.000005,	0.000045,	0.010000
882,	0.000055,	0.000005,	0.000055,	0.010000
883,	0.000055,	0.000005,	0.000065,	0.010000
884,	0.000055,	0.000005,	0.000075,	0.010000
885,	0.000055,	0.000005,	0.000085,	0.010000
886,	0.000055,	0.000005,	0.000095,	0.010000
889,	0.000055,	0.000015,	0.000005,	0.010000
890,	0.000055,	0.000015,	0.000015,	0.010000
891,	0.000055,	0.000015,	0.000025,	0.010000
892,	0.000055,	0.000015,	0.000035,	0.010000
893,	0.000055,	0.000015,	0.000045,	0.010000
894,	0.000055,	0.000015,	0.000055,	0.010000
895,	0.000055,	0.000015,	0.000065,	0.010000
896,	0.000055,	0.000015,	0.000075,	0.010000
897,	0.000055,	0.000015,	0.000085,	0.010000
898,	0.000055,	0.000015,	0.000095,	0.010000
901,	0.000055,	0.000025,	0.000005,	0.010000
902,	0.000055,	0.000025,	0.000015,	0.010000
903,	0.000055,	0.000025,	0.000025,	0.010000
904,	0.000055,	0.000025,	0.000035,	0.010000
905,	0.000055,	0.000025,	0.000045,	0.010000
906,	0.000055,	0.000025,	0.000055,	0.010000
907,	0.000055,	0.000025,	0.000065,	0.010000
908,	0.000055,	0.000025,	0.000075,	0.010000
909,	0.000055,	0.000025,	0.000085,	0.010000
910,	0.000055,	0.000025,	0.000095,	0.010000
913,	0.000055,	0.000035,	0.000005,	0.010000
914,	0.000055,	0.000035,	0.000015,	0.010000
915,	0.000055,	0.000035,	0.000025,	0.010000
916,	0.000055,	0.000035,	0.000035,	0.010000
917,	0.000055,	0.000035,	0.000045,	0.010000
918,	0.000055,	0.000035,	0.000055,	0.010000
919,	0.000055,	0.000035,	0.000065,	0.010000
920,	0.000055,	0.000035,	0.000075,	0.010000
921,	0.000055,	0.000035,	0.000085,	0.010000
922,	0.000055,	0.000035,	0.000095,	0.010000
925,	0.000055,	0.000045,	0.000005,	0.010000
926,	0.000055,	0.000045,	0.000015,	0.010000
927,	0.000055,	0.000045,	0.000025,	0.010000
928,	0.000055,	0.000045,	0.000035,	0.010000
929,	0.000055,	0.000045,	0.000045,	0.010000
930,	0.000055,	0.000045,	0.000055,	0.010000
931,	0.000055,	0.000045,	0.000065,	0.010000
932,	0.000055,	0.000045,	0.000075,	0.010000
933,	0.000055,	0.000045,	0.000085,	0.010000
934,	0.000055,	0.000045,	0.000095,	0.010000
937,	0.000055,	0.000055,	0.000005,	0.010000
938,	0.000055,	0.000055,	0.000015,	0.010000
939,	0.000055,	0.000055,	0.000025,	0.010000
940,	0.000055,	0.000055,	0.000035,	0.010000
941,	0.000055,	0.000055,	0.000045,	0.010000
942,	0.000055,	0.000055,	0.000055,	0.010000
943,	0.000055,	0.000055,	0.000065,	0.010000
944,	0.000055,	0.000055,	0.000075,	0.010000
945,	0.000055,	0.000055,	0.000085,	0.010000
946,	0.000055,	0.000055,	0.000095,	0.010000
949,	0.000055,	0.000065,	0.000005,	0.010000
950,	0.000055,	0.000065,	0.000015,	0.010000
951,	0.000055,	0.000065,	0.000025,	0.010000
952,	0.000055,	0.000065,	0.000035,	0.010000
953,	0.000055,	0.000065,	0.000045,	0.010000
954,	0.000055,	0.000065,	0.000055,	0.010000
955,	0.000055,	0.000065,	0.000065,	0.010000
956,	0.000055,	0.000065,	0.000075,	0.010000
957,	0.000055,	0.000065,	0.000085,	0.010000
958,	0.000055,	0.000065,	0.000095,	0.010000
961,	0.000055,	0.000075,	0.000005,	0.010000
962,	0.000055,	0.000075,	0.000015,	0.010000
963,	0.000055,	0.000075,	0.000025,	0.010000
964,	0.000055,	0.000075,	0.000035,	0.010000
965,	0.000055,	0.000075,	0.000045,	0.010000
966,	0.000055,	0.000075,	0.000055,	0.010000
967,	0.000055,	0.000075,	0.000065,	0.010000
968,	0.000055,	0.000075,	0.000075,	0.010000
969,	0.000055,	0.000075,	0.000085,	0.010000
970,	0.000055,	0.000075,	0.000095,	0.010000
973,	0.000055,	0.000085,	0.000005,	0.010000
974,	0.000055,	0.000085,	0.000015,	0.010000
975,	0.000055,	0.000085,	0.000025,	0.010000
976,	0.000055,	0.000085,	0.000035,	0.010000
977,	0.000055,	0.000085,	0.000045,	0.010000
978,	0.000055,	0.000085,	0.000055,	0.010000
979,	0.000055,	0.000085,	0.000065,	0.010000
980,	0.000055,	0.000085,	0.000075,	0.010000
981,	0.000055,	0.000085,	0.000085,	0.010000
982,	0.000055,	0.000085,	0.000095,	0.010000
985,	0.000055,	0.000095,	0.000005,	0.010000
986,	0.000055,	0.000095,	0.000015,	0.010000
987,	0.000055,	0.000095,	0.000025,	0.010000
988,	0.000055,	0.000095,	0.000035,	0.010000
989,	0.000055,	0.000095,	0.000045,	0.010000
990,	0.000055,	0.000095,	0.000055,	0.010000
991,	0.000055,	0.000095,	0.000065,	0.010000
992,	0.000055,	0.000095,	0.000075,	0.010000
993,	0.000055,	0.000095,	0.000085,	0.010000
994,	0.000055,	0.000095,	0.000095,	0.010000
1021,	0.000065,	0.000005,	0.000005,	0.010000
1022,	0.000065,	0.000005,	0.000015,	0.010000
1023,	0.000065,	0.000005,	0.000025,	0.010000
1024,	0.000065,	0.000005,	0.000035,	0.010000
1025,	0.000065,	0.000005,	0.000045,	0.010000
1026,	0.000065,	0.000005,	0.000055,	0.010000
1027,	0.000065,	0.000005,	0.000065,	0.010000
1028,	0.000065,	0.000005,	0.000075,	0.010000
1029,	0.000065,	0.000005,	0.000085,	0.010000
1030,	0.000065,	0.000005,	0.000095,	0.010000
1033,	0.000065,	0.000015,	0.000005,	0.010000
1034,	0.000065,	0.000015,	0.000015,	0.010000
1035,	0.000065,	0.000015,	0.000025,	0.010000
1036,	0.000065,	0.000015,	0.000035,	0.010000
1037,	0.000065,	0.000015,	0.000045,	0.010000
1038,	0.000065,	0.000015,	0.000055,	0.010000
1039,	0.000065,	0.000015,	0.000065,	0.010000
1040,	0.000065,	0.000015,	0.000075,	0.010000
1041,	0.000065,	0.000015,	0.000085,	0.010000
1042,	0.000065,	0.000015,	0.000095,	0.010000
1045,	0.000065,	0.000025,	0.000005,	0.010000
1046,	0.000065,	0.000025,	0.000015,	0.010000
1047,	0.000065,	0.000025,	0.000025,	0.010000
1048,	0.000065,	0.000025,	0.000035,	0.010000
1049,	0.000065,	0.000025,	0.000045,	0.010000
1050,	0.000065,	0.000025,	0.000055,	0.010000
1051,	0.000065,	0.000025,	0.000065,	0.010000
1052,	0.000065,	0.000025,	0.000075,	0.010000
1053,	0.000065,	0.000025,	0.000085,	0.010000
1054,	0.000065,	0.000025,	0.000095,	0.010000
1057,	0.000065,	0.000035,	0.000005,	0.010000
1058,	0.000065,	0.000035,	0.000015,	0.010000
1059,	0.000065,	0.000035,	0.000025,	0.010000
1060,	0.000065,	0.000035,	0.000035,	0.010000
1061,	0.000065,	0.000035,	0.000045,	0.010000
1062,	0.000065,	0.000035,	0.000055,	0.010000
1063,	0.000065,	0.000035,	0.000065,	0.010000
1064,	0.000065,	0.000035,	0.000075,	0.010000
1065,	0.000065,	0.000035,	0.000085,	0.010000
1066,	0.000065,	0.000035,	0.000095,	0.010000
1069,	0.000065,	0.000045,	0.000005,	0.010000
1070,	0.000065,	0.000045,	0.000015,	0.010000
1071,	0.000065,	0.000045,	0.000025,	0.010000
1072,	0.000065,	0.000045,	0.000035,	0.010000
1073,	0.000065,	0.000045,	0.000045,	0.010000
1074,	0.000065,	0.000045,	0.000055,	0.010000
1075,	0.000065,	0.000045,	0.000065,	0.010000
1076,	0.000065,	0.000045,	0.000075,	0.010000
1077,	0.000065,	0.000045,	0.000085,	0.010000
1078,	0.000065,	0.000045,	0.000095,	0.010000
1081,	0.000065,	0.000055,	0.000005,	0.010000
1082,	0.000065,	0.000055,	0.000015,	0.010000
1083,	0.000065,	0.000055,	0.000025,	0.010000
1084,	0.000065,	0.000055,	0.000035,	0.010000
1085,	0.000065,	0.000055,	0.000045,	0.010000
1086,	0.000065,	0.000055,	0.000055,	0.010000
1087,	0.000065,	0.000055,	0.000065,	0.010000
1088,	0.000065,	0.000055,	0.000075,	0.010000
1089,	0.000065,	0.000055,	0.000085,	0.010000
1090,	0.000065,	0.000055,	0.000095,	0.010000
1093,	0.000065,	0.000065,	0.000005,	0.010000
1094,	0.000065,	0.000065,	0.000015,	0.010000
1095,	0.000065,	0.000065,	0.000025,	0.010000
1096,	0.000065,	0.000065,	0.000035,	0.010000
1097,	0.000065,	0.000065,	0.000045,	0.010000
1098,	0.000065,	0.000065,	0.000055,	0.010000
1099,	0.000065,	0.000065,	0.000065,	0.010000
1100,	0.000065,	0.000065,	0.000075,	0.010000
1101,	0.000065,	0.000065,	0.000085,	0.010000
1102,	0.000065,	0.000065,	0.000095,	0.010000
1105,	0.000065,	0.000075,	0.000005,	0.010000
1106,	0.000065,	0.000075,	0.000015,	0.010000
1107,	0.000065,	0.000075,	0.000025,	0.010000
1108,	0.000065,	0.000075,	0.000035,	0.010000
1109,	0.000065,	0.000075,	0.000045,	0.010000
1110,	0.000065,	0.000075,	0.000055,	0.010000
1111,	0.000065,	0.000075,	0.000065,	0.010000
1112,	0.000065,	0.000075,	0.000075,	0.010000
1113,	0.000065,	0.000075,	0.000085,	0.010000
1114,	0.000065,	0.000075,	0.000095,	0.010000
1117,	0.000065,	0.000085,	0.000005,	0.010000
1118,	0.000065,	0.000085,	0.000015,	0.010000
1119,	0.000065,	0.000085,	0.000025,	0.010000
1120,	0.000065,	0.000085,	0.000035,	0.010000
1121,	0.000065,	0.000085,	0.000045,	0.010000
1122,	0.000065,	0.000085,	0.000055,	0.010000
1123,	0.000065,	0.000085,	0.000065,	0.010000
1124,	0.000065,	0.000085,	0.000075,	0.010000
1125,	0.000065,	0.000085,	0.000085,	0.010000
1126,	0.000065,	0.000085,	0.000095,	0.010000
1129,	0.000065,	0.000095,	0.000005,	0.010000
1130,	0.000065,	0.000095,	0.000015,	0.010000
1131,	0.000065,	0.000095,	0.000025,	0.010000
1132,	0.000065,	0.000095,	0.000035,	0.010000
1133,	0.000065,	0.000095,	0.000045,	0.010000
1134,	0.000065,	0.000095,	0.000055,	0.010000
1135,	0.000065,	0.000095,	0.000065,	0.010000
1136,	0.000065,	0.000095,	0.000075,	0.010000
1137,	0.000065,	0.000095,	0.000085,	0.010000
1138,	0.000065,	0.000095,	0.000095,	0.010000
1165,	0.000075,	0.000005,	0.000005,	0.010000
1166,	0.000075,	0.000005,	0.000015,	0.010000
1167,	0.000075,	0.000005,	0.000025,	0.010000
1168,	0.000075,	0.000005,	0.000035,	0.010000
1169,	0.000075,	0.000005,	0.000045,	0.010000
1170,	0.000075,	0.000005,	0.000055,	0.010000
1171,	0.000075,	0.000005,	0.000065,	0.010000
1172,	0.000075,	0.000005,	0.000075,	0.010000
1173,	0.000075,	0.000005,	0.000085,	0.010000
1174,	0.000075,	0.000005,	0.000095,	0.010000
1177,	0.000075,	0.000015,	0.000005,	0.010000
1178,	0.000075,	0.000015,	0.000015,	0.010000
1179,	0.000075,	0.000015,	0.000025,	0.010000
1180,	0.000075,	0.000015,	0.000035,	0.010000
1181,	0.000075,	0.000015,	0.000045,	0.010000
1182,	0.000075,	0.000015,	0.000055,	0.010000
1183,	0.000075,	0.000015,	0.000065,	0.010000
1184,	0.000075,	0.000015,	0.000075,	0.010000
1185,	0.000075,	0.000015,	0.000085,	0.010000
1186,	0.000075,	0.000015,	0.000095,	0.010000
1189,	0.000075,	0.000025,	0.000005,	0.010000
1190,	0.000075,	0.000025,	0.000015,	0.010000
1191,	0.000075,	0.000025,	0.000025,	0.010000
1192,	0.000075,	0.000025,	0.000035,	0.010000
1193,	0.000075,	0.000025,	0.000045,	0.010000
1194,	0.000075,	0.000025,	0.000055,	0.010000
1195,	0.000075,	0.000025,	0.000065,	0.010000
1196,	0.000075,	0.000025,	0.000075,	0.010000
1197,	0.000075,	0.000025,	0.000085,	0.010000
1198,	0.000075,	0.000025,	0.000095,	0.010000
1201,	0.000075,	0.000035,	0.000005,	0.010000
1202,	0.000075,	0.000035,	0.000015,	0.010000
1203,	0.000075,	0.000035,	0.000025,	0.010000
1204,	0.000075,	0.000035,	0.000035,	0.010000
1205,	0.000075,	0.000035,	0.000045,	0.010000
1206,	0.000075,	0.000035,	0.000055,	0.010000
1207,	0.000075,	0.000035,	0.000065,	0.010000
1208,	0.000075,	0.000035,	0.000075,	0.010000
1209,	0.000075,	0.000035,	0.000085,	0.010000
1210,	0.000075,	0.000035,	0.000095,	0.010000
1213,	0.000075,	0.000045,	0.000005,	0.010000
1214,	0.000075,	0.000045,	0.000015,	0.010000
1215,	0.000075,	0.000045,	0.000025,	0.010000
1216,	0.000075,	0.000045,	0.000035,	0.010000
1217,	0.000075,	0.000045,	0.000045,	0.010000
1218,	0.000075,	0.000045,	0.000055,	0.010000
1219,	0.000075,	0.000045,	0.000065,	0.010000
1220,	0.000075,	0.000045,	0.000075,	0.010000
1221,	0.000075,	0.000045,	0.000085,	0.010000
1222,	0.000075,	0.000045,	0.000095,	0.010000
1225,	0.000075,	0.000055,	0.000005,	0.010000
1226,	0.000075,	0.000055,	0.000015,	0.010000
1227,	0.000075,	0.000055,	0.000025,	0.010000
1228,	0.000075,	0.000055,	0.000035,	0.010000
1229,	0.000075,	0.000055,	0.000045,	0.010000
1230,	0.000075,	0.000055,	0.000055,	0.010000
1231,	0.000075,	0.000055,	0.000065,	0.010000
1232,	0.000075,	0.000055,	0.000075,	0.010000
1233,	0.000075,	0.000055,	0.000085,	0.010000
1234,	0.000075,	0.000055,	0.000095,	0.010000
1237,	0.000075,	0.000065,	0.000005,	0.010000
1238,	0.000075,	0.000065,	0.000015,	0.010000
1239,	0.000075,	0.000065,	0.000025,	0.010000
1240,	0.000075,	0.000065,	0.000035,	0.010000
1241,	0.000075,	0.000065,	0.000045,	0.010000
1242,	0.000075,	0.000065,	0.000055,	0.010000
1243,	0.000075,	0.000065,	0.000065,	0.010000
1244,	0.000075,	0.000065,	0.000075,	0.010000
1245,	0.000075,	0.000065,	0.000085,	0.010000
1246,	0.000075,	0.000065,	0.000095,	0.010000
1249,	0.000075,	0.000075,	0.000005,	0.010000
1250,	0.000075,	0.000075,	0.000015,	0.010000
1251,	0.000075,	0.000075,	0.000025,	0.010000
1252,	0.000075,	0.000075,	0.000035,	0.010000
1253,	0.000075,	0.000075,	0.000045,	0.010000
1254,	0.000075,	0.000075,	0.000055,	0.010000
1255,	0.000075,	0.000075,	0.000065,	0.010000
1256,	0.000075,	0.000075,	0.000075,	0.010000
1257,	0.000075,	0.000075,	0.000085,	0.010000
1258,	0.000075,	0.000075,	0.000095,	0.010000
1261,	0.000075,	0.000085,	0.000005,	0.010000
1262,	0.000075,	0.000085,	0.000015,	0.010000
1263,	0.000075,	0.000085,	0.000025,	0.010000
1264,	0.000075,	0.000085,	0.000035,	0.010000
1265,	0.000075,	0.000085,	0.000045,	0.010000
1266,	0.000075,	0.000085,	0.000055,	0.010000
1267,	0.000075,	0.000085,	0.000065,	0.010000
1268,	0.000075,	0.000085,	0.000075,	0.010000
1269,	0.000075,	0.000085,	0.000085,	0.010000
1270,	0.000075,	0.000085,	0.000095,	0.010000
1273,	0.000075,	0.000095,	0.000005,	0.010000
1274,	0.000075,	0.000095,	0.000015,	0.010000
1275,	0.000075,	0.000095,	0.000025,	0.010000
1276,	0.000075,	0.000095,	0.000035,	0.010000
1277,	0.000075,	0.000095,	0.000045,	0.010000
1278,	0.000075,	0.000095,	0.000055,	0.010000
1279,	0.000075,	0.000095,	0.000065,	0.010000
1280,	0.000075,	0.000095,	0.000075,	0.010000
1281,	0.000075,	0.000095,	0.000085,	0.010000
1282,	0.000075,	0.000095,	0.000095,	0.010000
1309,	0.000085,	0.000005,	0.000005,	0.010000
1310,	0.000085,	0.000005,	0.000015,	0.010000
1311,	0.000085,	0.000005,	0.000025,	0.010000
1312,	0.000085,	0.000005,	0.000035,	0.010000
1313,	0.000085,	0.000005,	0.000045,	0.010000
1314,	0.000085,	0.000005,	0.000055,	0.010000
1315,	0.000085,	0.000005,	0.000065,	0.010000
1316,	0.000085,	0.000005,	0.000075,	0.010000
1317,	0.000085,	0.000005,	0.000085,	0.010000
1318,	0.000085,	0.000005,	0.000095,	0.010000
1321,	0.000085,	0.000015,	0.000005,	0.010000
1322,	0.000085,	0.000015,	0.000015,	0.010000
1323,	0.000085,	0.000015,	0.000025,	0.010000
1324,	0.000085,	0.000015,	0.000035,	0.010000
1325,	0.000085,	0.000015,	0.000045,	0.010000
1326,	0.000085,	0.000015,	0.000055,	0.010000
1327,	0.000085,	0.000015,	0.000065,	0.010000
1328,	0.000085,	0.000015,	0.000075,	0.010000
1329,	0.000085,	0.000015,	0.000085,	0.010000
1330,	0.000085,	0.000015,	0.000095,	0.010000
1333,	0.000085,	0.000025,	0.000005,	0.010000
1334,	0.000085,	0.000025,	0.000015,	0.010000
1335,	0.000085,	0.000025,	0.000025,	0.010000
1336,	0.000085,	0.000025,	0.000035,	0.010000
1337,	0.000085,	0.000025,	0.000045,	0.010000
1338,	0.000085,	0.000025,	0.000055,	0.010000
1339,	0.000085,	0.000025,	0.000065,	0.010000
1340,	0.000085,	0.000025,	0.000075,	0.010000
1341,	0.000085,	0.000025,	0.000085,	0.010000
1342,	0.000085,	0.000025,	0.000095,	0.010000
1345,	0.000085,	0.000035,	0.000005,	0.010000
1346,	0.000085,	0.000035,	0.000015,	0.010000
1347,	0.000085,	0.000035,	0.000025,	0.010000
1348,	0.000085,	0.000035,	0.000035,	0.010000
1349,	0.000085,	0.000035,	0.000045,	0.010000
1350,	0.000085,	0.000035,	0.000055,	0.010000
1351,	0.000085,	0.000035,	0.000065,	0.010000
1352,	0.000085,	0.000035,	0.000075,	0.010000
1353,	0.000085,	0.000035,	0.000085,	0.010000
1354,	0.000085,	0.000035,	0.000095,	0.010000
1357,	0.000085,	0.000045,	0.000005,	0.010000
1358,	0.000085,	0.000045,	0.000015,	0.010000
1359,	0.000085,	0.000045,	0.000025,	0.010000
1360,	0.000085,	0.000045,	0.000035,	0.010000
1361,	0.000085,	0.000045,	0.000045,	0.010000
1362,	0.000085,	0.000045,	0.000055,	0.010000
1363,	0.000085,	0.000045,	0.000065,	0.010000
1364,	0.000085,	0.000045,	0.000075,	0.010000
1365,	0.000085,	0.000045,	0.000085,	0.010000
1366,	0.000085,	0.000045,	0.000095,	0.010000
1369,	0.000085,	0.000055,	0.000005,	0.010000
1370,	0.000085,	0.000055,	0.000015,	0.010000
1371,	0.000085,	0.000055,	0.000025,	0.010000
1372,	0.000085,	0.000055,	0.000035,	0.010000
1373,	0.000085,	0.000055,	0.000045,	0.010000
1374,	0.000085,	0.000055,	0.000055,	0.010000
1375,	0.000085,	0.000055,	0.000065,	0.010000
1376,	0.000085,	0.000055,	0.000075,	0.010000
1377,	0.000085,	0.000055,	0.000085,	0.010000
1378,	0.000085,	0.000055,	0.000095,	0.010000
1381,	0.000085,	0.000065,	0.000005,	0.010000
1382,	0.000085,	0.000065,	0.000015,	0.010000
1383,	0.000085,	0.000065,	0.000025,	0.010000
1384,	0.000085,	0.000065,	0.000035,	0.010000
1385,	0.000085,	0.000065,	0.000045,	0.010000
1386,	0.000085,	0.000065,	0.000055,	0.010000
1387,	0.000085,	0.000065,	0.000065,	0.010000
1388,	0.000085,	0.000065,	0.000075,	0.010000
1389,	0.000085,	0.000065,	0.000085,	0.010000
1390,	0.000085,	0.000065,	0.000095,	0.010000
1393,	0.000085,	0.000075,	0.000005,	0.010000
1394,	0.000085,	0.000075,	0.000015,	0.010000
1395,	0.000085,	0.000075,	0.000025,	0.010000
1396,	0.000085,	0.000075,	0.000035,	0.010000
1397,	0.000085,	0.000075,	0.000045,	0.010000
1398,	0.000085,	0.000075,	0.000055,	0.010000
1399,	0.000085,	0.000075,	0.000065,	0.010000
1400,	0.000085,	0.000075,	0.000075,	0.010000
1401,	0.000085,	0.000075,	0.000085,	0.010000
1402,	0.000085,	0.000075,	0.000095,	0.010000
1405,	0.000085,	0.000085,	0.000005,	0.010000
1406,	0.000085,	0.000085,	0.000015,	0.010000
1407,	0.000085,	0.000085,	0.000025,	0.010000
1408,	0.000085,	0.000085,	0.000035,	0.010000
1409,	0.000085,	0.000085,	0.000045,	0.010000
1410,	0.000085,	0.000085,	0.000055,	0.010000
1411,	0.000085,	0.000085,	0.000065,	0.010000
1412,	0.000085,	0.000085,	0.000075,	0.010000
1413,	0.000085,	0.000085,	0.000085,	0.010000
1414,	0.000085,	0.000085,	0.000095,	0.010000
1417,	0.000085,	0.000095,	0.000005,	0.010000
1418,	0.000085,	0.000095,	0.000015,	0.010000
1419,	0.000085,	0.000095,	0.000025,	0.010000
1420,	0.000085,	0.000095,	0.000035,	0.010000
1421,	0.000085,	0.000095,	0.000045,	0.010000
1422,	0.000085,	0.000095,	0.000055,	0.010000
1423,	0.000085,	0.000095,	0.000065,	0.010000
1424,	0.000085,	0.000095,	0.000075,	0.010000
1425,	0.000085,	0.000095,	0.000085,	0.010000
1426,	0.000085,	0.000095,	0.000095,	0.010000
1453,	0.000095,	0.000005,	0.000005,	0.010000
1454,	0.000095,	0.000005,	0.000015,	0.010000
1455,	0.000095,	0.000005,	0.000025,	0.010000
1456,	0.000095,	0.000005,	0.000035,	0.010000
1457,	0.000095,	0.000005,	0.000045,	0.010000
1458,	0.000095,	0.000005,	0.000055,	0.010000
1459,	0.000095,	0.000005,	0.000065,	0.010000
1460,	0.000095,	0.000005,	0.000075,	0.010000
1461,	0.000095,	0.000005,	0.000085,	0.010000
1462,	0.000095,	0.000005,	0.000095,	0.010000
1465,	0.000095,	0.000015,	0.000005,	0.010000
1466,	0.000095,	0.000015,	0.000015,	0.010000
1467,	0.000095,	0.000015,	0.000025,	0.010000
1468,	0.000095,	0.000015,	0.000035,	0.010000
1469,	0.000095,	0.000015,	0.000045,	0.010000
1470,	0.000095,	0.000015,	0.000055,	0.010000
1471,	0.000095,	0.000015,	0.000065,	0.010000
1472,	0.000095,	0.000015,	0.000075,	0.010000
1473,	0.000095,	0.000015,	0.000085,	0.010000
1474,	0.000095,	0.000015,	0.000095,	0.010000
1477,	0.000095,	0.000025,	0.000005,	0.010000
1478,	0.000095,	0.000025,	0.000015,	0.010000
1479,	0.000095,	0.000025,	0.000025,	0.010000
1480,	0.000095,	0.000025,	0.000035,	0.010000
1481,	0.000095,	0.000025,	0.000045,	0.010000
1482,	0.000095,	0.000025,	0.000055,	0.010000
1483,	0.000095,	0.000025,	0.000065,	0.010000
1484,	0.000095,	0.000025,	0.000075,	0.010000
1485,	0.000095,	0.000025,	0.000085,	0.010000
1486,	0.000095,	0.000025,	0.000095,	0.010000
1489,	0.000095,	0.000035,	0.000005,	0.010000
1490,	0.000095,	0.000035,	0.000015,	0.010000
1491,	0.000095,	0.000035,	0.000025,	0.010000
1492,	0.000095,	0.000035,	0.000035,	0.010000
1493,	0.000095,	0.000035,	0.000045,	0.010000
1494,	0.000095,	0.000035,	0.000055,	0.010000
1495,	0.000095,	0.000035,	0.000065,	0.010000
1496,	0.000095,	0.000035,	0.000075,	0.010000
1497,	0.000095,	0.000035,	0.000085,	0.010000
1498,	0.000095,	0.000035,	0.000095,	0.010000
1501,	0.000095,	0.000045,	0.000005,	0.010000
1502,	0.000095,	0.000045,	0.000015,	0.010000
1503,	0.000095,	0.000045,	0.000025,	0.010000
1504,	0.000095,	0.000045,	0.000035,	0.010000
1505,	0.000095,	0.000045,	0.000045,	0.010000
1506,	0.000095,	0.000045,	0.000055,	0.010000
1507,	0.000095,	0.000045,	0.000065,	0.010000
1508,	0.000095,	0.000045,	0.000075,	0.010000
1509,	0.000095,	0.000045,	0.000085,	0.010000
1510,	0.000095,	0.000045,	0.000095,	0.010000
1513,	0.000095,	0.000055,	0.000005,	0.010000
1514,	0.000095,	0.000055,	0.000015,	0.010000
1515,	0.000095,	0.000055,	0.000025,	0.010000
1516,	0.000095,	0.000055,	0.000035,	0.010000
1517,	0.000095,	0.000055,	0.000045,	0.010000
1518,	0.000095,	0.000055,	0.000055,	0.010000
1519,	0.000095,	0.000055,	0.000065,	0.010000
1520,	0.000095,	0.000055,	0.000075,	0.010000
1521,	0.000095,	0.000055,	0.000085,	0.010000
1522,	0.000095,	0.000055,	0.000095,	0.010000
1525,	0.000095,	0.000065,	0.000005,	0.010000
1526,	0.000095,	0.000065,	0.000015,	0.010000
1527,	0.000095,	0.000065,	0.000025,	0.010000
1528,	0.000095,	0.000065,	0.000035,	0.010000
1529,	0.000095,	0.000065,	0.000045,	0.010000
1530,	0.000095,	0.000065,	0.000055,	0.010000
1531,	0.000095,	0.000065,	0.000065,	0.010000
1532,	0.000095,	0.000065,	0.000075,	0.010000
1533,	0.000095,	0.000065,	0.000085,	0.010000
1534,	0.000095,	0.000065,	0.000095,	0.010000
1537,	0.000095,	0.000075,	0.000005,	0.010000
1538,	0.000095,	0.000075,	0.000015,	0.010000
1539,	0.000095,	0.000075,	0.000025,	0.010000
1540,	0.000095,	0.000075,	0.000035,	0.010000
1541,	0.000095,	0.000075,	0.000045,	0.010000
1542,	0.000095,	0.000075,	0.000055,	0.010000
1543,	0.000095,	0.000075,	0.000065,	0.010000
1544,	0.000095,	0.000075,	0.000075,	0.010000
1545,	0.000095,	0.000075,	0.000085,	0.010000
1546,	0.000095,	0.000075,	0.000095,	0.010000
1549,	0.000095,	0.000085,	0.000005,	0.010000
1550,	0.000095,	0.000085,	0.000015,	0.010000
1551,	0.000095,	0.000085,	0.000025,	0.010000
1552,	0.000095,	0.000085,	0.000035,	0.010000
1553,	0.000095,	0.000085,	0.000045,	0.010000
1554,	0.000095,	0.000085,	0.000055,	0.010000
1555,	0.000095,	0.000085,	0.000065,	0.010000
1556,	0.000095,	0.000085,	0.000075,	0.010000
1557,	0.000095,	0.000085,	0.000085,	0.010000
1558,	0.000095,	0.000085,	0.000095,	0.010000
1561,	0.000095,	0.000095,	0.000005,	0.010000
1562,	0.000095,	0.000095,	0.000015,	0.010000
1563,	0.000095,	0.000095,	0.000025,	0.010000
1564,	0.000095,	0.000095,	0.000035,	0.010000
1565,	0.000095,	0.000095,	0.000045,	0.010000
1566,	0.000095,	0.000095,	0.000055,	0.010000
1567,	0.000095,	0.000095,	0.000065,	0.010000
1568,	0.000095,	0.000095,	0.000075,	0.010000
1569,	0.000095,	0.000095,	0.000085,	0.010000
1570,	0.000095,	0.000095,	0.000095,	0.010000
