LOCATIONS
1
2
3
4
5
6
7
8
9
10
11
12
13
14
15
16
17
18
19
20
21
22
23
24
25
26
27
28
29
30
31
32
33
34
35
36
37
38
39
40
41
42
43
44
45
46
47
48
49
50
51
52
53
54
55
56
57
58
59
60
61
62
63
64
65
66
67
68
69
70
71
72
73
74
75
76
77
78
79
80
81
82
83
84
85
86
87
88
89
90
91
92
93
94
95
96
97
98
99
100
101
102
103
104
105
106
107
108
109
110
111
112
113
114
115
116
117
118
119
120
121
122
123
124
125
126
127
128
129
130
131
132
133
134
135
136
137
138
139
140
141
142
143
144
145
146
147
148
149
150
151
152
153
154
155
156
157
158
159
160
161
162
163
164
165
166
167
168
169
170
171
172
173
174
175
176
177
178
179
180
181
182
183
184
185
186
187
188
189
190
191
192
193
194
195
196
197
198
199
200
201
202
203
204
205
206
207
208
209
210
211
212
213
214
215
216
217
218
219
220
221
222
223
224
225
226
227
228
229
230
231
232
233
234
235
236
237
238
239
240
241
242
243
244
245
246
247
248
249
250
251
252
253
254
255
256
257
258
259
260
261
262
263
264
265
266
267
268
269
270
271
272
273
274
275
276
277
278
279
280
281
282
283
284
285
286
287
288
289
290
291
292
293
294
295
296
297
298
299
300
301
302
303
304
305
306
307
308
309
310
311
312
313
314
315
316
317
318
319
320
321
322
323
324
325
326
327
328
329
330
331
332
333
334
335
336
337
338
339
340
341
342
343
344
345
346
347
348
349
350
351
352
353
354
355
356
357
358
359
360
361
362
363
364
365
366
367
368
369
370
371
372
373
374
375
376
377
378
379
380
381
382
383
384
385
386
387
388
389
390
391
392
393
394
395
396
397
398
399
400
EDGES
0 1 1
0 10 1
0 40 1
1 2 1
1 11 1
1 41 1
2 3 1
2 12 1
2 42 1
3 4 1
3 13 1
3 43 1
4 5 1
4 14 1
4 44 1
5 6 1
5 15 1
5 45 1
6 7 1
6 16 1
6 46 1
7 8 1
7 17 1
7 47 1
8 9 1
8 18 1
8 48 1
9 19 1
9 49 1
10 11 1
10 20 1
10 50 1
11 12 1
11 21 1
11 51 1
12 13 1
12 22 1
12 52 1
13 14 1
13 23 1
13 53 1
14 15 1
14 24 1
14 54 1
15 16 1
15 25 1
15 55 1
16 17 1
16 26 1
16 56 1
17 18 1
17 27 1
17 57 1
18 19 1
18 28 1
18 58 1
19 29 1
19 59 1
20 21 1
20 30 1
20 60 1
21 22 1
21 31 1
21 61 1
22 23 1
22 32 1
22 62 1
23 24 1
23 33 1
23 63 1
24 25 1
24 34 1
24 64 1
25 26 1
25 35 1
25 65 1
26 27 1
26 36 1
26 66 1
27 28 1
27 37 1
27 67 1
28 29 1
28 38 1
28 68 1
29 39 1
29 69 1
30 31 1
30 70 1
31 32 1
31 71 1
32 33 1
32 72 1
33 34 1
33 73 1
34 35 1
34 74 1
35 36 1
35 75 1
36 37 1
36 76 1
37 38 1
37 77 1
38 39 1
38 78 1
39 79 1
40 41 1
40 50 1
40 80 1
41 42 1
41 51 1
41 81 1
42 43 1
42 52 1
42 82 1
43 44 1
43 53 1
43 83 1
44 45 1
44 54 1
44 84 1
45 46 1
45 55 1
45 85 1
46 47 1
46 56 1
46 86 1
47 48 1
47 57 1
47 87 1
48 49 1
48 58 1
48 88 1
49 59 1
49 89 1
50 51 1
50 60 1
50 90 1
51 52 1
51 61 1
51 91 1
52 53 1
52 62 1
52 92 1
53 54 1
53 63 1
53 93 1
54 55 1
54 64 1
54 94 1
55 56 1
55 65 1
55 95 1
56 57 1
56 66 1
56 96 1
57 58 1
57 67 1
57 97 1
58 59 1
58 68 1
58 98 1
59 69 1
59 99 1
60 61 1
60 70 1
60 100 1
61 62 1
61 71 1
61 101 1
62 63 1
62 72 1
62 102 1
63 64 1
63 73 1
63 103 1
64 65 1
64 74 1
64 104 1
65 66 1
65 75 1
65 105 1
66 67 1
66 76 1
66 106 1
67 68 1
67 77 1
67 107 1
68 69 1
68 78 1
68 108 1
69 79 1
69 109 1
70 71 1
70 110 1
71 72 1
71 111 1
72 73 1
72 112 1
73 74 1
73 113 1
74 75 1
74 114 1
75 76 1
75 115 1
76 77 1
76 116 1
77 78 1
77 117 1
78 79 1
78 118 1
79 119 1
80 81 1
80 90 1
80 120 1
81 82 1
81 91 1
81 121 1
82 83 1
82 92 1
82 122 1
83 84 1
83 93 1
83 123 1
84 85 1
84 94 1
84 124 1
85 86 1
85 95 1
85 125 1
86 87 1
86 96 1
86 126 1
87 88 1
87 97 1
87 127 1
88 89 1
88 98 1
88 128 1
89 99 1
89 129 1
90 91 1
90 100 1
90 130 1
91 92 1
91 101 1
91 131 1
92 93 1
92 102 1
92 132 1
93 94 1
93 103 1
93 133 1
94 95 1
94 104 1
94 134 1
95 96 1
95 105 1
95 135 1
96 97 1
96 106 1
96 136 1
97 98 1
97 107 1
97 137 1
98 99 1
98 108 1
98 138 1
99 109 1
99 139 1
100 101 1
100 110 1
100 140 1
101 102 1
101 111 1
101 141 1
102 103 1
102 112 1
102 142 1
103 104 1
103 113 1
103 143 1
104 105 1
104 114 1
104 144 1
105 106 1
105 115 1
105 145 1
106 107 1
106 116 1
106 146 1
107 108 1
107 117 1
107 147 1
108 109 1
108 118 1
108 148 1
109 119 1
109 149 1
110 111 1
110 150 1
111 112 1
111 151 1
112 113 1
112 152 1
113 114 1
113 153 1
114 115 1
114 154 1
115 116 1
115 155 1
116 117 1
116 156 1
117 118 1
117 157 1
118 119 1
118 158 1
119 159 1
120 121 1
120 130 1
120 160 1
121 122 1
121 131 1
121 161 1
122 123 1
122 132 1
122 162 1
123 124 1
123 133 1
123 163 1
124 125 1
124 134 1
124 164 1
125 126 1
125 135 1
125 165 1
126 127 1
126 136 1
126 166 1
127 128 1
127 137 1
127 167 1
128 129 1
128 138 1
128 168 1
129 139 1
129 169 1
130 131 1
130 140 1
130 170 1
131 132 1
131 141 1
131 171 1
132 133 1
132 142 1
132 172 1
133 134 1
133 143 1
133 173 1
134 135 1
134 144 1
134 174 1
135 136 1
135 145 1
135 175 1
136 137 1
136 146 1
136 176 1
137 138 1
137 147 1
137 177 1
138 139 1
138 148 1
138 178 1
139 149 1
139 179 1
140 141 1
140 150 1
140 180 1
141 142 1
141 151 1
141 181 1
142 143 1
142 152 1
142 182 1
143 144 1
143 153 1
143 183 1
144 145 1
144 154 1
144 184 1
145 146 1
145 155 1
145 185 1
146 147 1
146 156 1
146 186 1
147 148 1
147 157 1
147 187 1
148 149 1
148 158 1
148 188 1
149 159 1
149 189 1
150 151 1
150 190 1
151 152 1
151 191 1
152 153 1
152 192 1
153 154 1
153 193 1
154 155 1
154 194 1
155 156 1
155 195 1
156 157 1
156 196 1
157 158 1
157 197 1
158 159 1
158 198 1
159 199 1
160 161 1
160 170 1
160 200 1
161 162 1
161 171 1
161 201 1
162 163 1
162 172 1
162 202 1
163 164 1
163 173 1
163 203 1
164 165 1
164 174 1
164 204 1
165 166 1
165 175 1
165 205 1
166 167 1
166 176 1
166 206 1
167 168 1
167 177 1
167 207 1
168 169 1
168 178 1
168 208 1
169 179 1
169 209 1
170 171 1
170 180 1
170 210 1
171 172 1
171 181 1
171 211 1
172 173 1
172 182 1
172 212 1
173 174 1
173 183 1
173 213 1
174 175 1
174 184 1
174 214 1
175 176 1
175 185 1
175 215 1
176 177 1
176 186 1
176 216 1
177 178 1
177 187 1
177 217 1
178 179 1
178 188 1
178 218 1
179 189 1
179 219 1
180 181 1
180 190 1
180 220 1
181 182 1
181 191 1
181 221 1
182 183 1
182 192 1
182 222 1
183 184 1
183 193 1
183 223 1
184 185 1
184 194 1
184 224 1
185 186 1
185 195 1
185 225 1
186 187 1
186 196 1
186 226 1
187 188 1
187 197 1
187 227 1
188 189 1
188 198 1
188 228 1
189 199 1
189 229 1
190 191 1
190 230 1
191 192 1
191 231 1
192 193 1
192 232 1
193 194 1
193 233 1
194 195 1
194 234 1
195 196 1
195 235 1
196 197 1
196 236 1
197 198 1
197 237 1
198 199 1
198 238 1
199 239 1
200 201 1
200 210 1
200 240 1
201 202 1
201 211 1
201 241 1
202 203 1
202 212 1
202 242 1
203 204 1
203 213 1
203 243 1
204 205 1
204 214 1
204 244 1
205 206 1
205 215 1
205 245 1
206 207 1
206 216 1
206 246 1
207 208 1
207 217 1
207 247 1
208 209 1
208 218 1
208 248 1
209 219 1
209 249 1
210 211 1
210 220 1
210 250 1
211 212 1
211 221 1
211 251 1
212 213 1
212 222 1
212 252 1
213 214 1
213 223 1
213 253 1
214 215 1
214 224 1
214 254 1
215 216 1
215 225 1
215 255 1
216 217 1
216 226 1
216 256 1
217 218 1
217 227 1
217 257 1
218 219 1
218 228 1
218 258 1
219 229 1
219 259 1
220 221 1
220 230 1
220 260 1
221 222 1
221 231 1
221 261 1
222 223 1
222 232 1
222 262 1
223 224 1
223 233 1
223 263 1
224 225 1
224 234 1
224 264 1
225 226 1
225 235 1
225 265 1
226 227 1
226 236 1
226 266 1
227 228 1
227 237 1
227 267 1
228 229 1
228 238 1
228 268 1
229 239 1
229 269 1
230 231 1
230 270 1
231 232 1
231 271 1
232 233 1
232 272 1
233 234 1
233 273 1
234 235 1
234 274 1
235 236 1
235 275 1
236 237 1
236 276 1
237 238 1
237 277 1
238 239 1
238 278 1
239 279 1
240 241 1
240 250 1
240 280 1
241 242 1
241 251 1
241 281 1
242 243 1
242 252 1
242 282 1
243 244 1
243 253 1
243 283 1
244 245 1
244 254 1
244 284 1
245 246 1
245 255 1
245 285 1
246 247 1
246 256 1
246 286 1
247 248 1
247 257 1
247 287 1
248 249 1
248 258 1
248 288 1
249 259 1
249 289 1
250 251 1
250 260 1
250 290 1
251 252 1
251 261 1
251 291 1
252 253 1
252 262 1
252 292 1
253 254 1
253 263 1
253 293 1
254 255 1
254 264 1
254 294 1
255 256 1
255 265 1
255 295 1
256 257 1
256 266 1
256 296 1
257 258 1
257 267 1
257 297 1
258 259 1
258 268 1
258 298 1
259 269 1
259 299 1
260 261 1
260 270 1
260 300 1
261 262 1
261 271 1
261 301 1
262 263 1
262 272 1
262 302 1
263 264 1
263 273 1
263 303 1
264 265 1
264 274 1
264 304 1
265 266 1
265 275 1
265 305 1
266 267 1
266 276 1
266 306 1
267 268 1
267 277 1
267 307 1
268 269 1
268 278 1
268 308 1
269 279 1
269 309 1
270 271 1
270 310 1
271 272 1
271 311 1
272 273 1
272 312 1
273 274 1
273 313 1
274 275 1
274 314 1
275 276 1
275 315 1
276 277 1
276 316 1
277 278 1
277 317 1
278 279 1
278 318 1
279 319 1
280 281 1
280 290 1
280 320 1
281 282 1
281 291 1
281 321 1
282 283 1
282 292 1
282 322 1
283 284 1
283 293 1
283 323 1
284 285 1
284 294 1
284 324 1
285 286 1
285 295 1
285 325 1
286 287 1
286 296 1
286 326 1
287 288 1
287 297 1
287 327 1
288 289 1
288 298 1
288 328 1
289 299 1
289 329 1
290 291 1
290 300 1
290 330 1
291 292 1
291 301 1
291 331 1
292 293 1
292 302 1
292 332 1
293 294 1
293 303 1
293 333 1
294 295 1
294 304 1
294 334 1
295 296 1
295 305 1
295 335 1
296 297 1
296 306 1
296 336 1
297 298 1
297 307 1
297 337 1
298 299 1
298 308 1
298 338 1
299 309 1
299 339 1
300 301 1
300 310 1
300 340 1
301 302 1
301 311 1
301 341 1
302 303 1
302 312 1
302 342 1
303 304 1
303 313 1
303 343 1
304 305 1
304 314 1
304 344 1
305 306 1
305 315 1
305 345 1
306 307 1
306 316 1
306 346 1
307 308 1
307 317 1
307 347 1
308 309 1
308 318 1
308 348 1
309 319 1
309 349 1
310 311 1
310 350 1
311 312 1
311 351 1
312 313 1
312 352 1
313 314 1
313 353 1
314 315 1
314 354 1
315 316 1
315 355 1
316 317 1
316 356 1
317 318 1
317 357 1
318 319 1
318 358 1
319 359 1
320 321 1
320 330 1
320 360 1
321 322 1
321 331 1
321 361 1
322 323 1
322 332 1
322 362 1
323 324 1
323 333 1
323 363 1
324 325 1
324 334 1
324 364 1
325 326 1
325 335 1
325 365 1
326 327 1
326 336 1
326 366 1
327 328 1
327 337 1
327 367 1
328 329 1
328 338 1
328 368 1
329 339 1
329 369 1
330 331 1
330 340 1
330 370 1
331 332 1
331 341 1
331 371 1
332 333 1
332 342 1
332 372 1
333 334 1
333 343 1
333 373 1
334 335 1
334 344 1
334 374 1
335 336 1
335 345 1
335 375 1
336 337 1
336 346 1
336 376 1
337 338 1
337 347 1
337 377 1
338 339 1
338 348 1
338 378 1
339 349 1
339 379 1
340 341 1
340 350 1
340 380 1
341 342 1
341 351 1
341 381 1
342 343 1
342 352 1
342 382 1
343 344 1
343 353 1
343 383 1
344 345 1
344 354 1
344 384 1
345 346 1
345 355 1
345 385 1
346 347 1
346 356 1
346 386 1
347 348 1
347 357 1
347 387 1
348 349 1
348 358 1
348 388 1
349 359 1
349 389 1
350 351 1
350 390 1
351 352 1
351 391 1
352 353 1
352 392 1
353 354 1
353 393 1
354 355 1
354 394 1
355 356 1
355 395 1
356 357 1
356 396 1
357 358 1
357 397 1
358 359 1
358 398 1
359 399 1
360 361 1
360 370 1
361 362 1
361 371 1
362 363 1
362 372 1
363 364 1
363 373 1
364 365 1
364 374 1
365 366 1
365 375 1
366 367 1
366 376 1
367 368 1
367 377 1
368 369 1
368 378 1
369 379 1
370 371 1
370 380 1
371 372 1
371 381 1
372 373 1
372 382 1
373 374 1
373 383 1
374 375 1
374 384 1
375 376 1
375 385 1
376 377 1
376 386 1
377 378 1
377 387 1
378 379 1
378 388 1
379 389 1
380 381 1
380 390 1
381 382 1
381 391 1
382 383 1
382 392 1
383 384 1
383 393 1
384 385 1
384 394 1
385 386 1
385 395 1
386 387 1
386 396 1
387 388 1
387 397 1
388 389 1
388 398 1
389 399 1
390 391 1
391 392 1
392 393 1
393 394 1
394 395 1
395 396 1
396 397 1
397 398 1
398 399 1
