,x,y,z,scalar,1,1,1,0.5
157,	0.000005,	0.000005,	0.000005,	0.007988
158,	0.000005,	0.000005,	0.000015,	0.007989
159,	0.000005,	0.000005,	0.000025,	0.007990
160,	0.000005,	0.000005,	0.000035,	0.007992
161,	0.000005,	0.000005,	0.000045,	0.007994
162,	0.000005,	0.000005,	0.000055,	0.007995
163,	0.000005,	0.000005,	0.000065,	0.007997
164,	0.000005,	0.000005,	0.000075,	0.007998
165,	0.000005,	0.000005,	0.000085,	0.007999
166,	0.000005,	0.000005,	0.000095,	0.008000
169,	0.000005,	0.000015,	0.000005,	0.007987
170,	0.000005,	0.000015,	0.000015,	0.007988
171,	0.000005,	0.000015,	0.000025,	0.007990
172,	0.000005,	0.000015,	0.000035,	0.007992
173,	0.000005,	0.000015,	0.000045,	0.007994
174,	0.000005,	0.000015,	0.000055,	0.007995
175,	0.000005,	0.000015,	0.000065,	0.007997
176,	0.000005,	0.000015,	0.000075,	0.007998
177,	0.000005,	0.000015,	0.000085,	0.007999
178,	0.000005,	0.000015,	0.000095,	0.008000
181,	0.000005,	0.000025,	0.000005,	0.007986
182,	0.000005,	0.000025,	0.000015,	0.007987
183,	0.000005,	0.000025,	0.000025,	0.007989
184,	0.000005,	0.000025,	0.000035,	0.007991
185,	0.000005,	0.000025,	0.000045,	0.007993
186,	0.000005,	0.000025,	0.000055,	0.007995
187,	0.000005,	0.000025,	0.000065,	0.007996
188,	0.000005,	0.000025,	0.000075,	0.007998
189,	0.000005,	0.000025,	0.000085,	0.007999
190,	0.000005,	0.000025,	0.000095,	0.008000
193,	0.000005,	0.000035,	0.000005,	0.007984
194,	0.000005,	0.000035,	0.000015,	0.007985
195,	0.000005,	0.000035,	0.000025,	0.007988
196,	0.000005,	0.000035,	0.000035,	0.007990
197,	0.000005,	0.000035,	0.000045,	0.007993
198,	0.000005,	0.000035,	0.000055,	0.007995
199,	0.000005,	0.000035,	0.000065,	0.007996
200,	0.000005,	0.000035,	0.000075,	0.007998
201,	0.000005,	0.000035,	0.000085,	0.007999
202,	0.000005,	0.000035,	0.000095,	0.008000
205,	0.000005,	0.000045,	0.000005,	0.007982
206,	0.000005,	0.000045,	0.000015,	0.007984
207,	0.000005,	0.000045,	0.000025,	0.007987
208,	0.000005,	0.000045,	0.000035,	0.007990
209,	0.000005,	0.000045,	0.000045,	0.007992
210,	0.000005,	0.000045,	0.000055,	0.007994
211,	0.000005,	0.000045,	0.000065,	0.007996
212,	0.000005,	0.000045,	0.000075,	0.007998
213,	0.000005,	0.000045,	0.000085,	0.007999
214,	0.000005,	0.000045,	0.000095,	0.008000
217,	0.000005,	0.000055,	0.000005,	0.007982
218,	0.000005,	0.000055,	0.000015,	0.007984
219,	0.000005,	0.000055,	0.000025,	0.007987
220,	0.000005,	0.000055,	0.000035,	0.007990
221,	0.000005,	0.000055,	0.000045,	0.007992
222,	0.000005,	0.000055,	0.000055,	0.007994
223,	0.000005,	0.000055,	0.000065,	0.007996
224,	0.000005,	0.000055,	0.000075,	0.007997
225,	0.000005,	0.000055,	0.000085,	0.007999
226,	0.000005,	0.000055,	0.000095,	0.008000
229,	0.000005,	0.000065,	0.000005,	0.007983
230,	0.000005,	0.000065,	0.000015,	0.007985
231,	0.000005,	0.000065,	0.000025,	0.007987
232,	0.000005,	0.000065,	0.000035,	0.007990
233,	0.000005,	0.000065,	0.000045,	0.007992
234,	0.000005,	0.000065,	0.000055,	0.007995
235,	0.000005,	0.000065,	0.000065,	0.007996
236,	0.000005,	0.000065,	0.000075,	0.007998
237,	0.000005,	0.000065,	0.000085,	0.007999
238,	0.000005,	0.000065,	0.000095,	0.008000
241,	0.000005,	0.000075,	0.000005,	0.007985
242,	0.000005,	0.000075,	0.000015,	0.007986
243,	0.000005,	0.000075,	0.000025,	0.007988
244,	0.000005,	0.000075,	0.000035,	0.007991
245,	0.000005,	0.000075,	0.000045,	0.007993
246,	0.000005,	0.000075,	0.000055,	0.007995
247,	0.000005,	0.000075,	0.000065,	0.007996
248,	0.000005,	0.000075,	0.000075,	0.007998
249,	0.000005,	0.000075,	0.000085,	0.007999
250,	0.000005,	0.000075,	0.000095,	0.008000
253,	0.000005,	0.000085,	0.000005,	0.007987
254,	0.000005,	0.000085,	0.000015,	0.007988
255,	0.000005,	0.000085,	0.000025,	0.007990
256,	0.000005,	0.000085,	0.000035,	0.007992
257,	0.000005,	0.000085,	0.000045,	0.007993
258,	0.000005,	0.000085,	0.000055,	0.007995
259,	0.000005,	0.000085,	0.000065,	0.007997
260,	0.000005,	0.000085,	0.000075,	0.007998
261,	0.000005,	0.000085,	0.000085,	0.007999
262,	0.000005,	0.000085,	0.000095,	0.008000
265,	0.000005,	0.000095,	0.000005,	0.007988
266,	0.000005,	0.000095,	0.000015,	0.007989
267,	0.000005,	0.000095,	0.000025,	0.007990
268,	0.000005,	0.000095,	0.000035,	0.007992
269,	0.000005,	0.000095,	0.000045,	0.007994
270,	0.000005,	0.000095,	0.000055,	0.007995
271,	0.000005,	0.000095,	0.000065,	0.007997
272,	0.000005,	0.000095,	0.000075,	0.007998
273,	0.000005,	0.000095,	0.000085,	0.007999
274,	0.000005,	0.000095,	0.000095,	0.008000
301,	0.000015,	0.000005,	0.000005,	0.007987
302,	0.000015,	0.000005,	0.000015,	0.007988
303,	0.000015,	0.000005,	0.000025,	0.007990
304,	0.000015,	0.000005,	0.000035,	0.007992
305,	0.000015,	0.000005,	0.000045,	0.007993
306,	0.000015,	0.000005,	0.000055,	0.007995
307,	0.000015,	0.000005,	0.000065,	0.007997
308,	0.000015,	0.000005,	0.000075,	0.007998
309,	0.000015,	0.000005,	0.000085,	0.007999
310,	0.000015,	0.000005,	0.000095,	0.008000
313,	0.000015,	0.000015,	0.000005,	0.007986
314,	0.000015,	0.000015,	0.000015,	0.007987
315,	0.000015,	0.000015,	0.000025,	0.007989
316,	0.000015,	0.000015,	0.000035,	0.007991
317,	0.000015,	0.000015,	0.000045,	0.007993
318,	0.000015,	0.000015,	0.000055,	0.007995
319,	0.000015,	0.000015,	0.000065,	0.007996
320,	0.000015,	0.000015,	0.000075,	0.007998
321,	0.000015,	0.000015,	0.000085,	0.007999
322,	0.000015,	0.000015,	0.000095,	0.008000
325,	0.000015,	0.000025,	0.000005,	0.007984
326,	0.000015,	0.000025,	0.000015,	0.007985
327,	0.000015,	0.000025,	0.000025,	0.007988
328,	0.000015,	0.000025,	0.000035,	0.007990
329,	0.000015,	0.000025,	0.000045,	0.007993
330,	0.000015,	0.000025,	0.000055,	0.007995
331,	0.000015,	0.000025,	0.000065,	0.007996
332,	0.000015,	0.000025,	0.000075,	0.007998
333,	0.000015,	0.000025,	0.000085,	0.007999
334,	0.000015,	0.000025,	0.000095,	0.008000
337,	0.000015,	0.000035,	0.000005,	0.007981
338,	0.000015,	0.000035,	0.000015,	0.007983
339,	0.000015,	0.000035,	0.000025,	0.007986
340,	0.000015,	0.000035,	0.000035,	0.007989
341,	0.000015,	0.000035,	0.000045,	0.007992
342,	0.000015,	0.000035,	0.000055,	0.007994
343,	0.000015,	0.000035,	0.000065,	0.007996
344,	0.000015,	0.000035,	0.000075,	0.007997
345,	0.000015,	0.000035,	0.000085,	0.007999
346,	0.000015,	0.000035,	0.000095,	0.008000
349,	0.000015,	0.000045,	0.000005,	0.007978
350,	0.000015,	0.000045,	0.000015,	0.007981
351,	0.000015,	0.000045,	0.000025,	0.007985
352,	0.000015,	0.000045,	0.000035,	0.007988
353,	0.000015,	0.000045,	0.000045,	0.007992
354,	0.000015,	0.000045,	0.000055,	0.007994
355,	0.000015,	0.000045,	0.000065,	0.007996
356,	0.000015,	0.000045,	0.000075,	0.007997
357,	0.000015,	0.000045,	0.000085,	0.007999
358,	0.000015,	0.000045,	0.000095,	0.008000
361,	0.000015,	0.000055,	0.000005,	0.007977
362,	0.000015,	0.000055,	0.000015,	0.007980
363,	0.000015,	0.000055,	0.000025,	0.007984
364,	0.000015,	0.000055,	0.000035,	0.007988
365,	0.000015,	0.000055,	0.000045,	0.007992
366,	0.000015,	0.000055,	0.000055,	0.007994
367,	0.000015,	0.000055,	0.000065,	0.007996
368,	0.000015,	0.000055,	0.000075,	0.007997
369,	0.000015,	0.000055,	0.000085,	0.007999
370,	0.000015,	0.000055,	0.000095,	0.008000
373,	0.000015,	0.000065,	0.000005,	0.007980
374,	0.000015,	0.000065,	0.000015,	0.007982
375,	0.000015,	0.000065,	0.000025,	0.007985
376,	0.000015,	0.000065,	0.000035,	0.007989
377,	0.000015,	0.000065,	0.000045,	0.007992
378,	0.000015,	0.000065,	0.000055,	0.007994
379,	0.000015,	0.000065,	0.000065,	0.007996
380,	0.000015,	0.000065,	0.000075,	0.007997
381,	0.000015,	0.000065,	0.000085,	0.007999
382,	0.000015,	0.000065,	0.000095,	0.008000
385,	0.000015,	0.000075,	0.000005,	0.007983
386,	0.000015,	0.000075,	0.000015,	0.007985
387,	0.000015,	0.000075,	0.000025,	0.007987
388,	0.000015,	0.000075,	0.000035,	0.007990
389,	0.000015,	0.000075,	0.000045,	0.007992
390,	0.000015,	0.000075,	0.000055,	0.007995
391,	0.000015,	0.000075,	0.000065,	0.007996
392,	0.000015,	0.000075,	0.000075,	0.007998
393,	0.000015,	0.000075,	0.000085,	0.007999
394,	0.000015,	0.000075,	0.000095,	0.008000
397,	0.000015,	0.000085,	0.000005,	0.007986
398,	0.000015,	0.000085,	0.000015,	0.007987
399,	0.000015,	0.000085,	0.000025,	0.007989
400,	0.000015,	0.000085,	0.000035,	0.007991
401,	0.000015,	0.000085,	0.000045,	0.007993
402,	0.000015,	0.000085,	0.000055,	0.007995
403,	0.000015,	0.000085,	0.000065,	0.007996
404,	0.000015,	0.000085,	0.000075,	0.007998
405,	0.000015,	0.000085,	0.000085,	0.007999
406,	0.000015,	0.000085,	0.000095,	0.008000
409,	0.000015,	0.000095,	0.000005,	0.007987
410,	0.000015,	0.000095,	0.000015,	0.007988
411,	0.000015,	0.000095,	0.000025,	0.007990
412,	0.000015,	0.000095,	0.000035,	0.007992
413,	0.000015,	0.000095,	0.000045,	0.007993
414,	0.000015,	0.000095,	0.000055,	0.007995
415,	0.000015,	0.000095,	0.000065,	0.007997
416,	0.000015,	0.000095,	0.000075,	0.007998
417,	0.000015,	0.000095,	0.000085,	0.007999
418,	0.000015,	0.000095,	0.000095,	0.008000
445,	0.000025,	0.000005,	0.000005,	0.007986
446,	0.000025,	0.000005,	0.000015,	0.007987
447,	0.000025,	0.000005,	0.000025,	0.007989
448,	0.000025,	0.000005,	0.000035,	0.007991
449,	0.000025,	0.000005,	0.000045,	0.007993
450,	0.000025,	0.000005,	0.000055,	0.007995
451,	0.000025,	0.000005,	0.000065,	0.007996
452,	0.000025,	0.000005,	0.000075,	0.007998
453,	0.000025,	0.000005,	0.000085,	0.007999
454,	0.000025,	0.000005,	0.000095,	0.008000
457,	0.000025,	0.000015,	0.000005,	0.007984
458,	0.000025,	0.000015,	0.000015,	0.007985
459,	0.000025,	0.000015,	0.000025,	0.007988
460,	0.000025,	0.000015,	0.000035,	0.007990
461,	0.000025,	0.000015,	0.000045,	0.007993
462,	0.000025,	0.000015,	0.000055,	0.007995
463,	0.000025,	0.000015,	0.000065,	0.007996
464,	0.000025,	0.000015,	0.000075,	0.007998
465,	0.000025,	0.000015,	0.000085,	0.007999
466,	0.000025,	0.000015,	0.000095,	0.008000
469,	0.000025,	0.000025,	0.000005,	0.007979
470,	0.000025,	0.000025,	0.000015,	0.007982
471,	0.000025,	0.000025,	0.000025,	0.007986
472,	0.000025,	0.000025,	0.000035,	0.007989
473,	0.000025,	0.000025,	0.000045,	0.007992
474,	0.000025,	0.000025,	0.000055,	0.007994
475,	0.000025,	0.000025,	0.000065,	0.007996
476,	0.000025,	0.000025,	0.000075,	0.007997
477,	0.000025,	0.000025,	0.000085,	0.007999
478,	0.000025,	0.000025,	0.000095,	0.008000
481,	0.000025,	0.000035,	0.000005,	0.007973
482,	0.000025,	0.000035,	0.000015,	0.007977
483,	0.000025,	0.000035,	0.000025,	0.007983
484,	0.000025,	0.000035,	0.000035,	0.007987
485,	0.000025,	0.000035,	0.000045,	0.007991
486,	0.000025,	0.000035,	0.000055,	0.007994
487,	0.000025,	0.000035,	0.000065,	0.007996
488,	0.000025,	0.000035,	0.000075,	0.007997
489,	0.000025,	0.000035,	0.000085,	0.007999
490,	0.000025,	0.000035,	0.000095,	0.008000
493,	0.000025,	0.000045,	0.000005,	0.007966
494,	0.000025,	0.000045,	0.000015,	0.007973
495,	0.000025,	0.000045,	0.000025,	0.007980
496,	0.000025,	0.000045,	0.000035,	0.007986
497,	0.000025,	0.000045,	0.000045,	0.007990
498,	0.000025,	0.000045,	0.000055,	0.007993
499,	0.000025,	0.000045,	0.000065,	0.007996
500,	0.000025,	0.000045,	0.000075,	0.007997
501,	0.000025,	0.000045,	0.000085,	0.007999
502,	0.000025,	0.000045,	0.000095,	0.008000
505,	0.000025,	0.000055,	0.000005,	0.007965
506,	0.000025,	0.000055,	0.000015,	0.007972
507,	0.000025,	0.000055,	0.000025,	0.007980
508,	0.000025,	0.000055,	0.000035,	0.007986
509,	0.000025,	0.000055,	0.000045,	0.007990
510,	0.000025,	0.000055,	0.000055,	0.007993
511,	0.000025,	0.000055,	0.000065,	0.007996
512,	0.000025,	0.000055,	0.000075,	0.007997
513,	0.000025,	0.000055,	0.000085,	0.007999
514,	0.000025,	0.000055,	0.000095,	0.008000
517,	0.000025,	0.000065,	0.000005,	0.007971
518,	0.000025,	0.000065,	0.000015,	0.007976
519,	0.000025,	0.000065,	0.000025,	0.007982
520,	0.000025,	0.000065,	0.000035,	0.007987
521,	0.000025,	0.000065,	0.000045,	0.007991
522,	0.000025,	0.000065,	0.000055,	0.007994
523,	0.000025,	0.000065,	0.000065,	0.007996
524,	0.000025,	0.000065,	0.000075,	0.007997
525,	0.000025,	0.000065,	0.000085,	0.007999
526,	0.000025,	0.000065,	0.000095,	0.008000
529,	0.000025,	0.000075,	0.000005,	0.007978
530,	0.000025,	0.000075,	0.000015,	0.007981
531,	0.000025,	0.000075,	0.000025,	0.007985
532,	0.000025,	0.000075,	0.000035,	0.007989
533,	0.000025,	0.000075,	0.000045,	0.007992
534,	0.000025,	0.000075,	0.000055,	0.007994
535,	0.000025,	0.000075,	0.000065,	0.007996
536,	0.000025,	0.000075,	0.000075,	0.007997
537,	0.000025,	0.000075,	0.000085,	0.007999
538,	0.000025,	0.000075,	0.000095,	0.008000
541,	0.000025,	0.000085,	0.000005,	0.007983
542,	0.000025,	0.000085,	0.000015,	0.007985
543,	0.000025,	0.000085,	0.000025,	0.007987
544,	0.000025,	0.000085,	0.000035,	0.007990
545,	0.000025,	0.000085,	0.000045,	0.007992
546,	0.000025,	0.000085,	0.000055,	0.007995
547,	0.000025,	0.000085,	0.000065,	0.007996
548,	0.000025,	0.000085,	0.000075,	0.007998
549,	0.000025,	0.000085,	0.000085,	0.007999
550,	0.000025,	0.000085,	0.000095,	0.008000
553,	0.000025,	0.000095,	0.000005,	0.007985
554,	0.000025,	0.000095,	0.000015,	0.007987
555,	0.000025,	0.000095,	0.000025,	0.007989
556,	0.000025,	0.000095,	0.000035,	0.007991
557,	0.000025,	0.000095,	0.000045,	0.007993
558,	0.000025,	0.000095,	0.000055,	0.007995
559,	0.000025,	0.000095,	0.000065,	0.007996
560,	0.000025,	0.000095,	0.000075,	0.007998
561,	0.000025,	0.000095,	0.000085,	0.007999
562,	0.000025,	0.000095,	0.000095,	0.008000
589,	0.000035,	0.000005,	0.000005,	0.007984
590,	0.000035,	0.000005,	0.000015,	0.007985
591,	0.000035,	0.000005,	0.000025,	0.007988
592,	0.000035,	0.000005,	0.000035,	0.007990
593,	0.000035,	0.000005,	0.000045,	0.007993
594,	0.000035,	0.000005,	0.000055,	0.007995
595,	0.000035,	0.000005,	0.000065,	0.007996
596,	0.000035,	0.000005,	0.000075,	0.007998
597,	0.000035,	0.000005,	0.000085,	0.007999
598,	0.000035,	0.000005,	0.000095,	0.008000
601,	0.000035,	0.000015,	0.000005,	0.007981
602,	0.000035,	0.000015,	0.000015,	0.007983
603,	0.000035,	0.000015,	0.000025,	0.007986
604,	0.000035,	0.000015,	0.000035,	0.007989
605,	0.000035,	0.000015,	0.000045,	0.007992
606,	0.000035,	0.000015,	0.000055,	0.007994
607,	0.000035,	0.000015,	0.000065,	0.007996
608,	0.000035,	0.000015,	0.000075,	0.007997
609,	0.000035,	0.000015,	0.000085,	0.007999
610,	0.000035,	0.000015,	0.000095,	0.008000
613,	0.000035,	0.000025,	0.000005,	0.007973
614,	0.000035,	0.000025,	0.000015,	0.007978
615,	0.000035,	0.000025,	0.000025,	0.007983
616,	0.000035,	0.000025,	0.000035,	0.007987
617,	0.000035,	0.000025,	0.000045,	0.007991
618,	0.000035,	0.000025,	0.000055,	0.007994
619,	0.000035,	0.000025,	0.000065,	0.007996
620,	0.000035,	0.000025,	0.000075,	0.007997
621,	0.000035,	0.000025,	0.000085,	0.007999
622,	0.000035,	0.000025,	0.000095,	0.008000
625,	0.000035,	0.000035,	0.000005,	0.007960
626,	0.000035,	0.000035,	0.000015,	0.007969
627,	0.000035,	0.000035,	0.000025,	0.007978
628,	0.000035,	0.000035,	0.000035,	0.007985
629,	0.000035,	0.000035,	0.000045,	0.007990
630,	0.000035,	0.000035,	0.000055,	0.007993
631,	0.000035,	0.000035,	0.000065,	0.007996
632,	0.000035,	0.000035,	0.000075,	0.007997
633,	0.000035,	0.000035,	0.000085,	0.007998
634,	0.000035,	0.000035,	0.000095,	0.008000
637,	0.000035,	0.000045,	0.000005,	0.007936
638,	0.000035,	0.000045,	0.000015,	0.007959
639,	0.000035,	0.000045,	0.000025,	0.007974
640,	0.000035,	0.000045,	0.000035,	0.007983
641,	0.000035,	0.000045,	0.000045,	0.007989
642,	0.000035,	0.000045,	0.000055,	0.007993
643,	0.000035,	0.000045,	0.000065,	0.007995
644,	0.000035,	0.000045,	0.000075,	0.007997
645,	0.000035,	0.000045,	0.000085,	0.007998
646,	0.000035,	0.000045,	0.000095,	0.008000
649,	0.000035,	0.000055,	0.000005,	0.007925
650,	0.000035,	0.000055,	0.000015,	0.007956
651,	0.000035,	0.000055,	0.000025,	0.007973
652,	0.000035,	0.000055,	0.000035,	0.007983
653,	0.000035,	0.000055,	0.000045,	0.007989
654,	0.000035,	0.000055,	0.000055,	0.007993
655,	0.000035,	0.000055,	0.000065,	0.007995
656,	0.000035,	0.000055,	0.000075,	0.007997
657,	0.000035,	0.000055,	0.000085,	0.007998
658,	0.000035,	0.000055,	0.000095,	0.008000
661,	0.000035,	0.000065,	0.000005,	0.007955
662,	0.000035,	0.000065,	0.000015,	0.007966
663,	0.000035,	0.000065,	0.000025,	0.007977
664,	0.000035,	0.000065,	0.000035,	0.007985
665,	0.000035,	0.000065,	0.000045,	0.007990
666,	0.000035,	0.000065,	0.000055,	0.007993
667,	0.000035,	0.000065,	0.000065,	0.007996
668,	0.000035,	0.000065,	0.000075,	0.007997
669,	0.000035,	0.000065,	0.000085,	0.007998
670,	0.000035,	0.000065,	0.000095,	0.008000
673,	0.000035,	0.000075,	0.000005,	0.007971
674,	0.000035,	0.000075,	0.000015,	0.007976
675,	0.000035,	0.000075,	0.000025,	0.007982
676,	0.000035,	0.000075,	0.000035,	0.007987
677,	0.000035,	0.000075,	0.000045,	0.007991
678,	0.000035,	0.000075,	0.000055,	0.007994
679,	0.000035,	0.000075,	0.000065,	0.007996
680,	0.000035,	0.000075,	0.000075,	0.007997
681,	0.000035,	0.000075,	0.000085,	0.007999
682,	0.000035,	0.000075,	0.000095,	0.008000
685,	0.000035,	0.000085,	0.000005,	0.007979
686,	0.000035,	0.000085,	0.000015,	0.007982
687,	0.000035,	0.000085,	0.000025,	0.007985
688,	0.000035,	0.000085,	0.000035,	0.007989
689,	0.000035,	0.000085,	0.000045,	0.007992
690,	0.000035,	0.000085,	0.000055,	0.007994
691,	0.000035,	0.000085,	0.000065,	0.007996
692,	0.000035,	0.000085,	0.000075,	0.007997
693,	0.000035,	0.000085,	0.000085,	0.007999
694,	0.000035,	0.000085,	0.000095,	0.008000
697,	0.000035,	0.000095,	0.000005,	0.007983
698,	0.000035,	0.000095,	0.000015,	0.007985
699,	0.000035,	0.000095,	0.000025,	0.007987
700,	0.000035,	0.000095,	0.000035,	0.007990
701,	0.000035,	0.000095,	0.000045,	0.007992
702,	0.000035,	0.000095,	0.000055,	0.007995
703,	0.000035,	0.000095,	0.000065,	0.007996
704,	0.000035,	0.000095,	0.000075,	0.007998
705,	0.000035,	0.000095,	0.000085,	0.007999
706,	0.000035,	0.000095,	0.000095,	0.008000
733,	0.000045,	0.000005,	0.000005,	0.007982
734,	0.000045,	0.000005,	0.000015,	0.007984
735,	0.000045,	0.000005,	0.000025,	0.007987
736,	0.000045,	0.000005,	0.000035,	0.007990
737,	0.000045,	0.000005,	0.000045,	0.007992
738,	0.000045,	0.000005,	0.000055,	0.007994
739,	0.000045,	0.000005,	0.000065,	0.007996
740,	0.000045,	0.000005,	0.000075,	0.007998
741,	0.000045,	0.000005,	0.000085,	0.007999
742,	0.000045,	0.000005,	0.000095,	0.008000
745,	0.000045,	0.000015,	0.000005,	0.007978
746,	0.000045,	0.000015,	0.000015,	0.007981
747,	0.000045,	0.000015,	0.000025,	0.007985
748,	0.000045,	0.000015,	0.000035,	0.007989
749,	0.000045,	0.000015,	0.000045,	0.007992
750,	0.000045,	0.000015,	0.000055,	0.007994
751,	0.000045,	0.000015,	0.000065,	0.007996
752,	0.000045,	0.000015,	0.000075,	0.007997
753,	0.000045,	0.000015,	0.000085,	0.007999
754,	0.000045,	0.000015,	0.000095,	0.008000
757,	0.000045,	0.000025,	0.000005,	0.007967
758,	0.000045,	0.000025,	0.000015,	0.007974
759,	0.000045,	0.000025,	0.000025,	0.007981
760,	0.000045,	0.000025,	0.000035,	0.007986
761,	0.000045,	0.000025,	0.000045,	0.007991
762,	0.000045,	0.000025,	0.000055,	0.007994
763,	0.000045,	0.000025,	0.000065,	0.007996
764,	0.000045,	0.000025,	0.000075,	0.007997
765,	0.000045,	0.000025,	0.000085,	0.007999
766,	0.000045,	0.000025,	0.000095,	0.008000
769,	0.000045,	0.000035,	0.000005,	0.007939
770,	0.000045,	0.000035,	0.000015,	0.007960
771,	0.000045,	0.000035,	0.000025,	0.007975
772,	0.000045,	0.000035,	0.000035,	0.007984
773,	0.000045,	0.000035,	0.000045,	0.007989
774,	0.000045,	0.000035,	0.000055,	0.007993
775,	0.000045,	0.000035,	0.000065,	0.007995
776,	0.000045,	0.000035,	0.000075,	0.007997
777,	0.000045,	0.000035,	0.000085,	0.007998
778,	0.000045,	0.000035,	0.000095,	0.008000
781,	0.000045,	0.000045,	0.000005,	0.007804
782,	0.000045,	0.000045,	0.000015,	0.007933
783,	0.000045,	0.000045,	0.000025,	0.007968
784,	0.000045,	0.000045,	0.000035,	0.007981
785,	0.000045,	0.000045,	0.000045,	0.007988
786,	0.000045,	0.000045,	0.000055,	0.007992
787,	0.000045,	0.000045,	0.000065,	0.007995
788,	0.000045,	0.000045,	0.000075,	0.007997
789,	0.000045,	0.000045,	0.000085,	0.007998
790,	0.000045,	0.000045,	0.000095,	0.007999
793,	0.000045,	0.000055,	0.000005,	0.007718
794,	0.000045,	0.000055,	0.000015,	0.007921
795,	0.000045,	0.000055,	0.000025,	0.007966
796,	0.000045,	0.000055,	0.000035,	0.007980
797,	0.000045,	0.000055,	0.000045,	0.007988
798,	0.000045,	0.000055,	0.000055,	0.007992
799,	0.000045,	0.000055,	0.000065,	0.007995
800,	0.000045,	0.000055,	0.000075,	0.007997
801,	0.000045,	0.000055,	0.000085,	0.007998
802,	0.000045,	0.000055,	0.000095,	0.007999
805,	0.000045,	0.000065,	0.000005,	0.007920
806,	0.000045,	0.000065,	0.000015,	0.007955
807,	0.000045,	0.000065,	0.000025,	0.007972
808,	0.000045,	0.000065,	0.000035,	0.007983
809,	0.000045,	0.000065,	0.000045,	0.007989
810,	0.000045,	0.000065,	0.000055,	0.007993
811,	0.000045,	0.000065,	0.000065,	0.007995
812,	0.000045,	0.000065,	0.000075,	0.007997
813,	0.000045,	0.000065,	0.000085,	0.007998
814,	0.000045,	0.000065,	0.000095,	0.008000
817,	0.000045,	0.000075,	0.000005,	0.007963
818,	0.000045,	0.000075,	0.000015,	0.007971
819,	0.000045,	0.000075,	0.000025,	0.007979
820,	0.000045,	0.000075,	0.000035,	0.007986
821,	0.000045,	0.000075,	0.000045,	0.007990
822,	0.000045,	0.000075,	0.000055,	0.007993
823,	0.000045,	0.000075,	0.000065,	0.007996
824,	0.000045,	0.000075,	0.000075,	0.007997
825,	0.000045,	0.000075,	0.000085,	0.007998
826,	0.000045,	0.000075,	0.000095,	0.008000
829,	0.000045,	0.000085,	0.000005,	0.007976
830,	0.000045,	0.000085,	0.000015,	0.007980
831,	0.000045,	0.000085,	0.000025,	0.007984
832,	0.000045,	0.000085,	0.000035,	0.007988
833,	0.000045,	0.000085,	0.000045,	0.007991
834,	0.000045,	0.000085,	0.000055,	0.007994
835,	0.000045,	0.000085,	0.000065,	0.007996
836,	0.000045,	0.000085,	0.000075,	0.007997
837,	0.000045,	0.000085,	0.000085,	0.007999
838,	0.000045,	0.000085,	0.000095,	0.008000
841,	0.000045,	0.000095,	0.000005,	0.007982
842,	0.000045,	0.000095,	0.000015,	0.007984
843,	0.000045,	0.000095,	0.000025,	0.007986
844,	0.000045,	0.000095,	0.000035,	0.007989
845,	0.000045,	0.000095,	0.000045,	0.007992
846,	0.000045,	0.000095,	0.000055,	0.007994
847,	0.000045,	0.000095,	0.000065,	0.007996
848,	0.000045,	0.000095,	0.000075,	0.007997
849,	0.000045,	0.000095,	0.000085,	0.007999
850,	0.000045,	0.000095,	0.000095,	0.008000
877,	0.000055,	0.000005,	0.000005,	0.007982
878,	0.000055,	0.000005,	0.000015,	0.007984
879,	0.000055,	0.000005,	0.000025,	0.007987
880,	0.000055,	0.000005,	0.000035,	0.007990
881,	0.000055,	0.000005,	0.000045,	0.007992
882,	0.000055,	0.000005,	0.000055,	0.007994
883,	0.000055,	0.000005,	0.000065,	0.007996
884,	0.000055,	0.000005,	0.000075,	0.007998
885,	0.000055,	0.000005,	0.000085,	0.007999
886,	0.000055,	0.000005,	0.000095,	0.008000
889,	0.000055,	0.000015,	0.000005,	0.007978
890,	0.000055,	0.000015,	0.000015,	0.007981
891,	0.000055,	0.000015,	0.000025,	0.007985
892,	0.000055,	0.000015,	0.000035,	0.007989
893,	0.000055,	0.000015,	0.000045,	0.007992
894,	0.000055,	0.000015,	0.000055,	0.007994
895,	0.000055,	0.000015,	0.000065,	0.007996
896,	0.000055,	0.000015,	0.000075,	0.007997
897,	0.000055,	0.000015,	0.000085,	0.007999
898,	0.000055,	0.000015,	0.000095,	0.008000
901,	0.000055,	0.000025,	0.000005,	0.007967
902,	0.000055,	0.000025,	0.000015,	0.007974
903,	0.000055,	0.000025,	0.000025,	0.007981
904,	0.000055,	0.000025,	0.000035,	0.007986
905,	0.000055,	0.000025,	0.000045,	0.007991
906,	0.000055,	0.000025,	0.000055,	0.007994
907,	0.000055,	0.000025,	0.000065,	0.007996
908,	0.000055,	0.000025,	0.000075,	0.007997
909,	0.000055,	0.000025,	0.000085,	0.007999
910,	0.000055,	0.000025,	0.000095,	0.008000
913,	0.000055,	0.000035,	0.000005,	0.007939
914,	0.000055,	0.000035,	0.000015,	0.007960
915,	0.000055,	0.000035,	0.000025,	0.007975
916,	0.000055,	0.000035,	0.000035,	0.007983
917,	0.000055,	0.000035,	0.000045,	0.007989
918,	0.000055,	0.000035,	0.000055,	0.007993
919,	0.000055,	0.000035,	0.000065,	0.007995
920,	0.000055,	0.000035,	0.000075,	0.007997
921,	0.000055,	0.000035,	0.000085,	0.007998
922,	0.000055,	0.000035,	0.000095,	0.008000
925,	0.000055,	0.000045,	0.000005,	0.007801
926,	0.000055,	0.000045,	0.000015,	0.007933
927,	0.000055,	0.000045,	0.000025,	0.007968
928,	0.000055,	0.000045,	0.000035,	0.007981
929,	0.000055,	0.000045,	0.000045,	0.007988
930,	0.000055,	0.000045,	0.000055,	0.007992
931,	0.000055,	0.000045,	0.000065,	0.007995
932,	0.000055,	0.000045,	0.000075,	0.007997
933,	0.000055,	0.000045,	0.000085,	0.007998
934,	0.000055,	0.000045,	0.000095,	0.007999
937,	0.000055,	0.000055,	0.000005,	0.007716
938,	0.000055,	0.000055,	0.000015,	0.007922
939,	0.000055,	0.000055,	0.000025,	0.007966
940,	0.000055,	0.000055,	0.000035,	0.007980
941,	0.000055,	0.000055,	0.000045,	0.007988
942,	0.000055,	0.000055,	0.000055,	0.007992
943,	0.000055,	0.000055,	0.000065,	0.007995
944,	0.000055,	0.000055,	0.000075,	0.007997
945,	0.000055,	0.000055,	0.000085,	0.007998
946,	0.000055,	0.000055,	0.000095,	0.007999
949,	0.000055,	0.000065,	0.000005,	0.007919
950,	0.000055,	0.000065,	0.000015,	0.007955
951,	0.000055,	0.000065,	0.000025,	0.007972
952,	0.000055,	0.000065,	0.000035,	0.007983
953,	0.000055,	0.000065,	0.000045,	0.007989
954,	0.000055,	0.000065,	0.000055,	0.007993
955,	0.000055,	0.000065,	0.000065,	0.007995
956,	0.000055,	0.000065,	0.000075,	0.007997
957,	0.000055,	0.000065,	0.000085,	0.007998
958,	0.000055,	0.000065,	0.000095,	0.008000
961,	0.000055,	0.000075,	0.000005,	0.007963
962,	0.000055,	0.000075,	0.000015,	0.007971
963,	0.000055,	0.000075,	0.000025,	0.007979
964,	0.000055,	0.000075,	0.000035,	0.007986
965,	0.000055,	0.000075,	0.000045,	0.007990
966,	0.000055,	0.000075,	0.000055,	0.007993
967,	0.000055,	0.000075,	0.000065,	0.007996
968,	0.000055,	0.000075,	0.000075,	0.007997
969,	0.000055,	0.000075,	0.000085,	0.007998
970,	0.000055,	0.000075,	0.000095,	0.008000
973,	0.000055,	0.000085,	0.000005,	0.007976
974,	0.000055,	0.000085,	0.000015,	0.007980
975,	0.000055,	0.000085,	0.000025,	0.007984
976,	0.000055,	0.000085,	0.000035,	0.007988
977,	0.000055,	0.000085,	0.000045,	0.007991
978,	0.000055,	0.000085,	0.000055,	0.007994
979,	0.000055,	0.000085,	0.000065,	0.007996
980,	0.000055,	0.000085,	0.000075,	0.007997
981,	0.000055,	0.000085,	0.000085,	0.007999
982,	0.000055,	0.000085,	0.000095,	0.008000
985,	0.000055,	0.000095,	0.000005,	0.007982
986,	0.000055,	0.000095,	0.000015,	0.007984
987,	0.000055,	0.000095,	0.000025,	0.007986
988,	0.000055,	0.000095,	0.000035,	0.007989
989,	0.000055,	0.000095,	0.000045,	0.007992
990,	0.000055,	0.000095,	0.000055,	0.007994
991,	0.000055,	0.000095,	0.000065,	0.007996
992,	0.000055,	0.000095,	0.000075,	0.007997
993,	0.000055,	0.000095,	0.000085,	0.007999
994,	0.000055,	0.000095,	0.000095,	0.008000
1021,	0.000065,	0.000005,	0.000005,	0.007984
1022,	0.000065,	0.000005,	0.000015,	0.007985
1023,	0.000065,	0.000005,	0.000025,	0.007988
1024,	0.000065,	0.000005,	0.000035,	0.007990
1025,	0.000065,	0.000005,	0.000045,	0.007993
1026,	0.000065,	0.000005,	0.000055,	0.007995
1027,	0.000065,	0.000005,	0.000065,	0.007996
1028,	0.000065,	0.000005,	0.000075,	0.007998
1029,	0.000065,	0.000005,	0.000085,	0.007999
1030,	0.000065,	0.000005,	0.000095,	0.008000
1033,	0.000065,	0.000015,	0.000005,	0.007981
1034,	0.000065,	0.000015,	0.000015,	0.007983
1035,	0.000065,	0.000015,	0.000025,	0.007986
1036,	0.000065,	0.000015,	0.000035,	0.007989
1037,	0.000065,	0.000015,	0.000045,	0.007992
1038,	0.000065,	0.000015,	0.000055,	0.007994
1039,	0.000065,	0.000015,	0.000065,	0.007996
1040,	0.000065,	0.000015,	0.000075,	0.007997
1041,	0.000065,	0.000015,	0.000085,	0.007999
1042,	0.000065,	0.000015,	0.000095,	0.008000
1045,	0.000065,	0.000025,	0.000005,	0.007973
1046,	0.000065,	0.000025,	0.000015,	0.007978
1047,	0.000065,	0.000025,	0.000025,	0.007983
1048,	0.000065,	0.000025,	0.000035,	0.007987
1049,	0.000065,	0.000025,	0.000045,	0.007991
1050,	0.000065,	0.000025,	0.000055,	0.007994
1051,	0.000065,	0.000025,	0.000065,	0.007996
1052,	0.000065,	0.000025,	0.000075,	0.007997
1053,	0.000065,	0.000025,	0.000085,	0.007999
1054,	0.000065,	0.000025,	0.000095,	0.008000
1057,	0.000065,	0.000035,	0.000005,	0.007960
1058,	0.000065,	0.000035,	0.000015,	0.007969
1059,	0.000065,	0.000035,	0.000025,	0.007978
1060,	0.000065,	0.000035,	0.000035,	0.007985
1061,	0.000065,	0.000035,	0.000045,	0.007990
1062,	0.000065,	0.000035,	0.000055,	0.007993
1063,	0.000065,	0.000035,	0.000065,	0.007996
1064,	0.000065,	0.000035,	0.000075,	0.007997
1065,	0.000065,	0.000035,	0.000085,	0.007998
1066,	0.000065,	0.000035,	0.000095,	0.008000
1069,	0.000065,	0.000045,	0.000005,	0.007935
1070,	0.000065,	0.000045,	0.000015,	0.007959
1071,	0.000065,	0.000045,	0.000025,	0.007974
1072,	0.000065,	0.000045,	0.000035,	0.007983
1073,	0.000065,	0.000045,	0.000045,	0.007989
1074,	0.000065,	0.000045,	0.000055,	0.007993
1075,	0.000065,	0.000045,	0.000065,	0.007995
1076,	0.000065,	0.000045,	0.000075,	0.007997
1077,	0.000065,	0.000045,	0.000085,	0.007998
1078,	0.000065,	0.000045,	0.000095,	0.008000
1081,	0.000065,	0.000055,	0.000005,	0.007925
1082,	0.000065,	0.000055,	0.000015,	0.007956
1083,	0.000065,	0.000055,	0.000025,	0.007973
1084,	0.000065,	0.000055,	0.000035,	0.007983
1085,	0.000065,	0.000055,	0.000045,	0.007989
1086,	0.000065,	0.000055,	0.000055,	0.007993
1087,	0.000065,	0.000055,	0.000065,	0.007995
1088,	0.000065,	0.000055,	0.000075,	0.007997
1089,	0.000065,	0.000055,	0.000085,	0.007998
1090,	0.000065,	0.000055,	0.000095,	0.008000
1093,	0.000065,	0.000065,	0.000005,	0.007954
1094,	0.000065,	0.000065,	0.000015,	0.007966
1095,	0.000065,	0.000065,	0.000025,	0.007977
1096,	0.000065,	0.000065,	0.000035,	0.007984
1097,	0.000065,	0.000065,	0.000045,	0.007990
1098,	0.000065,	0.000065,	0.000055,	0.007993
1099,	0.000065,	0.000065,	0.000065,	0.007995
1100,	0.000065,	0.000065,	0.000075,	0.007997
1101,	0.000065,	0.000065,	0.000085,	0.007998
1102,	0.000065,	0.000065,	0.000095,	0.008000
1105,	0.000065,	0.000075,	0.000005,	0.007970
1106,	0.000065,	0.000075,	0.000015,	0.007976
1107,	0.000065,	0.000075,	0.000025,	0.007982
1108,	0.000065,	0.000075,	0.000035,	0.007987
1109,	0.000065,	0.000075,	0.000045,	0.007991
1110,	0.000065,	0.000075,	0.000055,	0.007994
1111,	0.000065,	0.000075,	0.000065,	0.007996
1112,	0.000065,	0.000075,	0.000075,	0.007997
1113,	0.000065,	0.000075,	0.000085,	0.007999
1114,	0.000065,	0.000075,	0.000095,	0.008000
1117,	0.000065,	0.000085,	0.000005,	0.007979
1118,	0.000065,	0.000085,	0.000015,	0.007982
1119,	0.000065,	0.000085,	0.000025,	0.007985
1120,	0.000065,	0.000085,	0.000035,	0.007989
1121,	0.000065,	0.000085,	0.000045,	0.007992
1122,	0.000065,	0.000085,	0.000055,	0.007994
1123,	0.000065,	0.000085,	0.000065,	0.007996
1124,	0.000065,	0.000085,	0.000075,	0.007997
1125,	0.000065,	0.000085,	0.000085,	0.007999
1126,	0.000065,	0.000085,	0.000095,	0.008000
1129,	0.000065,	0.000095,	0.000005,	0.007983
1130,	0.000065,	0.000095,	0.000015,	0.007985
1131,	0.000065,	0.000095,	0.000025,	0.007987
1132,	0.000065,	0.000095,	0.000035,	0.007990
1133,	0.000065,	0.000095,	0.000045,	0.007992
1134,	0.000065,	0.000095,	0.000055,	0.007995
1135,	0.000065,	0.000095,	0.000065,	0.007996
1136,	0.000065,	0.000095,	0.000075,	0.007998
1137,	0.000065,	0.000095,	0.000085,	0.007999
1138,	0.000065,	0.000095,	0.000095,	0.008000
1165,	0.000075,	0.000005,	0.000005,	0.007986
1166,	0.000075,	0.000005,	0.000015,	0.007987
1167,	0.000075,	0.000005,	0.000025,	0.007989
1168,	0.000075,	0.000005,	0.000035,	0.007991
1169,	0.000075,	0.000005,	0.000045,	0.007993
1170,	0.000075,	0.000005,	0.000055,	0.007995
1171,	0.000075,	0.000005,	0.000065,	0.007996
1172,	0.000075,	0.000005,	0.000075,	0.007998
1173,	0.000075,	0.000005,	0.000085,	0.007999
1174,	0.000075,	0.000005,	0.000095,	0.008000
1177,	0.000075,	0.000015,	0.000005,	0.007984
1178,	0.000075,	0.000015,	0.000015,	0.007985
1179,	0.000075,	0.000015,	0.000025,	0.007988
1180,	0.000075,	0.000015,	0.000035,	0.007990
1181,	0.000075,	0.000015,	0.000045,	0.007993
1182,	0.000075,	0.000015,	0.000055,	0.007995
1183,	0.000075,	0.000015,	0.000065,	0.007996
1184,	0.000075,	0.000015,	0.000075,	0.007998
1185,	0.000075,	0.000015,	0.000085,	0.007999
1186,	0.000075,	0.000015,	0.000095,	0.008000
1189,	0.000075,	0.000025,	0.000005,	0.007979
1190,	0.000075,	0.000025,	0.000015,	0.007982
1191,	0.000075,	0.000025,	0.000025,	0.007986
1192,	0.000075,	0.000025,	0.000035,	0.007989
1193,	0.000075,	0.000025,	0.000045,	0.007992
1194,	0.000075,	0.000025,	0.000055,	0.007994
1195,	0.000075,	0.000025,	0.000065,	0.007996
1196,	0.000075,	0.000025,	0.000075,	0.007997
1197,	0.000075,	0.000025,	0.000085,	0.007999
1198,	0.000075,	0.000025,	0.000095,	0.008000
1201,	0.000075,	0.000035,	0.000005,	0.007973
1202,	0.000075,	0.000035,	0.000015,	0.007977
1203,	0.000075,	0.000035,	0.000025,	0.007983
1204,	0.000075,	0.000035,	0.000035,	0.007987
1205,	0.000075,	0.000035,	0.000045,	0.007991
1206,	0.000075,	0.000035,	0.000055,	0.007994
1207,	0.000075,	0.000035,	0.000065,	0.007996
1208,	0.000075,	0.000035,	0.000075,	0.007997
1209,	0.000075,	0.000035,	0.000085,	0.007999
1210,	0.000075,	0.000035,	0.000095,	0.008000
1213,	0.000075,	0.000045,	0.000005,	0.007966
1214,	0.000075,	0.000045,	0.000015,	0.007973
1215,	0.000075,	0.000045,	0.000025,	0.007980
1216,	0.000075,	0.000045,	0.000035,	0.007986
1217,	0.000075,	0.000045,	0.000045,	0.007990
1218,	0.000075,	0.000045,	0.000055,	0.007993
1219,	0.000075,	0.000045,	0.000065,	0.007996
1220,	0.000075,	0.000045,	0.000075,	0.007997
1221,	0.000075,	0.000045,	0.000085,	0.007999
1222,	0.000075,	0.000045,	0.000095,	0.008000
1225,	0.000075,	0.000055,	0.000005,	0.007965
1226,	0.000075,	0.000055,	0.000015,	0.007972
1227,	0.000075,	0.000055,	0.000025,	0.007980
1228,	0.000075,	0.000055,	0.000035,	0.007986
1229,	0.000075,	0.000055,	0.000045,	0.007990
1230,	0.000075,	0.000055,	0.000055,	0.007993
1231,	0.000075,	0.000055,	0.000065,	0.007996
1232,	0.000075,	0.000055,	0.000075,	0.007997
1233,	0.000075,	0.000055,	0.000085,	0.007999
1234,	0.000075,	0.000055,	0.000095,	0.008000
1237,	0.000075,	0.000065,	0.000005,	0.007971
1238,	0.000075,	0.000065,	0.000015,	0.007976
1239,	0.000075,	0.000065,	0.000025,	0.007982
1240,	0.000075,	0.000065,	0.000035,	0.007987
1241,	0.000075,	0.000065,	0.000045,	0.007991
1242,	0.000075,	0.000065,	0.000055,	0.007994
1243,	0.000075,	0.000065,	0.000065,	0.007996
1244,	0.000075,	0.000065,	0.000075,	0.007997
1245,	0.000075,	0.000065,	0.000085,	0.007999
1246,	0.000075,	0.000065,	0.000095,	0.008000
1249,	0.000075,	0.000075,	0.000005,	0.007978
1250,	0.000075,	0.000075,	0.000015,	0.007981
1251,	0.000075,	0.000075,	0.000025,	0.007985
1252,	0.000075,	0.000075,	0.000035,	0.007989
1253,	0.000075,	0.000075,	0.000045,	0.007992
1254,	0.000075,	0.000075,	0.000055,	0.007994
1255,	0.000075,	0.000075,	0.000065,	0.007996
1256,	0.000075,	0.000075,	0.000075,	0.007997
1257,	0.000075,	0.000075,	0.000085,	0.007999
1258,	0.000075,	0.000075,	0.000095,	0.008000
1261,	0.000075,	0.000085,	0.000005,	0.007983
1262,	0.000075,	0.000085,	0.000015,	0.007985
1263,	0.000075,	0.000085,	0.000025,	0.007987
1264,	0.000075,	0.000085,	0.000035,	0.007990
1265,	0.000075,	0.000085,	0.000045,	0.007992
1266,	0.000075,	0.000085,	0.000055,	0.007995
1267,	0.000075,	0.000085,	0.000065,	0.007996
1268,	0.000075,	0.000085,	0.000075,	0.007998
1269,	0.000075,	0.000085,	0.000085,	0.007999
1270,	0.000075,	0.000085,	0.000095,	0.008000
1273,	0.000075,	0.000095,	0.000005,	0.007985
1274,	0.000075,	0.000095,	0.000015,	0.007987
1275,	0.000075,	0.000095,	0.000025,	0.007989
1276,	0.000075,	0.000095,	0.000035,	0.007991
1277,	0.000075,	0.000095,	0.000045,	0.007993
1278,	0.000075,	0.000095,	0.000055,	0.007995
1279,	0.000075,	0.000095,	0.000065,	0.007996
1280,	0.000075,	0.000095,	0.000075,	0.007998
1281,	0.000075,	0.000095,	0.000085,	0.007999
1282,	0.000075,	0.000095,	0.000095,	0.008000
1309,	0.000085,	0.000005,	0.000005,	0.007987
1310,	0.000085,	0.000005,	0.000015,	0.007988
1311,	0.000085,	0.000005,	0.000025,	0.007990
1312,	0.000085,	0.000005,	0.000035,	0.007992
1313,	0.000085,	0.000005,	0.000045,	0.007993
1314,	0.000085,	0.000005,	0.000055,	0.007995
1315,	0.000085,	0.000005,	0.000065,	0.007997
1316,	0.000085,	0.000005,	0.000075,	0.007998
1317,	0.000085,	0.000005,	0.000085,	0.007999
1318,	0.000085,	0.000005,	0.000095,	0.008000
1321,	0.000085,	0.000015,	0.000005,	0.007986
1322,	0.000085,	0.000015,	0.000015,	0.007987
1323,	0.000085,	0.000015,	0.000025,	0.007989
1324,	0.000085,	0.000015,	0.000035,	0.007991
1325,	0.000085,	0.000015,	0.000045,	0.007993
1326,	0.000085,	0.000015,	0.000055,	0.007995
1327,	0.000085,	0.000015,	0.000065,	0.007996
1328,	0.000085,	0.000015,	0.000075,	0.007998
1329,	0.000085,	0.000015,	0.000085,	0.007999
1330,	0.000085,	0.000015,	0.000095,	0.008000
1333,	0.000085,	0.000025,	0.000005,	0.007984
1334,	0.000085,	0.000025,	0.000015,	0.007985
1335,	0.000085,	0.000025,	0.000025,	0.007988
1336,	0.000085,	0.000025,	0.000035,	0.007990
1337,	0.000085,	0.000025,	0.000045,	0.007993
1338,	0.000085,	0.000025,	0.000055,	0.007995
1339,	0.000085,	0.000025,	0.000065,	0.007996
1340,	0.000085,	0.000025,	0.000075,	0.007998
1341,	0.000085,	0.000025,	0.000085,	0.007999
1342,	0.000085,	0.000025,	0.000095,	0.008000
1345,	0.000085,	0.000035,	0.000005,	0.007980
1346,	0.000085,	0.000035,	0.000015,	0.007983
1347,	0.000085,	0.000035,	0.000025,	0.007986
1348,	0.000085,	0.000035,	0.000035,	0.007989
1349,	0.000085,	0.000035,	0.000045,	0.007992
1350,	0.000085,	0.000035,	0.000055,	0.007994
1351,	0.000085,	0.000035,	0.000065,	0.007996
1352,	0.000085,	0.000035,	0.000075,	0.007997
1353,	0.000085,	0.000035,	0.000085,	0.007999
1354,	0.000085,	0.000035,	0.000095,	0.008000
1357,	0.000085,	0.000045,	0.000005,	0.007978
1358,	0.000085,	0.000045,	0.000015,	0.007981
1359,	0.000085,	0.000045,	0.000025,	0.007985
1360,	0.000085,	0.000045,	0.000035,	0.007988
1361,	0.000085,	0.000045,	0.000045,	0.007992
1362,	0.000085,	0.000045,	0.000055,	0.007994
1363,	0.000085,	0.000045,	0.000065,	0.007996
1364,	0.000085,	0.000045,	0.000075,	0.007997
1365,	0.000085,	0.000045,	0.000085,	0.007999
1366,	0.000085,	0.000045,	0.000095,	0.008000
1369,	0.000085,	0.000055,	0.000005,	0.007977
1370,	0.000085,	0.000055,	0.000015,	0.007980
1371,	0.000085,	0.000055,	0.000025,	0.007984
1372,	0.000085,	0.000055,	0.000035,	0.007988
1373,	0.000085,	0.000055,	0.000045,	0.007992
1374,	0.000085,	0.000055,	0.000055,	0.007994
1375,	0.000085,	0.000055,	0.000065,	0.007996
1376,	0.000085,	0.000055,	0.000075,	0.007997
1377,	0.000085,	0.000055,	0.000085,	0.007999
1378,	0.000085,	0.000055,	0.000095,	0.008000
1381,	0.000085,	0.000065,	0.000005,	0.007980
1382,	0.000085,	0.000065,	0.000015,	0.007982
1383,	0.000085,	0.000065,	0.000025,	0.007985
1384,	0.000085,	0.000065,	0.000035,	0.007989
1385,	0.000085,	0.000065,	0.000045,	0.007992
1386,	0.000085,	0.000065,	0.000055,	0.007994
1387,	0.000085,	0.000065,	0.000065,	0.007996
1388,	0.000085,	0.000065,	0.000075,	0.007997
1389,	0.000085,	0.000065,	0.000085,	0.007999
1390,	0.000085,	0.000065,	0.000095,	0.008000
1393,	0.000085,	0.000075,	0.000005,	0.007983
1394,	0.000085,	0.000075,	0.000015,	0.007985
1395,	0.000085,	0.000075,	0.000025,	0.007987
1396,	0.000085,	0.000075,	0.000035,	0.007990
1397,	0.000085,	0.000075,	0.000045,	0.007992
1398,	0.000085,	0.000075,	0.000055,	0.007995
1399,	0.000085,	0.000075,	0.000065,	0.007996
1400,	0.000085,	0.000075,	0.000075,	0.007998
1401,	0.000085,	0.000075,	0.000085,	0.007999
1402,	0.000085,	0.000075,	0.000095,	0.008000
1405,	0.000085,	0.000085,	0.000005,	0.007986
1406,	0.000085,	0.000085,	0.000015,	0.007987
1407,	0.000085,	0.000085,	0.000025,	0.007989
1408,	0.000085,	0.000085,	0.000035,	0.007991
1409,	0.000085,	0.000085,	0.000045,	0.007993
1410,	0.000085,	0.000085,	0.000055,	0.007995
1411,	0.000085,	0.000085,	0.000065,	0.007996
1412,	0.000085,	0.000085,	0.000075,	0.007998
1413,	0.000085,	0.000085,	0.000085,	0.007999
1414,	0.000085,	0.000085,	0.000095,	0.008000
1417,	0.000085,	0.000095,	0.000005,	0.007987
1418,	0.000085,	0.000095,	0.000015,	0.007988
1419,	0.000085,	0.000095,	0.000025,	0.007990
1420,	0.000085,	0.000095,	0.000035,	0.007992
1421,	0.000085,	0.000095,	0.000045,	0.007993
1422,	0.000085,	0.000095,	0.000055,	0.007995
1423,	0.000085,	0.000095,	0.000065,	0.007997
1424,	0.000085,	0.000095,	0.000075,	0.007998
1425,	0.000085,	0.000095,	0.000085,	0.007999
1426,	0.000085,	0.000095,	0.000095,	0.008000
1453,	0.000095,	0.000005,	0.000005,	0.007988
1454,	0.000095,	0.000005,	0.000015,	0.007989
1455,	0.000095,	0.000005,	0.000025,	0.007990
1456,	0.000095,	0.000005,	0.000035,	0.007992
1457,	0.000095,	0.000005,	0.000045,	0.007994
1458,	0.000095,	0.000005,	0.000055,	0.007995
1459,	0.000095,	0.000005,	0.000065,	0.007997
1460,	0.000095,	0.000005,	0.000075,	0.007998
1461,	0.000095,	0.000005,	0.000085,	0.007999
1462,	0.000095,	0.000005,	0.000095,	0.008000
1465,	0.000095,	0.000015,	0.000005,	0.007987
1466,	0.000095,	0.000015,	0.000015,	0.007988
1467,	0.000095,	0.000015,	0.000025,	0.007990
1468,	0.000095,	0.000015,	0.000035,	0.007992
1469,	0.000095,	0.000015,	0.000045,	0.007994
1470,	0.000095,	0.000015,	0.000055,	0.007995
1471,	0.000095,	0.000015,	0.000065,	0.007997
1472,	0.000095,	0.000015,	0.000075,	0.007998
1473,	0.000095,	0.000015,	0.000085,	0.007999
1474,	0.000095,	0.000015,	0.000095,	0.008000
1477,	0.000095,	0.000025,	0.000005,	0.007986
1478,	0.000095,	0.000025,	0.000015,	0.007987
1479,	0.000095,	0.000025,	0.000025,	0.007989
1480,	0.000095,	0.000025,	0.000035,	0.007991
1481,	0.000095,	0.000025,	0.000045,	0.007993
1482,	0.000095,	0.000025,	0.000055,	0.007995
1483,	0.000095,	0.000025,	0.000065,	0.007996
1484,	0.000095,	0.000025,	0.000075,	0.007998
1485,	0.000095,	0.000025,	0.000085,	0.007999
1486,	0.000095,	0.000025,	0.000095,	0.008000
1489,	0.000095,	0.000035,	0.000005,	0.007984
1490,	0.000095,	0.000035,	0.000015,	0.007985
1491,	0.000095,	0.000035,	0.000025,	0.007988
1492,	0.000095,	0.000035,	0.000035,	0.007990
1493,	0.000095,	0.000035,	0.000045,	0.007993
1494,	0.000095,	0.000035,	0.000055,	0.007995
1495,	0.000095,	0.000035,	0.000065,	0.007996
1496,	0.000095,	0.000035,	0.000075,	0.007998
1497,	0.000095,	0.000035,	0.000085,	0.007999
1498,	0.000095,	0.000035,	0.000095,	0.008000
1501,	0.000095,	0.000045,	0.000005,	0.007982
1502,	0.000095,	0.000045,	0.000015,	0.007984
1503,	0.000095,	0.000045,	0.000025,	0.007987
1504,	0.000095,	0.000045,	0.000035,	0.007990
1505,	0.000095,	0.000045,	0.000045,	0.007992
1506,	0.000095,	0.000045,	0.000055,	0.007994
1507,	0.000095,	0.000045,	0.000065,	0.007996
1508,	0.000095,	0.000045,	0.000075,	0.007998
1509,	0.000095,	0.000045,	0.000085,	0.007999
1510,	0.000095,	0.000045,	0.000095,	0.008000
1513,	0.000095,	0.000055,	0.000005,	0.007982
1514,	0.000095,	0.000055,	0.000015,	0.007984
1515,	0.000095,	0.000055,	0.000025,	0.007987
1516,	0.000095,	0.000055,	0.000035,	0.007990
1517,	0.000095,	0.000055,	0.000045,	0.007992
1518,	0.000095,	0.000055,	0.000055,	0.007994
1519,	0.000095,	0.000055,	0.000065,	0.007996
1520,	0.000095,	0.000055,	0.000075,	0.007997
1521,	0.000095,	0.000055,	0.000085,	0.007999
1522,	0.000095,	0.000055,	0.000095,	0.008000
1525,	0.000095,	0.000065,	0.000005,	0.007983
1526,	0.000095,	0.000065,	0.000015,	0.007985
1527,	0.000095,	0.000065,	0.000025,	0.007987
1528,	0.000095,	0.000065,	0.000035,	0.007990
1529,	0.000095,	0.000065,	0.000045,	0.007992
1530,	0.000095,	0.000065,	0.000055,	0.007995
1531,	0.000095,	0.000065,	0.000065,	0.007996
1532,	0.000095,	0.000065,	0.000075,	0.007998
1533,	0.000095,	0.000065,	0.000085,	0.007999
1534,	0.000095,	0.000065,	0.000095,	0.008000
1537,	0.000095,	0.000075,	0.000005,	0.007985
1538,	0.000095,	0.000075,	0.000015,	0.007986
1539,	0.000095,	0.000075,	0.000025,	0.007988
1540,	0.000095,	0.000075,	0.000035,	0.007991
1541,	0.000095,	0.000075,	0.000045,	0.007993
1542,	0.000095,	0.000075,	0.000055,	0.007995
1543,	0.000095,	0.000075,	0.000065,	0.007996
1544,	0.000095,	0.000075,	0.000075,	0.007998
1545,	0.000095,	0.000075,	0.000085,	0.007999
1546,	0.000095,	0.000075,	0.000095,	0.008000
1549,	0.000095,	0.000085,	0.000005,	0.007987
1550,	0.000095,	0.000085,	0.000015,	0.007988
1551,	0.000095,	0.000085,	0.000025,	0.007990
1552,	0.000095,	0.000085,	0.000035,	0.007992
1553,	0.000095,	0.000085,	0.000045,	0.007993
1554,	0.000095,	0.000085,	0.000055,	0.007995
1555,	0.000095,	0.000085,	0.000065,	0.007997
1556,	0.000095,	0.000085,	0.000075,	0.007998
1557,	0.000095,	0.000085,	0.000085,	0.007999
1558,	0.000095,	0.000085,	0.000095,	0.008000
1561,	0.000095,	0.000095,	0.000005,	0.007988
1562,	0.000095,	0.000095,	0.000015,	0.007989
1563,	0.000095,	0.000095,	0.000025,	0.007990
1564,	0.000095,	0.000095,	0.000035,	0.007992
1565,	0.000095,	0.000095,	0.000045,	0.007994
1566,	0.000095,	0.000095,	0.000055,	0.007995
1567,	0.000095,	0.000095,	0.000065,	0.007997
1568,	0.000095,	0.000095,	0.000075,	0.007998
1569,	0.000095,	0.000095,	0.000085,	0.007999
1570,	0.000095,	0.000095,	0.000095,	0.008000
