 
40000     633.0406    39650 1.244328e-12  np 1
40000    625.48012    39680 1.2403054e-12  np1 
40000    626.28261    39680 1.2403054e-12  serial
40000    636.13124    39732 1.2491943e-12  serial

40000    724.19485    42132 1.3239915e-12  old-serial
40000    699.53202    42366 1.3291737e-12  old-serial
40000    704.17355    42316 1.3313144e-12  old-serial
40000    704.00287    42289 1.3289444e-12  old-serial

40000    353.01025    39775 1.2494441e-12  np 2  121
40000    355.82273    39881 1.2497525e-12  np 2  211
40000    315.93463    39782 1.2443245e-12  np 2
40000     313.6813    39700 1.2424542e-12  np 2

40000     172.4079    39677 1.2487053e-12  np 4
40000    150.58734    39355 1.2337129e-12  np 4
40000    178.80626    39970 1.2577376e-12  np 4
40000    182.86498    39598 1.2458089e-12  np 4
